py_wake/examples/data/ParqueFicticio/Ridge area   Sector 8   Height 200m   Turbulence intensity.grd
DSAA
23  33
 262878   265078
 6504214   6507414
 8.199096   100
1.70141E+38    1.70141E+38    1.70141E+38    1.70141E+38    1.70141E+38    1.70141E+38    1.70141E+38    1.70141E+38    1.70141E+38    1.70141E+38    1.70141E+38    1.70141E+38    1.70141E+38    1.70141E+38    1.70141E+38    1.70141E+38    1.70141E+38    1.70141E+38    1.70141E+38    1.70141E+38    1.70141E+38    1.70141E+38    1.70141E+38    

1.70141E+38    1.70141E+38    1.70141E+38    1.70141E+38    1.70141E+38    1.70141E+38    1.70141E+38    1.70141E+38    1.70141E+38    1.70141E+38    1.70141E+38    1.70141E+38    1.70141E+38    1.70141E+38    1.70141E+38    1.70141E+38    1.70141E+38    1.70141E+38    1.70141E+38    1.70141E+38    1.70141E+38    1.70141E+38    1.70141E+38    

1.70141E+38    1.70141E+38    1.70141E+38    1.70141E+38    1.70141E+38    1.70141E+38    1.70141E+38    1.70141E+38    1.70141E+38    1.70141E+38    1.70141E+38    1.70141E+38    1.70141E+38    1.70141E+38    1.70141E+38    1.70141E+38    1.70141E+38    1.70141E+38    1.70141E+38    1.70141E+38    1.70141E+38    1.70141E+38    1.70141E+38    

1.70141E+38    1.70141E+38    1.70141E+38    1.70141E+38    1.70141E+38    1.70141E+38    1.70141E+38    1.70141E+38    1.70141E+38    1.70141E+38    1.70141E+38    1.70141E+38    1.70141E+38    1.70141E+38    1.70141E+38    1.70141E+38    1.70141E+38    1.70141E+38    1.70141E+38    1.70141E+38    1.70141E+38    1.70141E+38    1.70141E+38    

1.70141E+38    1.70141E+38    1.70141E+38    1.70141E+38    1.70141E+38    1.70141E+38    1.70141E+38    1.70141E+38    1.70141E+38    1.70141E+38    1.70141E+38    1.70141E+38    1.70141E+38    1.70141E+38    1.70141E+38    1.70141E+38    1.70141E+38    1.70141E+38    1.70141E+38    1.70141E+38    1.70141E+38    1.70141E+38    1.70141E+38    

10.31572       10.40393       10.37843       10.22915       10.06839       9.911304       9.814366       9.661437       9.58205        9.466519       9.344258       9.311187       9.395105       9.827218       10.59316       11.32372       11.93665       12.33774       12.10855       11.21294       1.70141E+38    1.70141E+38    1.70141E+38    

10.21335       10.28077       10.30867       10.21968       10.06259       9.907354       9.714458       9.482154       9.337687       9.242476       9.161355       9.169181       9.388438       10.05688       11.01289       11.76618       12.31087       12.46374       11.70953       10.67886       1.70141E+38    1.70141E+38    1.70141E+38    

10.22221       10.15538       10.08254       10.12554       10.19485       10.18178       10.06307       9.82728        9.563209       9.331298       9.158657       9.169564       9.49639        10.27648       11.22359       11.9205        12.34539       12.17703       11.1854        10.29805       1.70141E+38    1.70141E+38    1.70141E+38    

10.31253       10.20106       10.07902       10.06107       10.13227       10.18097       10.17907       10.06742       9.880701       9.600041       9.279601       9.167378       9.557686       10.32604       11.13265       11.70197       12.08675       11.75071       10.71272       9.989478       1.70141E+38    1.70141E+38    1.70141E+38    

10.42821       10.25243       10.07516       9.97911        9.966918       9.884626       9.769725       9.578893       9.527458       9.444063       9.250565       9.127471       9.390974       9.948456       10.64559       11.23171       11.55511       11.24765       10.4048        9.752932       1.70141E+38    1.70141E+38    1.70141E+38    

10.33299       10.22095       9.946286       9.684551       9.526542       9.405015       9.256548       9.051028       8.952779       8.951564       8.933059       8.900719       9.101676       9.533539       10.2237        10.80616       10.88845       10.49388       9.93186        9.434352       1.70141E+38    1.70141E+38    1.70141E+38    

10.01368       10.13061       9.870275       9.508682       9.239471       9.052793       8.969427       8.870736       8.773675       8.715891       8.69173        8.69148        8.881874       9.326933       9.961567       10.2933        9.981518       9.566499       9.23788        9.021502       1.70141E+38    1.70141E+38    1.70141E+38    

9.51418        9.845603       9.921733       9.678195       9.443987       9.30467        9.267716       9.176808       8.999692       8.833779       8.683223       8.602362       8.72971        9.144413       9.649935       9.675778       9.202561       8.845925       8.689058       8.684044       1.70141E+38    1.70141E+38    1.70141E+38    

9.025105       9.305291       9.681697       9.718757       9.844198       9.81325        9.714543       9.662439       9.45407        9.134509       8.778258       8.55643        8.615594       8.943025       9.254781       9.107434       8.755169       8.54945        8.484091       8.556032       1.70141E+38    1.70141E+38    1.70141E+38    

8.668313       8.824115       9.121189       9.186412       9.461997       9.665379       9.539208       9.372341       9.184675       8.989393       8.697113       8.454289       8.453724       8.65807        8.826488       8.778913       8.703921       8.66021        8.681099       8.759787       1.70141E+38    1.70141E+38    1.70141E+38    

8.397577       8.424779       8.584956       8.649447       8.79966        8.98821        8.952682       8.82888        8.663196       8.536637       8.411061       8.312532       8.304299       8.419059       8.567183       8.735936       8.973565       9.141699       9.268139       9.404538       1.70141E+38    1.70141E+38    1.70141E+38    

8.200798       8.199096       8.3082         8.394588       8.421641       8.444839       8.461263       8.479525       8.434829       8.383218       8.322684       8.262523       8.286757       8.333824       8.521964       8.872022       9.44688        10.04545       10.36454       10.49545       1.70141E+38    1.70141E+38    1.70141E+38    

8.283859       8.312435       8.470745       8.624352       8.549251       8.496788       8.490979       8.510883       8.520908       8.54425        8.501748       8.374969       8.316582       8.366083       8.5755         8.973788       9.583097       10.59372       11.60971       11.90622       1.70141E+38    1.70141E+38    1.70141E+38    

8.617698       8.828961       9.153022       9.308378       9.180859       9.034955       9.006482       9.052351       9.078371       9.081054       8.858217       8.510861       8.390021       8.482802       8.770917       9.179268       9.678974       10.66086       12.36069       13.57017       1.70141E+38    1.70141E+38    1.70141E+38    

9.217151       9.562449       9.771011       9.788001       9.6755         9.507423       9.60183        9.710771       9.614496       9.224516       8.82776        8.508224       8.506096       8.710964       9.047731       9.423476       9.837482       10.67254       12.13285       14.16512       1.70141E+38    1.70141E+38    1.70141E+38    

9.457114       9.522412       9.412499       9.246461       9.183722       9.212221       9.279437       9.35046        9.244826       8.847511       8.516058       8.421082       8.582621       9.065327       9.519464       9.773409       9.963252       10.33157       11.10773       12.4013        1.70141E+38    1.70141E+38    1.70141E+38    

8.859343       8.800704       8.809899       8.784593       8.840585       8.873223       8.919888       8.817183       8.6731         8.467271       8.344309       8.39713        8.658504       9.213462       9.911655       10.56952       10.76826       10.64457       10.82596       11.62288       1.70141E+38    1.70141E+38    1.70141E+38    

8.571201       8.631179       8.811461       9.000552       9.096006       9.047937       8.886209       8.555918       8.314028       8.268023       8.366961       8.581037       8.836067       9.235397       9.78455        10.62773       12.83217       13.50842       12.1906        12.40688       1.70141E+38    1.70141E+38    1.70141E+38    

8.707504       8.899918       9.144199       9.278291       9.198657       8.969703       8.628636       8.340708       8.228925       8.295265       8.57633        9.0115         9.308516       9.548688       9.859728       10.13284       11.60772       100            16.32155       18.51339       1.70141E+38    1.70141E+38    1.70141E+38    

9.106098       9.194138       9.2105         9.015322       8.745588       8.477514       8.263194       8.21503        8.307615       8.521321       8.899946       9.566537       10.1566        10.62632       11.14285       10.64422       10.59973       12.9755        66.04208       11.64657       1.70141E+38    1.70141E+38    1.70141E+38    

1.70141E+38    1.70141E+38    1.70141E+38    1.70141E+38    1.70141E+38    1.70141E+38    1.70141E+38    1.70141E+38    1.70141E+38    1.70141E+38    1.70141E+38    1.70141E+38    1.70141E+38    1.70141E+38    1.70141E+38    1.70141E+38    1.70141E+38    1.70141E+38    1.70141E+38    1.70141E+38    1.70141E+38    1.70141E+38    1.70141E+38    

1.70141E+38    1.70141E+38    1.70141E+38    1.70141E+38    1.70141E+38    1.70141E+38    1.70141E+38    1.70141E+38    1.70141E+38    1.70141E+38    1.70141E+38    1.70141E+38    1.70141E+38    1.70141E+38    1.70141E+38    1.70141E+38    1.70141E+38    1.70141E+38    1.70141E+38    1.70141E+38    1.70141E+38    1.70141E+38    1.70141E+38    

1.70141E+38    1.70141E+38    1.70141E+38    1.70141E+38    1.70141E+38    1.70141E+38    1.70141E+38    1.70141E+38    1.70141E+38    1.70141E+38    1.70141E+38    1.70141E+38    1.70141E+38    1.70141E+38    1.70141E+38    1.70141E+38    1.70141E+38    1.70141E+38    1.70141E+38    1.70141E+38    1.70141E+38    1.70141E+38    1.70141E+38    

1.70141E+38    1.70141E+38    1.70141E+38    1.70141E+38    1.70141E+38    1.70141E+38    1.70141E+38    1.70141E+38    1.70141E+38    1.70141E+38    1.70141E+38    1.70141E+38    1.70141E+38    1.70141E+38    1.70141E+38    1.70141E+38    1.70141E+38    1.70141E+38    1.70141E+38    1.70141E+38    1.70141E+38    1.70141E+38    1.70141E+38    

1.70141E+38    1.70141E+38    1.70141E+38    1.70141E+38    1.70141E+38    1.70141E+38    1.70141E+38    1.70141E+38    1.70141E+38    1.70141E+38    1.70141E+38    1.70141E+38    1.70141E+38    1.70141E+38    1.70141E+38    1.70141E+38    1.70141E+38    1.70141E+38    1.70141E+38    1.70141E+38    1.70141E+38    1.70141E+38    1.70141E+38    

1.70141E+38    1.70141E+38    1.70141E+38    1.70141E+38    1.70141E+38    1.70141E+38    1.70141E+38    1.70141E+38    1.70141E+38    1.70141E+38    1.70141E+38    1.70141E+38    1.70141E+38    1.70141E+38    1.70141E+38    1.70141E+38    1.70141E+38    1.70141E+38    1.70141E+38    1.70141E+38    1.70141E+38    1.70141E+38    1.70141E+38    

1.70141E+38    1.70141E+38    1.70141E+38    1.70141E+38    1.70141E+38    1.70141E+38    1.70141E+38    1.70141E+38    1.70141E+38    1.70141E+38    1.70141E+38    1.70141E+38    1.70141E+38    1.70141E+38    1.70141E+38    1.70141E+38    1.70141E+38    1.70141E+38    1.70141E+38    1.70141E+38    1.70141E+38    1.70141E+38    1.70141E+38    

1.70141E+38    1.70141E+38    1.70141E+38    1.70141E+38    1.70141E+38    1.70141E+38    1.70141E+38    1.70141E+38    1.70141E+38    1.70141E+38    1.70141E+38    1.70141E+38    1.70141E+38    1.70141E+38    1.70141E+38    1.70141E+38    1.70141E+38    1.70141E+38    1.70141E+38    1.70141E+38    1.70141E+38    1.70141E+38    1.70141E+38    

