py_wake/examples/data/ParqueFicticio/Ridge area   Sector 2   Height 30m   Weibull-k.grd
DSAA
23  33
 262878   265078
 6504214   6507414
 1.111328   2.259766
1.70141E+38    1.70141E+38    1.70141E+38    1.70141E+38    1.70141E+38    1.70141E+38    1.70141E+38    1.70141E+38    1.70141E+38    1.70141E+38    1.70141E+38    1.70141E+38    1.70141E+38    1.70141E+38    1.70141E+38    1.70141E+38    1.70141E+38    1.70141E+38    1.70141E+38    1.70141E+38    1.70141E+38    1.70141E+38    1.70141E+38    

1.70141E+38    1.70141E+38    1.70141E+38    1.70141E+38    1.70141E+38    1.70141E+38    1.70141E+38    1.70141E+38    1.70141E+38    1.70141E+38    1.70141E+38    1.70141E+38    1.70141E+38    1.70141E+38    1.70141E+38    1.70141E+38    1.70141E+38    1.70141E+38    1.70141E+38    1.70141E+38    1.70141E+38    1.70141E+38    1.70141E+38    

1.70141E+38    1.70141E+38    1.70141E+38    1.70141E+38    1.70141E+38    1.70141E+38    1.70141E+38    1.70141E+38    1.70141E+38    1.70141E+38    1.70141E+38    1.70141E+38    1.70141E+38    1.70141E+38    1.70141E+38    1.70141E+38    1.70141E+38    1.70141E+38    1.70141E+38    1.70141E+38    1.70141E+38    1.70141E+38    1.70141E+38    

1.70141E+38    1.70141E+38    1.70141E+38    1.70141E+38    1.70141E+38    1.70141E+38    1.70141E+38    1.70141E+38    1.70141E+38    1.70141E+38    1.70141E+38    1.70141E+38    1.70141E+38    1.70141E+38    1.70141E+38    1.70141E+38    1.70141E+38    1.70141E+38    1.70141E+38    1.70141E+38    1.70141E+38    1.70141E+38    1.70141E+38    

1.70141E+38    1.70141E+38    1.70141E+38    1.70141E+38    1.70141E+38    1.70141E+38    1.70141E+38    1.70141E+38    1.70141E+38    1.70141E+38    1.70141E+38    1.70141E+38    1.70141E+38    1.70141E+38    1.70141E+38    1.70141E+38    1.70141E+38    1.70141E+38    1.70141E+38    1.70141E+38    1.70141E+38    1.70141E+38    1.70141E+38    

2.103516       2.068359       2.037109       2.060547       2.123047       2.134766       2.111328       2.107422       2.107422       2.021484       1.978516       1.955078       1.935547       1.927734       1.404297       1.658203       1.689453       1.548828       1.310547       2.107422       1.70141E+38    1.70141E+38    1.70141E+38    

2.123047       2.099609       2.068359       2.052734       2.083984       2.119141       2.115234       2.107422       2.107422       2.060547       1.974609       1.958984       1.939453       1.865234       1.587891       1.677734       1.607422       2.107422       2.107422       1.927734       1.70141E+38    1.70141E+38    1.70141E+38    

2.126953       2.119141       2.111328       2.103516       2.103516       2.107422       2.107422       2.107422       2.041016       1.994141       1.970703       1.962891       1.935547       1.771484       1.603516       1.650391       2.107422       2.107422       1.947266       1.833984       1.70141E+38    1.70141E+38    1.70141E+38    

2.123047       2.111328       2.111328       2.107422       2.107422       2.107422       2.107422       2.060547       2.033203       1.994141       1.974609       1.966797       1.935547       1.712891       1.505859       1.712891       2.107422       2.107422       1.771484       1.853516       1.70141E+38    1.70141E+38    1.70141E+38    

2.111328       2.111328       2.103516       2.103516       2.103516       2.107422       2.107422       2.107422       2.072266       2.017578       1.982422       1.974609       1.955078       1.740234       1.298828       1.783203       1.529297       2.107422       1.666016       1.880859       1.70141E+38    1.70141E+38    1.70141E+38    

2.060547       2.099609       2.087891       2.103516       2.126953       2.138672       2.130859       2.107422       2.107422       2.095703       2.021484       2.001953       1.998047       1.912109       1.111328       1.783203       1.783203       2.107422       1.771484       1.927734       1.70141E+38    1.70141E+38    1.70141E+38    

1.978516       1.869141       2.037109       2.087891       2.138672       2.166016       2.162109       2.107422       2.107422       2.107422       2.064453       2.025391       2.025391       2.044922       2.107422       1.783203       1.455078       2.103516       1.986328       1.974609       1.70141E+38    1.70141E+38    1.70141E+38    

1.927734       1.740234       1.794922       1.912109       1.974609       1.916016       1.873047       1.951172       2.029297       2.064453       2.052734       2.029297       2.033203       2.060547       1.947266       1.587891       1.849609       2.025391       2.009766       2.005859       1.70141E+38    1.70141E+38    1.70141E+38    

2.107422       2.009766       1.869141       1.615234       1.642578       1.392578       1.830078       1.857422       2.001953       2.041016       2.029297       2.017578       2.021484       2.041016       1.927734       1.876953       2.017578       2.044922       2.087891       2.154297       1.70141E+38    1.70141E+38    1.70141E+38    

2.107422       2.134766       2.162109       2.044922       1.681641       1.990234       1.947266       1.990234       2.072266       2.064453       2.025391       2.005859       2.009766       2.009766       1.966797       1.962891       2.001953       2.029297       2.107422       2.193359       1.70141E+38    1.70141E+38    1.70141E+38    

2.134766       2.162109       2.201172       2.228516       2.240234       2.224609       2.177734       2.142578       2.111328       2.083984       2.033203       2.009766       2.009766       1.998047       1.970703       1.966797       1.982422       1.998047       2.041016       2.158203       1.70141E+38    1.70141E+38    1.70141E+38    

2.162109       2.173828       2.177734       2.193359       2.248047       2.259766       2.220703       2.177734       2.076172       2.037109       2.025391       2.009766       2.001953       1.990234       1.974609       1.951172       1.912109       1.912109       1.958984       2.025391       1.70141E+38    1.70141E+38    1.70141E+38    

2.052734       2.138672       2.150391       2.119141       2.177734       2.212891       2.193359       2.072266       1.990234       2.013672       2.017578       2.001953       1.994141       1.982422       1.990234       1.990234       1.623047       1.580078       1.916016       1.720703       1.70141E+38    1.70141E+38    1.70141E+38    

1.935547       2.060547       2.107422       2.099609       2.107422       2.130859       2.119141       1.857422       1.880859       2.072266       2.037109       1.982422       1.970703       1.982422       2.001953       2.021484       1.455078       1.642578       1.830078       1.896484       1.70141E+38    1.70141E+38    1.70141E+38    

1.873047       2.107422       2.107422       2.107422       2.107422       2.107422       2.044922       1.896484       2.166016       2.126953       2.009766       1.958984       1.951172       1.978516       2.033203       2.083984       2.044922       1.552734       1.935547       1.869141       1.70141E+38    1.70141E+38    1.70141E+38    

1.873047       2.107422       2.107422       2.107422       2.107422       2.107422       2.091797       2.107422       2.107422       1.896484       1.982422       1.958984       1.951172       1.966797       2.009766       2.091797       2.107422       2.107422       2.021484       1.974609       1.70141E+38    1.70141E+38    1.70141E+38    

2.099609       2.083984       2.076172       2.080078       2.091797       2.134766       2.130859       2.107422       1.939453       1.970703       1.970703       1.974609       1.974609       1.970703       1.978516       1.982422       2.021484       2.087891       2.107422       2.107422       1.70141E+38    1.70141E+38    1.70141E+38    

2.025391       1.994141       1.974609       1.919922       1.837891       1.853516       2.052734       2.009766       1.982422       1.966797       1.958984       1.978516       2.017578       2.087891       2.080078       1.998047       1.908203       1.892578       1.986328       2.064453       1.70141E+38    1.70141E+38    1.70141E+38    

1.986328       2.005859       1.994141       1.615234       1.150391       1.271484       1.951172       1.974609       1.958984       1.955078       1.958984       1.978516       2.021484       2.107422       2.107422       2.107422       2.095703       1.919922       1.791016       1.892578       1.70141E+38    1.70141E+38    1.70141E+38    

1.951172       2.087891       2.119141       2.095703       2.099609       2.013672       1.974609       1.955078       1.947266       1.951172       1.955078       1.970703       1.998047       2.044922       2.107422       2.107422       2.107422       2.107422       2.029297       1.888672       1.70141E+38    1.70141E+38    1.70141E+38    

1.70141E+38    1.70141E+38    1.70141E+38    1.70141E+38    1.70141E+38    1.70141E+38    1.70141E+38    1.70141E+38    1.70141E+38    1.70141E+38    1.70141E+38    1.70141E+38    1.70141E+38    1.70141E+38    1.70141E+38    1.70141E+38    1.70141E+38    1.70141E+38    1.70141E+38    1.70141E+38    1.70141E+38    1.70141E+38    1.70141E+38    

1.70141E+38    1.70141E+38    1.70141E+38    1.70141E+38    1.70141E+38    1.70141E+38    1.70141E+38    1.70141E+38    1.70141E+38    1.70141E+38    1.70141E+38    1.70141E+38    1.70141E+38    1.70141E+38    1.70141E+38    1.70141E+38    1.70141E+38    1.70141E+38    1.70141E+38    1.70141E+38    1.70141E+38    1.70141E+38    1.70141E+38    

1.70141E+38    1.70141E+38    1.70141E+38    1.70141E+38    1.70141E+38    1.70141E+38    1.70141E+38    1.70141E+38    1.70141E+38    1.70141E+38    1.70141E+38    1.70141E+38    1.70141E+38    1.70141E+38    1.70141E+38    1.70141E+38    1.70141E+38    1.70141E+38    1.70141E+38    1.70141E+38    1.70141E+38    1.70141E+38    1.70141E+38    

1.70141E+38    1.70141E+38    1.70141E+38    1.70141E+38    1.70141E+38    1.70141E+38    1.70141E+38    1.70141E+38    1.70141E+38    1.70141E+38    1.70141E+38    1.70141E+38    1.70141E+38    1.70141E+38    1.70141E+38    1.70141E+38    1.70141E+38    1.70141E+38    1.70141E+38    1.70141E+38    1.70141E+38    1.70141E+38    1.70141E+38    

1.70141E+38    1.70141E+38    1.70141E+38    1.70141E+38    1.70141E+38    1.70141E+38    1.70141E+38    1.70141E+38    1.70141E+38    1.70141E+38    1.70141E+38    1.70141E+38    1.70141E+38    1.70141E+38    1.70141E+38    1.70141E+38    1.70141E+38    1.70141E+38    1.70141E+38    1.70141E+38    1.70141E+38    1.70141E+38    1.70141E+38    

1.70141E+38    1.70141E+38    1.70141E+38    1.70141E+38    1.70141E+38    1.70141E+38    1.70141E+38    1.70141E+38    1.70141E+38    1.70141E+38    1.70141E+38    1.70141E+38    1.70141E+38    1.70141E+38    1.70141E+38    1.70141E+38    1.70141E+38    1.70141E+38    1.70141E+38    1.70141E+38    1.70141E+38    1.70141E+38    1.70141E+38    

1.70141E+38    1.70141E+38    1.70141E+38    1.70141E+38    1.70141E+38    1.70141E+38    1.70141E+38    1.70141E+38    1.70141E+38    1.70141E+38    1.70141E+38    1.70141E+38    1.70141E+38    1.70141E+38    1.70141E+38    1.70141E+38    1.70141E+38    1.70141E+38    1.70141E+38    1.70141E+38    1.70141E+38    1.70141E+38    1.70141E+38    

1.70141E+38    1.70141E+38    1.70141E+38    1.70141E+38    1.70141E+38    1.70141E+38    1.70141E+38    1.70141E+38    1.70141E+38    1.70141E+38    1.70141E+38    1.70141E+38    1.70141E+38    1.70141E+38    1.70141E+38    1.70141E+38    1.70141E+38    1.70141E+38    1.70141E+38    1.70141E+38    1.70141E+38    1.70141E+38    1.70141E+38    

