py_wake/examples/data/ParqueFicticio/Ridge area   Sector 5   Height 200m   Mean speed.grd
DSAA
23  33
 262878   265078
 6504214   6507414
 8.492509   11.77536
1.70141E+38    1.70141E+38    1.70141E+38    1.70141E+38    1.70141E+38    1.70141E+38    1.70141E+38    1.70141E+38    1.70141E+38    1.70141E+38    1.70141E+38    1.70141E+38    1.70141E+38    1.70141E+38    1.70141E+38    1.70141E+38    1.70141E+38    1.70141E+38    1.70141E+38    1.70141E+38    1.70141E+38    1.70141E+38    1.70141E+38    

1.70141E+38    1.70141E+38    1.70141E+38    1.70141E+38    1.70141E+38    1.70141E+38    1.70141E+38    1.70141E+38    1.70141E+38    1.70141E+38    1.70141E+38    1.70141E+38    1.70141E+38    1.70141E+38    1.70141E+38    1.70141E+38    1.70141E+38    1.70141E+38    1.70141E+38    1.70141E+38    1.70141E+38    1.70141E+38    1.70141E+38    

1.70141E+38    1.70141E+38    1.70141E+38    1.70141E+38    1.70141E+38    1.70141E+38    1.70141E+38    1.70141E+38    1.70141E+38    1.70141E+38    1.70141E+38    1.70141E+38    1.70141E+38    1.70141E+38    1.70141E+38    1.70141E+38    1.70141E+38    1.70141E+38    1.70141E+38    1.70141E+38    1.70141E+38    1.70141E+38    1.70141E+38    

1.70141E+38    1.70141E+38    1.70141E+38    1.70141E+38    1.70141E+38    1.70141E+38    1.70141E+38    1.70141E+38    1.70141E+38    1.70141E+38    1.70141E+38    1.70141E+38    1.70141E+38    1.70141E+38    1.70141E+38    1.70141E+38    1.70141E+38    1.70141E+38    1.70141E+38    1.70141E+38    1.70141E+38    1.70141E+38    1.70141E+38    

1.70141E+38    1.70141E+38    1.70141E+38    1.70141E+38    1.70141E+38    1.70141E+38    1.70141E+38    1.70141E+38    1.70141E+38    1.70141E+38    1.70141E+38    1.70141E+38    1.70141E+38    1.70141E+38    1.70141E+38    1.70141E+38    1.70141E+38    1.70141E+38    1.70141E+38    1.70141E+38    1.70141E+38    1.70141E+38    1.70141E+38    

9.360826       9.504703       9.696205       9.947872       10.22195       10.49224       10.72231       10.93067       11.08372       11.19421       11.19233       11.05398       10.79463       10.35748       9.785215       9.293345       8.954383       8.81913        8.957372       9.261169       1.70141E+38    1.70141E+38    1.70141E+38    

9.334649       9.463069       9.600075       9.791463       10.04828       10.33475       10.64029       10.92687       11.1646        11.3291        11.36857       11.23861       10.912         10.32795       9.629414       9.117174       8.83235        8.840325       9.176867       9.514648       1.70141E+38    1.70141E+38    1.70141E+38    

9.231019       9.419372       9.605024       9.725228       9.857858       10.07091       10.34871       10.68621       11.03584       11.31704       11.44969       11.35842       11.00104       10.33308       9.585424       9.059799       8.816605       8.975051       9.430004       9.72866        1.70141E+38    1.70141E+38    1.70141E+38    

9.084022       9.278425       9.511143       9.685698       9.829752       10.01261       10.23314       10.51645       10.8499        11.20518       11.45691       11.44036       11.09916       10.42015       9.69136        9.193966       8.938105       9.162141       9.666479       9.924588       1.70141E+38    1.70141E+38    1.70141E+38    

8.956696       9.118951       9.379313       9.620192       9.828496       10.09011       10.39268       10.72107       10.99307       11.25732       11.4917        11.51254       11.23491       10.66856       9.995036       9.484743       9.248309       9.427628       9.846782       10.08781       1.70141E+38    1.70141E+38    1.70141E+38    

8.963017       8.963837       9.238091       9.578257       9.874326       10.17186       10.52569       10.9153        11.23164       11.46064       11.62146       11.62324       11.38208       10.89479       10.25002       9.760075       9.657379       9.849486       10.10509       10.26808       1.70141E+38    1.70141E+38    1.70141E+38    

9.125953       8.837009       9.005569       9.4162         9.80409        10.16172       10.50071       10.89698       11.25742       11.53814       11.71557       11.72541       11.50563       11.0177        10.3853        10.023         10.13074       10.33197       10.46228       10.4963        1.70141E+38    1.70141E+38    1.70141E+38    

9.476794       8.989164       8.771842       9.061191       9.465382       9.846318       10.19092       10.61022       11.06178       11.44486       11.70935       11.77536       11.59311       11.11544       10.49992       10.26943       10.47554       10.67025       10.74694       10.71543       1.70141E+38    1.70141E+38    1.70141E+38    

9.839122       9.464355       9.009501       9.001397       9.124746       9.46701        9.867931       10.25409       10.72864       11.22297       11.62285       11.77483       11.64733       11.21406       10.65175       10.48709       10.63565       10.78286       10.8565        10.84018       1.70141E+38    1.70141E+38    1.70141E+38    

10.06652       9.869484       9.541462       9.488752       9.398532       9.514325       9.89761        10.30489       10.72809       11.15111       11.55657       11.76414       11.70264       11.36443       10.88394       10.6331        10.59411       10.6718        10.75497       10.79144       1.70141E+38    1.70141E+38    1.70141E+38    

10.17          10.13384       9.96641        9.933097       9.90266        9.909492       10.15593       10.50402       10.88888       11.24948       11.57331       11.76479       11.75443       11.51557       11.09741       10.67945       10.38886       10.3477        10.43079       10.50346       1.70141E+38    1.70141E+38    1.70141E+38    

10.15857       10.21951       10.15003       10.12079       10.18          10.26344       10.41187       10.62832       10.92234       11.23523       11.53557       11.73962       11.76673       11.60274       11.22778       10.67943       10.10772       9.850507       9.912904       10.0409        1.70141E+38    1.70141E+38    1.70141E+38    

9.915612       10.04356       9.997261       9.935577       10.06773       10.19819       10.35949       10.55789       10.80502       11.07356       11.38488       11.64981       11.73042       11.61911       11.30265       10.76853       10.14548       9.637677       9.467663       9.56012        1.70141E+38    1.70141E+38    1.70141E+38    

9.484948       9.577782       9.482248       9.423997       9.605276       9.829382       10.0389        10.22568       10.46053       10.73742       11.13885       11.51039       11.641         11.56663       11.28546       10.8069        10.26055       9.719008       9.293479       9.179021       1.70141E+38    1.70141E+38    1.70141E+38    

8.922823       8.994924       9.047713       9.093725       9.255976       9.530749       9.692733       9.859433       10.15985       10.61085       11.05997       11.41142       11.52238       11.44303       11.19552       10.81069       10.35785       9.874026       9.448804       9.110465       1.70141E+38    1.70141E+38    1.70141E+38    

8.777191       9.029117       9.29888        9.511321       9.625217       9.729088       9.878166       10.04382       10.31186       10.74568       11.14496       11.38617       11.4419        11.2726        10.99083       10.72168       10.43428       10.12407       9.802124       9.459073       1.70141E+38    1.70141E+38    1.70141E+38    

9.147552       9.437567       9.607813       9.752252       9.825532       9.936301       10.07241       10.30002       10.55783       10.88539       11.18126       11.36587       11.40828       11.23816       10.86549       10.53607       10.30912       10.13454       9.970304       9.732131       1.70141E+38    1.70141E+38    1.70141E+38    

9.238917       9.430493       9.493073       9.530841       9.611087       9.765589       9.998297       10.36639       10.703         10.94544       11.12804       11.265         11.34871       11.28654       11.03304       10.6524        10.25276       9.958139       9.818977       9.704141       1.70141E+38    1.70141E+38    1.70141E+38    

8.991262       9.092614       9.140435       9.243532       9.43545        9.686534       10.03272       10.40618       10.69951       10.89683       10.99335       11.04621       11.16014       11.20932       11.10438       10.91499       10.59375       10.11249       9.706712       9.484495       1.70141E+38    1.70141E+38    1.70141E+38    

8.492509       8.697708       8.92817        9.245339       9.576958       9.912108       10.23028       10.45274       10.61824       10.74954       10.81394       10.77628       10.84033       10.94156       10.93289       10.93892       10.83893       10.55093       10.09816       9.656605       1.70141E+38    1.70141E+38    1.70141E+38    

1.70141E+38    1.70141E+38    1.70141E+38    1.70141E+38    1.70141E+38    1.70141E+38    1.70141E+38    1.70141E+38    1.70141E+38    1.70141E+38    1.70141E+38    1.70141E+38    1.70141E+38    1.70141E+38    1.70141E+38    1.70141E+38    1.70141E+38    1.70141E+38    1.70141E+38    1.70141E+38    1.70141E+38    1.70141E+38    1.70141E+38    

1.70141E+38    1.70141E+38    1.70141E+38    1.70141E+38    1.70141E+38    1.70141E+38    1.70141E+38    1.70141E+38    1.70141E+38    1.70141E+38    1.70141E+38    1.70141E+38    1.70141E+38    1.70141E+38    1.70141E+38    1.70141E+38    1.70141E+38    1.70141E+38    1.70141E+38    1.70141E+38    1.70141E+38    1.70141E+38    1.70141E+38    

1.70141E+38    1.70141E+38    1.70141E+38    1.70141E+38    1.70141E+38    1.70141E+38    1.70141E+38    1.70141E+38    1.70141E+38    1.70141E+38    1.70141E+38    1.70141E+38    1.70141E+38    1.70141E+38    1.70141E+38    1.70141E+38    1.70141E+38    1.70141E+38    1.70141E+38    1.70141E+38    1.70141E+38    1.70141E+38    1.70141E+38    

1.70141E+38    1.70141E+38    1.70141E+38    1.70141E+38    1.70141E+38    1.70141E+38    1.70141E+38    1.70141E+38    1.70141E+38    1.70141E+38    1.70141E+38    1.70141E+38    1.70141E+38    1.70141E+38    1.70141E+38    1.70141E+38    1.70141E+38    1.70141E+38    1.70141E+38    1.70141E+38    1.70141E+38    1.70141E+38    1.70141E+38    

1.70141E+38    1.70141E+38    1.70141E+38    1.70141E+38    1.70141E+38    1.70141E+38    1.70141E+38    1.70141E+38    1.70141E+38    1.70141E+38    1.70141E+38    1.70141E+38    1.70141E+38    1.70141E+38    1.70141E+38    1.70141E+38    1.70141E+38    1.70141E+38    1.70141E+38    1.70141E+38    1.70141E+38    1.70141E+38    1.70141E+38    

1.70141E+38    1.70141E+38    1.70141E+38    1.70141E+38    1.70141E+38    1.70141E+38    1.70141E+38    1.70141E+38    1.70141E+38    1.70141E+38    1.70141E+38    1.70141E+38    1.70141E+38    1.70141E+38    1.70141E+38    1.70141E+38    1.70141E+38    1.70141E+38    1.70141E+38    1.70141E+38    1.70141E+38    1.70141E+38    1.70141E+38    

1.70141E+38    1.70141E+38    1.70141E+38    1.70141E+38    1.70141E+38    1.70141E+38    1.70141E+38    1.70141E+38    1.70141E+38    1.70141E+38    1.70141E+38    1.70141E+38    1.70141E+38    1.70141E+38    1.70141E+38    1.70141E+38    1.70141E+38    1.70141E+38    1.70141E+38    1.70141E+38    1.70141E+38    1.70141E+38    1.70141E+38    

1.70141E+38    1.70141E+38    1.70141E+38    1.70141E+38    1.70141E+38    1.70141E+38    1.70141E+38    1.70141E+38    1.70141E+38    1.70141E+38    1.70141E+38    1.70141E+38    1.70141E+38    1.70141E+38    1.70141E+38    1.70141E+38    1.70141E+38    1.70141E+38    1.70141E+38    1.70141E+38    1.70141E+38    1.70141E+38    1.70141E+38    

