py_wake/examples/data/ParqueFicticio/Ridge area   Sector 8   Height 30m   Orographic turn.grd
DSAA
23  33
 262878   265078
 6504214   6507414
-152.6105   55.1046
1.70141E+38    1.70141E+38    1.70141E+38    1.70141E+38    1.70141E+38    1.70141E+38    1.70141E+38    1.70141E+38    1.70141E+38    1.70141E+38    1.70141E+38    1.70141E+38    1.70141E+38    1.70141E+38    1.70141E+38    1.70141E+38    1.70141E+38    1.70141E+38    1.70141E+38    1.70141E+38    1.70141E+38    1.70141E+38    1.70141E+38    

1.70141E+38    1.70141E+38    1.70141E+38    1.70141E+38    1.70141E+38    1.70141E+38    1.70141E+38    1.70141E+38    1.70141E+38    1.70141E+38    1.70141E+38    1.70141E+38    1.70141E+38    1.70141E+38    1.70141E+38    1.70141E+38    1.70141E+38    1.70141E+38    1.70141E+38    1.70141E+38    1.70141E+38    1.70141E+38    1.70141E+38    

1.70141E+38    1.70141E+38    1.70141E+38    1.70141E+38    1.70141E+38    1.70141E+38    1.70141E+38    1.70141E+38    1.70141E+38    1.70141E+38    1.70141E+38    1.70141E+38    1.70141E+38    1.70141E+38    1.70141E+38    1.70141E+38    1.70141E+38    1.70141E+38    1.70141E+38    1.70141E+38    1.70141E+38    1.70141E+38    1.70141E+38    

1.70141E+38    1.70141E+38    1.70141E+38    1.70141E+38    1.70141E+38    1.70141E+38    1.70141E+38    1.70141E+38    1.70141E+38    1.70141E+38    1.70141E+38    1.70141E+38    1.70141E+38    1.70141E+38    1.70141E+38    1.70141E+38    1.70141E+38    1.70141E+38    1.70141E+38    1.70141E+38    1.70141E+38    1.70141E+38    1.70141E+38    

1.70141E+38    1.70141E+38    1.70141E+38    1.70141E+38    1.70141E+38    1.70141E+38    1.70141E+38    1.70141E+38    1.70141E+38    1.70141E+38    1.70141E+38    1.70141E+38    1.70141E+38    1.70141E+38    1.70141E+38    1.70141E+38    1.70141E+38    1.70141E+38    1.70141E+38    1.70141E+38    1.70141E+38    1.70141E+38    1.70141E+38    

-4.082722      -4.102667      -5.134509      -5.775421      -5.693197      -5.325974      -4.864894      -1.93511       1.788831       5.714299       8.641142       11.04586       11.88361       9.953033       1.904558       -16.72291      -29.36618      -34.79948      -23.28129      -3.078816      1.70141E+38    1.70141E+38    1.70141E+38    

-5.573184      -5.082487      -3.336815      -1.907919      -1.416448      -1.538815      -1.571464      -.7067284      .8169341       4.202021       8.400449       10.6946        10.0722        6.792403       -17.53364      -35.02302      -39.84949      -35.03362      -13.47274      3.111983       1.70141E+38    1.70141E+38    1.70141E+38    

-5.397902      -5.746847      -4.303382      -1.704518      .8950997       2.975174       4.503738       5.620506       6.121314       7.313787       10.19039       12.02638       9.349034       -.4224598      -38.13803      -44.26834      -40.78789      -28.02888      -5.081009      7.900084       1.70141E+38    1.70141E+38    1.70141E+38    

-3.762868      -4.039186      -3.247662      -2.956112      -1.697034      1.582401       5.647397       10.44326       12.74245       12.72455       13.12693       13.52631       9.767078       -6.874578      -39.96429      -42.63824      -38.12986      -20.59285      -.1609935      9.859654       1.70141E+38    1.70141E+38    1.70141E+38    

-1.69372       -3.125175      -3.601568      -3.482692      -3.202389      -2.021163      -.3099673      4.462464       9.254295       12.10811       14.09665       14.69614       10.12012       -1.045115      -27.57758      -38.93295      -35.71964      -15.59516      3.031758       11.09446       1.70141E+38    1.70141E+38    1.70141E+38    

.5093154       -1.735687      -3.945806      -5.164343      -5.618133      -4.679223      -4.017825      -1.459145      1.816453       5.242922       8.856327       11.32207       8.149488       -.7460217      -26.17587      -40.81813      -34.863        -11.77199      4.180131       10.2828        1.70141E+38    1.70141E+38    1.70141E+38    

2.537139       .8025197       -1.656079      -3.019993      -3.833562      -3.976794      -2.915538      -1.146058      .7215933       2.276437       5.459243       8.746168       6.696558       -3.158487      -29.1466       -39.46515      -27.65551      -7.97938       3.163732       6.951198       1.70141E+38    1.70141E+38    1.70141E+38    

1.500726       2.041137       2.629894       3.581762       3.15921        2.909166       2.604809       3.753709       4.806353       5.284507       6.811145       9.02375        6.893208       -3.403808      -26.64407      -30.93214      -17.66157      -5.70302       -.1921463      1.925412       1.70141E+38    1.70141E+38    1.70141E+38    

-1.984315      -1.048069      .8889375       6.59323        8.730529       9.13343        10.1537        12.34923       13.33729       11.15393       9.964182       10.7585        8.128728       -1.609843      -18.40512      -17.92946      -9.842171      -5.183819      -3.427445      -3.530712      1.70141E+38    1.70141E+38    1.70141E+38    

-4.039007      -4.338537      -4.416388      .5419379       3.753861       5.440849       6.37881        6.966389       8.748205       10.01691       10.03925       10.59869       8.266295       2.435437       -6.772699      -7.409928      -6.665311      -4.946826      -4.986197      -6.948196      1.70141E+38    1.70141E+38    1.70141E+38    

-5.387107      -6.319672      -7.443129      -6.187904      -4.952743      -2.555023      -.2280243      .4198752       1.443401       2.668664       5.161211       7.594511       6.883381       4.228193       .0244791       -4.065495      -6.632163      -5.215677      -4.453168      -6.415833      1.70141E+38    1.70141E+38    1.70141E+38    

-5.989424      -6.751962      -8.677691      -9.182421      -8.976191      -7.467127      -4.502356      -2.093086      .362533        2.087176       4.175942       6.871853       7.219693       5.754646       2.611439       -3.672886      -8.331982      -6.140875      -1.636337      -1.442309      1.70141E+38    1.70141E+38    1.70141E+38    

-2.106974      -3.86426       -7.195874      -7.592269      -5.369942      -3.964558      -2.134953      -.2456685      2.425553       4.822903       6.965108       8.895386       9.18987        8.017543       3.65359        -3.973994      -9.36838       -11.46663      -7.443226      -1.327773      1.70141E+38    1.70141E+38    1.70141E+38    

2.19049        2.212228       6.438887       25.04917       18.57821       12.53692       9.685394       10.92223       15.75419       21.76518       16.53734       13.00193       11.68757       9.469139       4.986917       -4.525829      -11.78876      -14.79196      -21.27251      -14.42277      1.70141E+38    1.70141E+38    1.70141E+38    

10.1247        23.40175       39.99376       50.06747       55.1046        48.86511       47.62769       48.34582       46.83236       30.65686       18.82301       14.75114       13.99222       11.71655       6.067924       -3.931844      -14.23297      -18.30053      -19.95659      -19.63803      1.70141E+38    1.70141E+38    1.70141E+38    

11.90552       15.03758       11.79323       11.32538       14.79153       21.37086       24.05922       24.75411       20.84534       13.50221       11.3289        12.97851       14.17323       11.90322       -1.548753      -10.55771      -13.45873      -17.32299      -15.99235      -13.94999      1.70141E+38    1.70141E+38    1.70141E+38    

-.716521       -.141507       -.5584         .0388324       .002087323     2.431532       4.995011       6.566931       7.742838       7.706498       8.657767       10.25083       11.9418        6.272531       -24.49224      -32.36891      -17.99343      -15.52872      -16.08114      -15.28981      1.70141E+38    1.70141E+38    1.70141E+38    

-1.265248      .636876        1.012201       1.716302       2.957884       5.237118       6.697641       5.787877       5.430498       6.507653       9.128768       11.07652       11.31713       7.770367       -2.027217      -22.90996      -31.07553      -17.56791      -14.91611      -15.62896      1.70141E+38    1.70141E+38    1.70141E+38    

1.362899       2.633996       3.01186        3.33618        3.631255       5.421585       7.11393        7.368694       7.501932       6.95547        8.313796       12.6483        12.55803       2.49995        -10.07314      -15.98668      -23.78462      -28.23033      -22.40193      -17.68163      1.70141E+38    1.70141E+38    1.70141E+38    

4.948865       4.84601        1.832988       -.2196511      -.7768115      .5329546       4.084231       7.521026       8.6655         7.062421       -.3922559      -152.6105      -68.04514      -17.07101      -25.08958      -23.69155      -22.51333      -27.75459      -27.7022       -23.66557      1.70141E+38    1.70141E+38    1.70141E+38    

1.70141E+38    1.70141E+38    1.70141E+38    1.70141E+38    1.70141E+38    1.70141E+38    1.70141E+38    1.70141E+38    1.70141E+38    1.70141E+38    1.70141E+38    1.70141E+38    1.70141E+38    1.70141E+38    1.70141E+38    1.70141E+38    1.70141E+38    1.70141E+38    1.70141E+38    1.70141E+38    1.70141E+38    1.70141E+38    1.70141E+38    

1.70141E+38    1.70141E+38    1.70141E+38    1.70141E+38    1.70141E+38    1.70141E+38    1.70141E+38    1.70141E+38    1.70141E+38    1.70141E+38    1.70141E+38    1.70141E+38    1.70141E+38    1.70141E+38    1.70141E+38    1.70141E+38    1.70141E+38    1.70141E+38    1.70141E+38    1.70141E+38    1.70141E+38    1.70141E+38    1.70141E+38    

1.70141E+38    1.70141E+38    1.70141E+38    1.70141E+38    1.70141E+38    1.70141E+38    1.70141E+38    1.70141E+38    1.70141E+38    1.70141E+38    1.70141E+38    1.70141E+38    1.70141E+38    1.70141E+38    1.70141E+38    1.70141E+38    1.70141E+38    1.70141E+38    1.70141E+38    1.70141E+38    1.70141E+38    1.70141E+38    1.70141E+38    

1.70141E+38    1.70141E+38    1.70141E+38    1.70141E+38    1.70141E+38    1.70141E+38    1.70141E+38    1.70141E+38    1.70141E+38    1.70141E+38    1.70141E+38    1.70141E+38    1.70141E+38    1.70141E+38    1.70141E+38    1.70141E+38    1.70141E+38    1.70141E+38    1.70141E+38    1.70141E+38    1.70141E+38    1.70141E+38    1.70141E+38    

1.70141E+38    1.70141E+38    1.70141E+38    1.70141E+38    1.70141E+38    1.70141E+38    1.70141E+38    1.70141E+38    1.70141E+38    1.70141E+38    1.70141E+38    1.70141E+38    1.70141E+38    1.70141E+38    1.70141E+38    1.70141E+38    1.70141E+38    1.70141E+38    1.70141E+38    1.70141E+38    1.70141E+38    1.70141E+38    1.70141E+38    

1.70141E+38    1.70141E+38    1.70141E+38    1.70141E+38    1.70141E+38    1.70141E+38    1.70141E+38    1.70141E+38    1.70141E+38    1.70141E+38    1.70141E+38    1.70141E+38    1.70141E+38    1.70141E+38    1.70141E+38    1.70141E+38    1.70141E+38    1.70141E+38    1.70141E+38    1.70141E+38    1.70141E+38    1.70141E+38    1.70141E+38    

1.70141E+38    1.70141E+38    1.70141E+38    1.70141E+38    1.70141E+38    1.70141E+38    1.70141E+38    1.70141E+38    1.70141E+38    1.70141E+38    1.70141E+38    1.70141E+38    1.70141E+38    1.70141E+38    1.70141E+38    1.70141E+38    1.70141E+38    1.70141E+38    1.70141E+38    1.70141E+38    1.70141E+38    1.70141E+38    1.70141E+38    

1.70141E+38    1.70141E+38    1.70141E+38    1.70141E+38    1.70141E+38    1.70141E+38    1.70141E+38    1.70141E+38    1.70141E+38    1.70141E+38    1.70141E+38    1.70141E+38    1.70141E+38    1.70141E+38    1.70141E+38    1.70141E+38    1.70141E+38    1.70141E+38    1.70141E+38    1.70141E+38    1.70141E+38    1.70141E+38    1.70141E+38    

