py_wake/examples/data/ParqueFicticio/Ridge area   Sector 1   Height 200m   Mean speed.grd
DSAA
23  33
 262878   265078
 6504214   6507414
 4.330519   6.443999
1.70141E+38    1.70141E+38    1.70141E+38    1.70141E+38    1.70141E+38    1.70141E+38    1.70141E+38    1.70141E+38    1.70141E+38    1.70141E+38    1.70141E+38    1.70141E+38    1.70141E+38    1.70141E+38    1.70141E+38    1.70141E+38    1.70141E+38    1.70141E+38    1.70141E+38    1.70141E+38    1.70141E+38    1.70141E+38    1.70141E+38    

1.70141E+38    1.70141E+38    1.70141E+38    1.70141E+38    1.70141E+38    1.70141E+38    1.70141E+38    1.70141E+38    1.70141E+38    1.70141E+38    1.70141E+38    1.70141E+38    1.70141E+38    1.70141E+38    1.70141E+38    1.70141E+38    1.70141E+38    1.70141E+38    1.70141E+38    1.70141E+38    1.70141E+38    1.70141E+38    1.70141E+38    

1.70141E+38    1.70141E+38    1.70141E+38    1.70141E+38    1.70141E+38    1.70141E+38    1.70141E+38    1.70141E+38    1.70141E+38    1.70141E+38    1.70141E+38    1.70141E+38    1.70141E+38    1.70141E+38    1.70141E+38    1.70141E+38    1.70141E+38    1.70141E+38    1.70141E+38    1.70141E+38    1.70141E+38    1.70141E+38    1.70141E+38    

1.70141E+38    1.70141E+38    1.70141E+38    1.70141E+38    1.70141E+38    1.70141E+38    1.70141E+38    1.70141E+38    1.70141E+38    1.70141E+38    1.70141E+38    1.70141E+38    1.70141E+38    1.70141E+38    1.70141E+38    1.70141E+38    1.70141E+38    1.70141E+38    1.70141E+38    1.70141E+38    1.70141E+38    1.70141E+38    1.70141E+38    

1.70141E+38    1.70141E+38    1.70141E+38    1.70141E+38    1.70141E+38    1.70141E+38    1.70141E+38    1.70141E+38    1.70141E+38    1.70141E+38    1.70141E+38    1.70141E+38    1.70141E+38    1.70141E+38    1.70141E+38    1.70141E+38    1.70141E+38    1.70141E+38    1.70141E+38    1.70141E+38    1.70141E+38    1.70141E+38    1.70141E+38    

4.893384       4.948426       5.041322       5.140076       5.249177       5.342486       5.39412        5.440557       5.465368       5.493649       5.509366       5.496389       5.457704       5.330394       5.111203       4.822505       4.478942       4.330519       4.521614       4.857077       1.70141E+38    1.70141E+38    1.70141E+38    

4.945193       4.996529       5.059604       5.126878       5.226363       5.321035       5.409729       5.497708       5.564956       5.60199        5.616308       5.594724       5.513547       5.322773       5.062819       4.758428       4.383003       4.411106       4.795717       5.106539       1.70141E+38    1.70141E+38    1.70141E+38    

4.955557       5.0439         5.1309         5.155856       5.173858       5.214255       5.277856       5.381186       5.500462       5.590791       5.647902       5.637794       5.532153       5.320647       5.077935       4.8168         4.475239       4.672479       5.05949        5.298206       1.70141E+38    1.70141E+38    1.70141E+38    

4.938358       5.036716       5.149508       5.206912       5.232224       5.256869       5.283925       5.338567       5.426202       5.531431       5.643568       5.685994       5.574945       5.378197       5.189118       5.010691       4.756764       4.94813        5.285577       5.471705       1.70141E+38    1.70141E+38    1.70141E+38    

4.926826       5.030559       5.169264       5.270599       5.339692       5.420204       5.499234       5.573833       5.611866       5.645952       5.711162       5.758871       5.695162       5.565274       5.412947       5.25176        5.111603       5.216696       5.465743       5.633817       1.70141E+38    1.70141E+38    1.70141E+38    

5.002151       5.05497        5.21535        5.374184       5.492696       5.59846        5.702979       5.799658       5.857659       5.871602       5.880955       5.894297       5.846959       5.751756       5.60462        5.458097       5.424179       5.546256       5.709918       5.839452       1.70141E+38    1.70141E+38    1.70141E+38    

5.171632       5.117892       5.232016       5.412039       5.562194       5.684319       5.777082       5.869792       5.941302       5.982949       6.001427       6.007596       5.963222       5.865148       5.738388       5.680882       5.789001       5.936661       6.038438       6.085945       1.70141E+38    1.70141E+38    1.70141E+38    

5.417015       5.287227       5.247484       5.36913        5.504243       5.606359       5.669398       5.756845       5.866499       5.955608       6.024067       6.064966       6.045249       5.959428       5.878177       5.940546       6.133096       6.259097       6.310934       6.306797       1.70141E+38    1.70141E+38    1.70141E+38    

5.660774       5.559152       5.429245       5.440574       5.438283       5.485435       5.551076       5.604665       5.723535       5.867985       6.010434       6.106373       6.115621       6.058237       6.036064       6.187908       6.340462       6.418806       6.443999       6.428903       1.70141E+38    1.70141E+38    1.70141E+38    

5.851754       5.810739       5.732069       5.72457        5.653437       5.619198       5.679744       5.752013       5.849286       5.951089       6.074568       6.177521       6.206328       6.181715       6.194299       6.307729       6.388593       6.425191       6.426075       6.396677       1.70141E+38    1.70141E+38    1.70141E+38    

5.992715       6.007139       5.999134       5.993267       5.956419       5.917047       5.942192       5.993804       6.065266       6.135562       6.203023       6.258317       6.284698       6.277031       6.268681       6.298641       6.286011       6.255697       6.219662       6.18412        1.70141E+38    1.70141E+38    1.70141E+38    

6.060675       6.097492       6.107763       6.104718       6.100863       6.100825       6.111932       6.12818        6.149134       6.189366       6.234545       6.278256       6.297608       6.302052       6.260352       6.193572       6.046235       5.896832       5.822334       5.812359       1.70141E+38    1.70141E+38    1.70141E+38    

5.971771       6.008896       6.009885       5.999468       6.024326       6.045828       6.063253       6.073359       6.078836       6.092006       6.137368       6.211915       6.262899       6.271019       6.215566       6.073597       5.866876       5.614759       5.449343       5.429023       1.70141E+38    1.70141E+38    1.70141E+38    

5.728933       5.724915       5.681997       5.666557       5.72328        5.778791       5.809334       5.810966       5.814949       5.84403        5.954257       6.115103       6.199723       6.203265       6.125009       5.966749       5.756743       5.504779       5.261863       5.148315       1.70141E+38    1.70141E+38    1.70141E+38    

5.418388       5.384825       5.391514       5.40861        5.448704       5.514211       5.519335       5.526345       5.599961       5.761172       5.931638       6.084448       6.130233       6.098998       6.004618       5.856941       5.674094       5.462914       5.263327       5.083911       1.70141E+38    1.70141E+38    1.70141E+38    

5.352626       5.414767       5.506678       5.577324       5.599227       5.604353       5.621037       5.648701       5.739316       5.912874       6.05637        6.118467       6.094408       5.963768       5.820485       5.716912       5.617391       5.505063       5.381949       5.235938       1.70141E+38    1.70141E+38    1.70141E+38    

5.558243       5.637783       5.682276       5.714805       5.717677       5.735289       5.768045       5.855703       5.963066       6.070769       6.137556       6.141688       6.076022       5.913664       5.693354       5.542831       5.472549       5.440623       5.408144       5.322423       1.70141E+38    1.70141E+38    1.70141E+38    

5.621705       5.656584       5.645762       5.622725       5.628131       5.691268       5.809096       5.975774       6.096451       6.1395         6.126964       6.082364       6.016024       5.906406       5.742647       5.557131       5.385181       5.288966       5.266461       5.242978       1.70141E+38    1.70141E+38    1.70141E+38    

5.508972       5.503727       5.48013        5.494803       5.582302       5.721398       5.892679       6.03475        6.099319       6.086919       6.009617       5.898162       5.833931       5.79481        5.729716       5.646453       5.50551        5.310356       5.160641       5.078631       1.70141E+38    1.70141E+38    1.70141E+38    

5.304064       5.3529         5.435143       5.580874       5.740487       5.882212       5.985991       6.026683       6.005557       5.919111       5.800859       5.627339       5.547295       5.545711       5.545187       5.591576       5.581104       5.470064       5.298419       5.136189       1.70141E+38    1.70141E+38    1.70141E+38    

1.70141E+38    1.70141E+38    1.70141E+38    1.70141E+38    1.70141E+38    1.70141E+38    1.70141E+38    1.70141E+38    1.70141E+38    1.70141E+38    1.70141E+38    1.70141E+38    1.70141E+38    1.70141E+38    1.70141E+38    1.70141E+38    1.70141E+38    1.70141E+38    1.70141E+38    1.70141E+38    1.70141E+38    1.70141E+38    1.70141E+38    

1.70141E+38    1.70141E+38    1.70141E+38    1.70141E+38    1.70141E+38    1.70141E+38    1.70141E+38    1.70141E+38    1.70141E+38    1.70141E+38    1.70141E+38    1.70141E+38    1.70141E+38    1.70141E+38    1.70141E+38    1.70141E+38    1.70141E+38    1.70141E+38    1.70141E+38    1.70141E+38    1.70141E+38    1.70141E+38    1.70141E+38    

1.70141E+38    1.70141E+38    1.70141E+38    1.70141E+38    1.70141E+38    1.70141E+38    1.70141E+38    1.70141E+38    1.70141E+38    1.70141E+38    1.70141E+38    1.70141E+38    1.70141E+38    1.70141E+38    1.70141E+38    1.70141E+38    1.70141E+38    1.70141E+38    1.70141E+38    1.70141E+38    1.70141E+38    1.70141E+38    1.70141E+38    

1.70141E+38    1.70141E+38    1.70141E+38    1.70141E+38    1.70141E+38    1.70141E+38    1.70141E+38    1.70141E+38    1.70141E+38    1.70141E+38    1.70141E+38    1.70141E+38    1.70141E+38    1.70141E+38    1.70141E+38    1.70141E+38    1.70141E+38    1.70141E+38    1.70141E+38    1.70141E+38    1.70141E+38    1.70141E+38    1.70141E+38    

1.70141E+38    1.70141E+38    1.70141E+38    1.70141E+38    1.70141E+38    1.70141E+38    1.70141E+38    1.70141E+38    1.70141E+38    1.70141E+38    1.70141E+38    1.70141E+38    1.70141E+38    1.70141E+38    1.70141E+38    1.70141E+38    1.70141E+38    1.70141E+38    1.70141E+38    1.70141E+38    1.70141E+38    1.70141E+38    1.70141E+38    

1.70141E+38    1.70141E+38    1.70141E+38    1.70141E+38    1.70141E+38    1.70141E+38    1.70141E+38    1.70141E+38    1.70141E+38    1.70141E+38    1.70141E+38    1.70141E+38    1.70141E+38    1.70141E+38    1.70141E+38    1.70141E+38    1.70141E+38    1.70141E+38    1.70141E+38    1.70141E+38    1.70141E+38    1.70141E+38    1.70141E+38    

1.70141E+38    1.70141E+38    1.70141E+38    1.70141E+38    1.70141E+38    1.70141E+38    1.70141E+38    1.70141E+38    1.70141E+38    1.70141E+38    1.70141E+38    1.70141E+38    1.70141E+38    1.70141E+38    1.70141E+38    1.70141E+38    1.70141E+38    1.70141E+38    1.70141E+38    1.70141E+38    1.70141E+38    1.70141E+38    1.70141E+38    

1.70141E+38    1.70141E+38    1.70141E+38    1.70141E+38    1.70141E+38    1.70141E+38    1.70141E+38    1.70141E+38    1.70141E+38    1.70141E+38    1.70141E+38    1.70141E+38    1.70141E+38    1.70141E+38    1.70141E+38    1.70141E+38    1.70141E+38    1.70141E+38    1.70141E+38    1.70141E+38    1.70141E+38    1.70141E+38    1.70141E+38    

