py_wake/examples/data/ParqueFicticio/Ridge area   Sector 6   Height 30m   Weibull-k.grd
DSAA
23  33
 262878   265078
 6504214   6507414
 1.076172   2.447266
1.70141E+38    1.70141E+38    1.70141E+38    1.70141E+38    1.70141E+38    1.70141E+38    1.70141E+38    1.70141E+38    1.70141E+38    1.70141E+38    1.70141E+38    1.70141E+38    1.70141E+38    1.70141E+38    1.70141E+38    1.70141E+38    1.70141E+38    1.70141E+38    1.70141E+38    1.70141E+38    1.70141E+38    1.70141E+38    1.70141E+38    

1.70141E+38    1.70141E+38    1.70141E+38    1.70141E+38    1.70141E+38    1.70141E+38    1.70141E+38    1.70141E+38    1.70141E+38    1.70141E+38    1.70141E+38    1.70141E+38    1.70141E+38    1.70141E+38    1.70141E+38    1.70141E+38    1.70141E+38    1.70141E+38    1.70141E+38    1.70141E+38    1.70141E+38    1.70141E+38    1.70141E+38    

1.70141E+38    1.70141E+38    1.70141E+38    1.70141E+38    1.70141E+38    1.70141E+38    1.70141E+38    1.70141E+38    1.70141E+38    1.70141E+38    1.70141E+38    1.70141E+38    1.70141E+38    1.70141E+38    1.70141E+38    1.70141E+38    1.70141E+38    1.70141E+38    1.70141E+38    1.70141E+38    1.70141E+38    1.70141E+38    1.70141E+38    

1.70141E+38    1.70141E+38    1.70141E+38    1.70141E+38    1.70141E+38    1.70141E+38    1.70141E+38    1.70141E+38    1.70141E+38    1.70141E+38    1.70141E+38    1.70141E+38    1.70141E+38    1.70141E+38    1.70141E+38    1.70141E+38    1.70141E+38    1.70141E+38    1.70141E+38    1.70141E+38    1.70141E+38    1.70141E+38    1.70141E+38    

1.70141E+38    1.70141E+38    1.70141E+38    1.70141E+38    1.70141E+38    1.70141E+38    1.70141E+38    1.70141E+38    1.70141E+38    1.70141E+38    1.70141E+38    1.70141E+38    1.70141E+38    1.70141E+38    1.70141E+38    1.70141E+38    1.70141E+38    1.70141E+38    1.70141E+38    1.70141E+38    1.70141E+38    1.70141E+38    1.70141E+38    

2.279297       2.287109       2.310547       2.322266       2.314453       2.287109       2.259766       2.248047       2.248047       2.248047       2.255859       2.279297       2.294922       2.294922       2.287109       2.267578       1.955078       1.916016       2.041016       2.283203       1.70141E+38    1.70141E+38    1.70141E+38    

2.306641       2.298828       2.310547       2.337891       2.345703       2.341797       2.318359       2.283203       2.271484       2.259766       2.244141       2.259766       2.275391       2.283203       1.076172       1.822266       1.982422       1.962891       2.310547       2.302734       1.70141E+38    1.70141E+38    1.70141E+38    

2.353516       2.345703       2.318359       2.322266       2.314453       2.306641       2.302734       2.291016       2.279297       2.259766       2.220703       2.212891       2.240234       2.244141       1.345703       1.927734       1.970703       1.943359       2.294922       2.310547       1.70141E+38    1.70141E+38    1.70141E+38    

2.365234       2.361328       2.333984       2.318359       2.310547       2.298828       2.294922       2.271484       2.255859       2.240234       2.208984       2.177734       2.201172       2.205078       1.349609       1.775391       2.072266       1.837891       2.310547       2.310547       1.70141E+38    1.70141E+38    1.70141E+38    

2.353516       2.365234       2.345703       2.318359       2.322266       2.298828       2.271484       2.232422       2.232422       2.236328       2.212891       2.177734       2.205078       2.259766       1.181641       1.634766       2.220703       2.142578       2.310547       2.310547       1.70141E+38    1.70141E+38    1.70141E+38    

2.330078       2.380859       2.376953       2.369141       2.361328       2.353516       2.333984       2.279297       2.267578       2.263672       2.248047       2.228516       2.248047       2.279297       1.416016       2.365234       2.248047       2.341797       2.310547       2.310547       1.70141E+38    1.70141E+38    1.70141E+38    

2.306641       2.373047       2.341797       2.365234       2.376953       2.376953       2.376953       2.337891       2.298828       2.279297       2.263672       2.240234       2.255859       2.279297       2.357422       2.447266       2.376953       2.310547       2.310547       2.310547       1.70141E+38    1.70141E+38    1.70141E+38    

2.298828       2.341797       2.134766       2.158203       2.271484       2.298828       2.279297       2.322266       2.306641       2.287109       2.255859       2.224609       2.244141       2.279297       2.396484       2.396484       2.376953       2.314453       2.310547       2.310547       1.70141E+38    1.70141E+38    1.70141E+38    

2.283203       2.345703       2.181641       2.095703       2.083984       2.044922       2.080078       2.298828       2.310547       2.291016       2.251953       2.220703       2.240234       2.283203       2.384766       2.388672       2.380859       2.337891       2.322266       2.322266       1.70141E+38    1.70141E+38    1.70141E+38    

2.279297       2.333984       2.330078       2.310547       2.126953       1.931641       2.201172       2.349609       2.306641       2.294922       2.271484       2.255859       2.255859       2.298828       2.357422       2.380859       2.369141       2.333984       2.318359       2.330078       1.70141E+38    1.70141E+38    1.70141E+38    

2.322266       2.345703       2.373047       2.349609       2.306641       2.248047       2.349609       2.376953       2.333984       2.310547       2.302734       2.287109       2.279297       2.302734       2.314453       2.333984       2.310547       2.310547       2.310547       2.298828       1.70141E+38    1.70141E+38    1.70141E+38    

2.373047       2.380859       2.388672       2.357422       2.353516       2.361328       2.384766       2.388672       2.369141       2.322266       2.310547       2.291016       2.287109       2.302734       2.310547       2.310547       2.310547       2.302734       2.302734       2.298828       1.70141E+38    1.70141E+38    1.70141E+38    

2.361328       2.373047       2.392578       2.353516       2.380859       2.388672       2.388672       2.384766       2.357422       2.310547       2.310547       2.287109       2.283203       2.294922       2.310547       2.310547       2.310547       2.306641       2.197266       1.748047       1.70141E+38    1.70141E+38    1.70141E+38    

2.302734       2.287109       2.087891       2.271484       2.341797       2.353516       2.341797       2.310547       2.310547       2.310547       2.302734       2.283203       2.291016       2.291016       2.298828       2.306641       2.310547       2.302734       2.263672       2.224609       1.70141E+38    1.70141E+38    1.70141E+38    

2.251953       2.310547       2.310547       2.193359       2.111328       2.150391       2.103516       2.009766       2.177734       2.279297       2.287109       2.294922       2.298828       2.294922       2.283203       2.287109       2.287109       2.267578       2.255859       2.197266       1.70141E+38    1.70141E+38    1.70141E+38    

2.283203       2.236328       2.224609       2.271484       2.287109       2.275391       2.267578       2.255859       2.275391       2.298828       2.306641       2.306641       2.298828       2.279297       2.220703       2.248047       2.263672       1.458984       1.701172       2.076172       1.70141E+38    1.70141E+38    1.70141E+38    

2.310547       2.326172       2.353516       2.361328       2.373047       2.357422       2.337891       2.294922       2.302734       2.310547       2.310547       2.310547       2.291016       1.283203       1.455078       1.662109       1.638672       1.603516       1.544922       1.697266       1.70141E+38    1.70141E+38    1.70141E+38    

2.361328       2.345703       2.345703       2.337891       2.318359       2.306641       2.326172       2.310547       2.310547       2.310547       2.310547       2.306641       2.275391       2.248047       1.337891       1.580078       1.666016       1.841797       1.779297       1.611328       1.70141E+38    1.70141E+38    1.70141E+38    

2.322266       2.310547       2.302734       2.287109       2.263672       2.267578       2.310547       2.310547       2.310547       2.310547       2.310547       2.298828       2.244141       2.193359       1.455078       1.279297       1.451172       1.720703       1.818359       1.736328       1.70141E+38    1.70141E+38    1.70141E+38    

2.310547       2.294922       2.291016       2.314453       2.322266       2.310547       2.310547       2.310547       2.310547       2.310547       2.291016       1.607422       1.677734       2.029297       2.068359       2.103516       2.119141       2.111328       1.521484       1.619141       1.70141E+38    1.70141E+38    1.70141E+38    

1.70141E+38    1.70141E+38    1.70141E+38    1.70141E+38    1.70141E+38    1.70141E+38    1.70141E+38    1.70141E+38    1.70141E+38    1.70141E+38    1.70141E+38    1.70141E+38    1.70141E+38    1.70141E+38    1.70141E+38    1.70141E+38    1.70141E+38    1.70141E+38    1.70141E+38    1.70141E+38    1.70141E+38    1.70141E+38    1.70141E+38    

1.70141E+38    1.70141E+38    1.70141E+38    1.70141E+38    1.70141E+38    1.70141E+38    1.70141E+38    1.70141E+38    1.70141E+38    1.70141E+38    1.70141E+38    1.70141E+38    1.70141E+38    1.70141E+38    1.70141E+38    1.70141E+38    1.70141E+38    1.70141E+38    1.70141E+38    1.70141E+38    1.70141E+38    1.70141E+38    1.70141E+38    

1.70141E+38    1.70141E+38    1.70141E+38    1.70141E+38    1.70141E+38    1.70141E+38    1.70141E+38    1.70141E+38    1.70141E+38    1.70141E+38    1.70141E+38    1.70141E+38    1.70141E+38    1.70141E+38    1.70141E+38    1.70141E+38    1.70141E+38    1.70141E+38    1.70141E+38    1.70141E+38    1.70141E+38    1.70141E+38    1.70141E+38    

1.70141E+38    1.70141E+38    1.70141E+38    1.70141E+38    1.70141E+38    1.70141E+38    1.70141E+38    1.70141E+38    1.70141E+38    1.70141E+38    1.70141E+38    1.70141E+38    1.70141E+38    1.70141E+38    1.70141E+38    1.70141E+38    1.70141E+38    1.70141E+38    1.70141E+38    1.70141E+38    1.70141E+38    1.70141E+38    1.70141E+38    

1.70141E+38    1.70141E+38    1.70141E+38    1.70141E+38    1.70141E+38    1.70141E+38    1.70141E+38    1.70141E+38    1.70141E+38    1.70141E+38    1.70141E+38    1.70141E+38    1.70141E+38    1.70141E+38    1.70141E+38    1.70141E+38    1.70141E+38    1.70141E+38    1.70141E+38    1.70141E+38    1.70141E+38    1.70141E+38    1.70141E+38    

1.70141E+38    1.70141E+38    1.70141E+38    1.70141E+38    1.70141E+38    1.70141E+38    1.70141E+38    1.70141E+38    1.70141E+38    1.70141E+38    1.70141E+38    1.70141E+38    1.70141E+38    1.70141E+38    1.70141E+38    1.70141E+38    1.70141E+38    1.70141E+38    1.70141E+38    1.70141E+38    1.70141E+38    1.70141E+38    1.70141E+38    

1.70141E+38    1.70141E+38    1.70141E+38    1.70141E+38    1.70141E+38    1.70141E+38    1.70141E+38    1.70141E+38    1.70141E+38    1.70141E+38    1.70141E+38    1.70141E+38    1.70141E+38    1.70141E+38    1.70141E+38    1.70141E+38    1.70141E+38    1.70141E+38    1.70141E+38    1.70141E+38    1.70141E+38    1.70141E+38    1.70141E+38    

1.70141E+38    1.70141E+38    1.70141E+38    1.70141E+38    1.70141E+38    1.70141E+38    1.70141E+38    1.70141E+38    1.70141E+38    1.70141E+38    1.70141E+38    1.70141E+38    1.70141E+38    1.70141E+38    1.70141E+38    1.70141E+38    1.70141E+38    1.70141E+38    1.70141E+38    1.70141E+38    1.70141E+38    1.70141E+38    1.70141E+38    

