py_wake/examples/data/ParqueFicticio/Ridge area   Sector 11   Height 200m   Weibull-k.grd
DSAA
23  33
 262878   265078
 6504214   6507414
 1.537109   2.029297
1.70141E+38    1.70141E+38    1.70141E+38    1.70141E+38    1.70141E+38    1.70141E+38    1.70141E+38    1.70141E+38    1.70141E+38    1.70141E+38    1.70141E+38    1.70141E+38    1.70141E+38    1.70141E+38    1.70141E+38    1.70141E+38    1.70141E+38    1.70141E+38    1.70141E+38    1.70141E+38    1.70141E+38    1.70141E+38    1.70141E+38    

1.70141E+38    1.70141E+38    1.70141E+38    1.70141E+38    1.70141E+38    1.70141E+38    1.70141E+38    1.70141E+38    1.70141E+38    1.70141E+38    1.70141E+38    1.70141E+38    1.70141E+38    1.70141E+38    1.70141E+38    1.70141E+38    1.70141E+38    1.70141E+38    1.70141E+38    1.70141E+38    1.70141E+38    1.70141E+38    1.70141E+38    

1.70141E+38    1.70141E+38    1.70141E+38    1.70141E+38    1.70141E+38    1.70141E+38    1.70141E+38    1.70141E+38    1.70141E+38    1.70141E+38    1.70141E+38    1.70141E+38    1.70141E+38    1.70141E+38    1.70141E+38    1.70141E+38    1.70141E+38    1.70141E+38    1.70141E+38    1.70141E+38    1.70141E+38    1.70141E+38    1.70141E+38    

1.70141E+38    1.70141E+38    1.70141E+38    1.70141E+38    1.70141E+38    1.70141E+38    1.70141E+38    1.70141E+38    1.70141E+38    1.70141E+38    1.70141E+38    1.70141E+38    1.70141E+38    1.70141E+38    1.70141E+38    1.70141E+38    1.70141E+38    1.70141E+38    1.70141E+38    1.70141E+38    1.70141E+38    1.70141E+38    1.70141E+38    

1.70141E+38    1.70141E+38    1.70141E+38    1.70141E+38    1.70141E+38    1.70141E+38    1.70141E+38    1.70141E+38    1.70141E+38    1.70141E+38    1.70141E+38    1.70141E+38    1.70141E+38    1.70141E+38    1.70141E+38    1.70141E+38    1.70141E+38    1.70141E+38    1.70141E+38    1.70141E+38    1.70141E+38    1.70141E+38    1.70141E+38    

2.021484       2.025391       2.029297       2.029297       2.025391       2.021484       2.009766       1.994141       1.974609       1.951172       1.935547       1.931641       1.927734       1.927734       1.927734       1.927734       1.978516       1.904297       1.966797       1.978516       1.70141E+38    1.70141E+38    1.70141E+38    

2.021484       2.025391       2.025391       2.025391       2.021484       2.017578       2.009766       1.994141       1.974609       1.951172       1.935547       1.931641       1.927734       1.923828       1.919922       1.943359       1.970703       1.966797       1.970703       1.943359       1.70141E+38    1.70141E+38    1.70141E+38    

2.021484       2.021484       2.017578       2.013672       2.013672       2.005859       1.998047       1.982422       1.962891       1.943359       1.935547       1.931641       1.923828       1.919922       1.912109       1.935547       1.966797       1.958984       1.939453       1.939453       1.70141E+38    1.70141E+38    1.70141E+38    

2.013672       2.013672       2.013672       2.009766       2.005859       2.001953       1.986328       1.966797       1.947266       1.935547       1.927734       1.927734       1.919922       1.916016       1.908203       1.904297       1.919922       1.931641       1.943359       1.951172       1.70141E+38    1.70141E+38    1.70141E+38    

2.001953       2.005859       2.005859       2.009766       2.005859       2.005859       1.994141       1.974609       1.951172       1.939453       1.927734       1.927734       1.923828       1.919922       1.919922       1.916016       1.923828       1.943359       1.955078       1.958984       1.70141E+38    1.70141E+38    1.70141E+38    

1.994141       1.994141       2.001953       2.005859       2.009766       2.009766       2.001953       1.982422       1.962891       1.951172       1.939453       1.935547       1.931641       1.931641       1.935547       1.935547       1.947266       1.962891       1.966797       1.970703       1.70141E+38    1.70141E+38    1.70141E+38    

1.998047       1.990234       1.994141       2.001953       2.001953       2.005859       2.001953       1.990234       1.970703       1.958984       1.947266       1.939453       1.939453       1.939453       1.947266       1.955078       1.966797       1.978516       1.978516       1.978516       1.70141E+38    1.70141E+38    1.70141E+38    

2.005859       1.998047       1.998047       1.994141       1.998047       2.001953       2.001953       1.990234       1.974609       1.958984       1.951172       1.943359       1.939453       1.943359       1.955078       1.970703       1.982422       1.986328       1.986328       1.990234       1.70141E+38    1.70141E+38    1.70141E+38    

2.013672       2.005859       2.001953       1.998047       1.998047       2.001953       1.998047       1.986328       1.970703       1.955078       1.947266       1.943359       1.943359       1.947266       1.958984       1.978516       1.986328       1.990234       1.990234       1.994141       1.70141E+38    1.70141E+38    1.70141E+38    

2.013672       2.009766       2.005859       2.001953       2.001953       2.001953       1.998047       1.986328       1.970703       1.958984       1.951172       1.943359       1.947266       1.951172       1.962891       1.978516       1.990234       1.990234       1.990234       1.994141       1.70141E+38    1.70141E+38    1.70141E+38    

2.009766       2.005859       2.005859       2.005859       2.001953       1.998047       1.998047       1.986328       1.974609       1.962891       1.955078       1.947266       1.951172       1.955078       1.962891       1.974609       1.986328       1.986328       1.986328       1.990234       1.70141E+38    1.70141E+38    1.70141E+38    

2.005859       2.005859       2.005859       2.001953       2.001953       1.994141       1.998047       1.986328       1.974609       1.966797       1.955078       1.951172       1.947266       1.951172       1.958984       1.970703       1.978516       1.978516       1.978516       1.982422       1.70141E+38    1.70141E+38    1.70141E+38    

1.998047       2.001953       2.001953       1.998047       1.998047       1.998047       1.990234       1.982422       1.970703       1.962891       1.951172       1.943359       1.943359       1.947266       1.955078       1.962891       1.970703       1.970703       1.970703       1.974609       1.70141E+38    1.70141E+38    1.70141E+38    

1.994141       1.994141       1.994141       1.994141       1.994141       1.990234       1.982422       1.974609       1.962891       1.951172       1.939453       1.935547       1.935547       1.943359       1.947266       1.958984       1.966797       1.970703       1.962891       1.935547       1.70141E+38    1.70141E+38    1.70141E+38    

1.986328       1.982422       1.982422       1.978516       1.978516       1.974609       1.966797       1.958984       1.947266       1.939453       1.927734       1.927734       1.927734       1.935547       1.943359       1.955078       1.962891       1.966797       1.974609       1.873047       1.70141E+38    1.70141E+38    1.70141E+38    

1.982422       1.982422       1.982422       1.982422       1.982422       1.974609       1.966797       1.955078       1.947266       1.939453       1.931641       1.927734       1.927734       1.927734       1.939453       1.951172       1.962891       1.966797       1.974609       1.939453       1.70141E+38    1.70141E+38    1.70141E+38    

1.990234       1.986328       1.986328       1.986328       1.982422       1.974609       1.966797       1.958984       1.947266       1.939453       1.935547       1.931641       1.931641       1.935547       1.943359       1.951172       1.958984       1.966797       1.970703       1.955078       1.70141E+38    1.70141E+38    1.70141E+38    

1.990234       1.986328       1.986328       1.982422       1.978516       1.970703       1.962891       1.955078       1.947266       1.943359       1.935547       1.935547       1.935547       1.943359       1.951172       1.958984       1.958984       1.962891       1.537109       1.962891       1.70141E+38    1.70141E+38    1.70141E+38    

1.990234       1.986328       1.978516       1.978516       1.974609       1.966797       1.958984       1.951172       1.947266       1.939453       1.935547       1.931641       1.935547       1.943359       1.951172       1.958984       1.958984       1.958984       1.958984       1.958984       1.70141E+38    1.70141E+38    1.70141E+38    

1.982422       1.978516       1.978516       1.974609       1.970703       1.962891       1.955078       1.947266       1.939453       1.935547       1.931641       1.927734       1.927734       1.935547       1.947266       1.955078       1.955078       1.955078       1.955078       1.955078       1.70141E+38    1.70141E+38    1.70141E+38    

1.70141E+38    1.70141E+38    1.70141E+38    1.70141E+38    1.70141E+38    1.70141E+38    1.70141E+38    1.70141E+38    1.70141E+38    1.70141E+38    1.70141E+38    1.70141E+38    1.70141E+38    1.70141E+38    1.70141E+38    1.70141E+38    1.70141E+38    1.70141E+38    1.70141E+38    1.70141E+38    1.70141E+38    1.70141E+38    1.70141E+38    

1.70141E+38    1.70141E+38    1.70141E+38    1.70141E+38    1.70141E+38    1.70141E+38    1.70141E+38    1.70141E+38    1.70141E+38    1.70141E+38    1.70141E+38    1.70141E+38    1.70141E+38    1.70141E+38    1.70141E+38    1.70141E+38    1.70141E+38    1.70141E+38    1.70141E+38    1.70141E+38    1.70141E+38    1.70141E+38    1.70141E+38    

1.70141E+38    1.70141E+38    1.70141E+38    1.70141E+38    1.70141E+38    1.70141E+38    1.70141E+38    1.70141E+38    1.70141E+38    1.70141E+38    1.70141E+38    1.70141E+38    1.70141E+38    1.70141E+38    1.70141E+38    1.70141E+38    1.70141E+38    1.70141E+38    1.70141E+38    1.70141E+38    1.70141E+38    1.70141E+38    1.70141E+38    

1.70141E+38    1.70141E+38    1.70141E+38    1.70141E+38    1.70141E+38    1.70141E+38    1.70141E+38    1.70141E+38    1.70141E+38    1.70141E+38    1.70141E+38    1.70141E+38    1.70141E+38    1.70141E+38    1.70141E+38    1.70141E+38    1.70141E+38    1.70141E+38    1.70141E+38    1.70141E+38    1.70141E+38    1.70141E+38    1.70141E+38    

1.70141E+38    1.70141E+38    1.70141E+38    1.70141E+38    1.70141E+38    1.70141E+38    1.70141E+38    1.70141E+38    1.70141E+38    1.70141E+38    1.70141E+38    1.70141E+38    1.70141E+38    1.70141E+38    1.70141E+38    1.70141E+38    1.70141E+38    1.70141E+38    1.70141E+38    1.70141E+38    1.70141E+38    1.70141E+38    1.70141E+38    

1.70141E+38    1.70141E+38    1.70141E+38    1.70141E+38    1.70141E+38    1.70141E+38    1.70141E+38    1.70141E+38    1.70141E+38    1.70141E+38    1.70141E+38    1.70141E+38    1.70141E+38    1.70141E+38    1.70141E+38    1.70141E+38    1.70141E+38    1.70141E+38    1.70141E+38    1.70141E+38    1.70141E+38    1.70141E+38    1.70141E+38    

1.70141E+38    1.70141E+38    1.70141E+38    1.70141E+38    1.70141E+38    1.70141E+38    1.70141E+38    1.70141E+38    1.70141E+38    1.70141E+38    1.70141E+38    1.70141E+38    1.70141E+38    1.70141E+38    1.70141E+38    1.70141E+38    1.70141E+38    1.70141E+38    1.70141E+38    1.70141E+38    1.70141E+38    1.70141E+38    1.70141E+38    

1.70141E+38    1.70141E+38    1.70141E+38    1.70141E+38    1.70141E+38    1.70141E+38    1.70141E+38    1.70141E+38    1.70141E+38    1.70141E+38    1.70141E+38    1.70141E+38    1.70141E+38    1.70141E+38    1.70141E+38    1.70141E+38    1.70141E+38    1.70141E+38    1.70141E+38    1.70141E+38    1.70141E+38    1.70141E+38    1.70141E+38    

