py_wake/examples/data/ParqueFicticio/Ridge area   Sector 4   Height 30m   Turbulence intensity.grd
DSAA
23  33
 262878   265078
 6504214   6507414
 12.11023   100
1.70141E+38    1.70141E+38    1.70141E+38    1.70141E+38    1.70141E+38    1.70141E+38    1.70141E+38    1.70141E+38    1.70141E+38    1.70141E+38    1.70141E+38    1.70141E+38    1.70141E+38    1.70141E+38    1.70141E+38    1.70141E+38    1.70141E+38    1.70141E+38    1.70141E+38    1.70141E+38    1.70141E+38    1.70141E+38    1.70141E+38    

1.70141E+38    1.70141E+38    1.70141E+38    1.70141E+38    1.70141E+38    1.70141E+38    1.70141E+38    1.70141E+38    1.70141E+38    1.70141E+38    1.70141E+38    1.70141E+38    1.70141E+38    1.70141E+38    1.70141E+38    1.70141E+38    1.70141E+38    1.70141E+38    1.70141E+38    1.70141E+38    1.70141E+38    1.70141E+38    1.70141E+38    

1.70141E+38    1.70141E+38    1.70141E+38    1.70141E+38    1.70141E+38    1.70141E+38    1.70141E+38    1.70141E+38    1.70141E+38    1.70141E+38    1.70141E+38    1.70141E+38    1.70141E+38    1.70141E+38    1.70141E+38    1.70141E+38    1.70141E+38    1.70141E+38    1.70141E+38    1.70141E+38    1.70141E+38    1.70141E+38    1.70141E+38    

1.70141E+38    1.70141E+38    1.70141E+38    1.70141E+38    1.70141E+38    1.70141E+38    1.70141E+38    1.70141E+38    1.70141E+38    1.70141E+38    1.70141E+38    1.70141E+38    1.70141E+38    1.70141E+38    1.70141E+38    1.70141E+38    1.70141E+38    1.70141E+38    1.70141E+38    1.70141E+38    1.70141E+38    1.70141E+38    1.70141E+38    

1.70141E+38    1.70141E+38    1.70141E+38    1.70141E+38    1.70141E+38    1.70141E+38    1.70141E+38    1.70141E+38    1.70141E+38    1.70141E+38    1.70141E+38    1.70141E+38    1.70141E+38    1.70141E+38    1.70141E+38    1.70141E+38    1.70141E+38    1.70141E+38    1.70141E+38    1.70141E+38    1.70141E+38    1.70141E+38    1.70141E+38    

38.80262       41.24765       43.38422       41.12041       36.05875       30.81955       27.81646       23.37074       20.69015       17.04819       15.01193       14.57054       15.04151       18.39856       26.08626       40.49718       86.22057       88.5273        89.97775       43.30145       1.70141E+38    1.70141E+38    1.70141E+38    

42.75515       44.84665       47.54342       46.90412       42.43886       36.60479       30.03874       23.51671       19.26836       16.6076        14.79514       14.40383       16.06389       21.91013       33.49601       57.06247       96.0394        95.72099       100            20.57716       1.70141E+38    1.70141E+38    1.70141E+38    

49.51398       48.33751       48.15657       54.07642       60.58679       61.11246       53.09015       37.83612       25.09972       18.51867       15.64853       14.78859       17.79284       26.72784       40.25634       64.96152       100            100            48.78768       16.25529       1.70141E+38    1.70141E+38    1.70141E+38    

58.84864       57.79399       56.01738       59.95437       68.83515       74.29246       72.04842       57.34579       39.46155       24.58612       16.98462       15.49366       19.82597       30.02849       44.6739        71.50659       100            95.35469       27.90026       15.05186       1.70141E+38    1.70141E+38    1.70141E+38    

68.82867       70.0993        68.2142        68.14088       71.76836       65.38195       51.9986        35.5652        28.00766       22.10438       17.00032       15.43652       19.37881       28.79564       45.20628       87.07542       100            99.6357        26.60509       14.42746       1.70141E+38    1.70141E+38    1.70141E+38    

72.92579       91.40595       83.88207       67.00559       57.8383        49.3398        37.38023       25.16375       19.63364       17.89896       16.13269       15.05734       18.16574       26.99755       46.40205       100            100            59.31193       18.79895       14.09512       1.70141E+38    1.70141E+38    1.70141E+38    

71.026         100            100            84.40091       57.66796       44.53281       36.89801       25.42779       19.23775       16.78687       15.48862       14.61674       17.37438       26.98088       51.02697       100            46.16962       19.53159       14.97015       14.14281       1.70141E+38    1.70141E+38    1.70141E+38    

54.23912       100            100            100            100            100            91.32822       51.85174       27.98897       19.147         15.6511        14.08669       15.95499       24.97361       50.25023       65.62547       21.44394       14.63597       13.94662       14.49118       1.70141E+38    1.70141E+38    1.70141E+38    

39.12448       67.31725       100            100            100            100            100            100            94.97595       34.37256       16.33431       13.05493       14.15209       20.88746       30.31654       25.52899       16.21885       13.91576       13.69176       14.75131       1.70141E+38    1.70141E+38    1.70141E+38    

31.51503       45.10812       67.12983       79.26818       100            100            100            83.50701       51.62801       31.96078       15.62741       12.17154       12.69384       16.22209       19.06406       18.27219       16.57642       14.79284       14.51013       15.48392       1.70141E+38    1.70141E+38    1.70141E+38    

27.25461       31.41727       40.90486       43.17974       51.58508       62.89004       53.52992       39.15232       25.11746       17.3648        13.47676       12.11023       12.39812       14.48315       17.37298       19.83117       22.71332       19.67065       17.07715       17.48535       1.70141E+38    1.70141E+38    1.70141E+38    

23.82382       24.75548       29.59742       31.79224       30.52315       29.48263       26.96734       24.05066       19.3667        16.00704       13.64729       12.3311        12.63724       13.65661       16.81472       22.19446       32.7336        35.83603       26.70904       22.74008       1.70141E+38    1.70141E+38    1.70141E+38    

23.56481       23.59049       28.19919       31.2015        26.56936       24.72834       22.90209       21.18865       18.88711       17.54075       15.19839       12.95169       12.4846        13.25914       16.01694       20.59092       27.229         37.61438       38.30121       31.33108       1.70141E+38    1.70141E+38    1.70141E+38    

26.26256       29.67946       37.49533       39.16922       33.39931       30.56165       29.47086       30.13849       30.57369       31.38235       20.55568       13.0156        12.31949       13.05953       15.53213       18.84415       22.42209       28.83977       38.04488       52.19124       1.70141E+38    1.70141E+38    1.70141E+38    

34.49349       44.14076       52.9471        59.29204       58.06347       54.80011       70.20458       100            87.27894       56.28097       21.36925       12.91021       12.49766       13.30939       14.91682       17.04494       19.08327       22.4228        26.70506       36.35075       1.70141E+38    1.70141E+38    1.70141E+38    

41.50858       44.2433        44.81483       45.79441       53.46418       64.67785       81.43353       100            100            30.63988       14.75229       12.97691       12.8818        14.53199       15.28428       15.73712       16.73965       17.76759       18.90493       22.18665       1.70141E+38    1.70141E+38    1.70141E+38    

33.32769       31.99573       33.60289       34.63931       40.22761       43.99671       48.24557       39.2484        26.20965       16.57087       13.69221       12.7977        12.84324       14.77121       16.66801       16.82356       16.42622       16.38521       16.56845       17.70478       1.70141E+38    1.70141E+38    1.70141E+38    

33.98281       33.12709       36.80319       42.28954       52.98438       57.34289       46.13721       24.0844        15.71214       14.26863       13.58866       13.08048       12.80807       14.04331       15.79311       16.77725       18.20386       17.95071       16.5855        16.40022       1.70141E+38    1.70141E+38    1.70141E+38    

48.36021       50.43819       59.63942       70.69101       86.47095       88.26846       38.20568       18.9495        15.03772       13.85813       14.15413       14.80795       13.62669       13.88202       15.18928       15.52908       16.71589       18.43923       18.39025       17.25661       1.70141E+38    1.70141E+38    1.70141E+38    

82.54265       75.91922       82.08202       91.41602       73.75191       33.34023       18.97901       16.83537       15.70758       14.86097       15.4101        18.81669       17.02977       15.69847       16.6982        15.33763       15.30003       16.56239       17.44784       17.6207        1.70141E+38    1.70141E+38    1.70141E+38    

1.70141E+38    1.70141E+38    1.70141E+38    1.70141E+38    1.70141E+38    1.70141E+38    1.70141E+38    1.70141E+38    1.70141E+38    1.70141E+38    1.70141E+38    1.70141E+38    1.70141E+38    1.70141E+38    1.70141E+38    1.70141E+38    1.70141E+38    1.70141E+38    1.70141E+38    1.70141E+38    1.70141E+38    1.70141E+38    1.70141E+38    

1.70141E+38    1.70141E+38    1.70141E+38    1.70141E+38    1.70141E+38    1.70141E+38    1.70141E+38    1.70141E+38    1.70141E+38    1.70141E+38    1.70141E+38    1.70141E+38    1.70141E+38    1.70141E+38    1.70141E+38    1.70141E+38    1.70141E+38    1.70141E+38    1.70141E+38    1.70141E+38    1.70141E+38    1.70141E+38    1.70141E+38    

1.70141E+38    1.70141E+38    1.70141E+38    1.70141E+38    1.70141E+38    1.70141E+38    1.70141E+38    1.70141E+38    1.70141E+38    1.70141E+38    1.70141E+38    1.70141E+38    1.70141E+38    1.70141E+38    1.70141E+38    1.70141E+38    1.70141E+38    1.70141E+38    1.70141E+38    1.70141E+38    1.70141E+38    1.70141E+38    1.70141E+38    

1.70141E+38    1.70141E+38    1.70141E+38    1.70141E+38    1.70141E+38    1.70141E+38    1.70141E+38    1.70141E+38    1.70141E+38    1.70141E+38    1.70141E+38    1.70141E+38    1.70141E+38    1.70141E+38    1.70141E+38    1.70141E+38    1.70141E+38    1.70141E+38    1.70141E+38    1.70141E+38    1.70141E+38    1.70141E+38    1.70141E+38    

1.70141E+38    1.70141E+38    1.70141E+38    1.70141E+38    1.70141E+38    1.70141E+38    1.70141E+38    1.70141E+38    1.70141E+38    1.70141E+38    1.70141E+38    1.70141E+38    1.70141E+38    1.70141E+38    1.70141E+38    1.70141E+38    1.70141E+38    1.70141E+38    1.70141E+38    1.70141E+38    1.70141E+38    1.70141E+38    1.70141E+38    

1.70141E+38    1.70141E+38    1.70141E+38    1.70141E+38    1.70141E+38    1.70141E+38    1.70141E+38    1.70141E+38    1.70141E+38    1.70141E+38    1.70141E+38    1.70141E+38    1.70141E+38    1.70141E+38    1.70141E+38    1.70141E+38    1.70141E+38    1.70141E+38    1.70141E+38    1.70141E+38    1.70141E+38    1.70141E+38    1.70141E+38    

1.70141E+38    1.70141E+38    1.70141E+38    1.70141E+38    1.70141E+38    1.70141E+38    1.70141E+38    1.70141E+38    1.70141E+38    1.70141E+38    1.70141E+38    1.70141E+38    1.70141E+38    1.70141E+38    1.70141E+38    1.70141E+38    1.70141E+38    1.70141E+38    1.70141E+38    1.70141E+38    1.70141E+38    1.70141E+38    1.70141E+38    

1.70141E+38    1.70141E+38    1.70141E+38    1.70141E+38    1.70141E+38    1.70141E+38    1.70141E+38    1.70141E+38    1.70141E+38    1.70141E+38    1.70141E+38    1.70141E+38    1.70141E+38    1.70141E+38    1.70141E+38    1.70141E+38    1.70141E+38    1.70141E+38    1.70141E+38    1.70141E+38    1.70141E+38    1.70141E+38    1.70141E+38    

