py_wake/examples/data/ParqueFicticio/Ridge area   Sector 7   Height 200m   Mean speed.grd
DSAA
23  33
 262878   265078
 6504214   6507414
 5.337305   7.385084
1.70141E+38    1.70141E+38    1.70141E+38    1.70141E+38    1.70141E+38    1.70141E+38    1.70141E+38    1.70141E+38    1.70141E+38    1.70141E+38    1.70141E+38    1.70141E+38    1.70141E+38    1.70141E+38    1.70141E+38    1.70141E+38    1.70141E+38    1.70141E+38    1.70141E+38    1.70141E+38    1.70141E+38    1.70141E+38    1.70141E+38    

1.70141E+38    1.70141E+38    1.70141E+38    1.70141E+38    1.70141E+38    1.70141E+38    1.70141E+38    1.70141E+38    1.70141E+38    1.70141E+38    1.70141E+38    1.70141E+38    1.70141E+38    1.70141E+38    1.70141E+38    1.70141E+38    1.70141E+38    1.70141E+38    1.70141E+38    1.70141E+38    1.70141E+38    1.70141E+38    1.70141E+38    

1.70141E+38    1.70141E+38    1.70141E+38    1.70141E+38    1.70141E+38    1.70141E+38    1.70141E+38    1.70141E+38    1.70141E+38    1.70141E+38    1.70141E+38    1.70141E+38    1.70141E+38    1.70141E+38    1.70141E+38    1.70141E+38    1.70141E+38    1.70141E+38    1.70141E+38    1.70141E+38    1.70141E+38    1.70141E+38    1.70141E+38    

1.70141E+38    1.70141E+38    1.70141E+38    1.70141E+38    1.70141E+38    1.70141E+38    1.70141E+38    1.70141E+38    1.70141E+38    1.70141E+38    1.70141E+38    1.70141E+38    1.70141E+38    1.70141E+38    1.70141E+38    1.70141E+38    1.70141E+38    1.70141E+38    1.70141E+38    1.70141E+38    1.70141E+38    1.70141E+38    1.70141E+38    

1.70141E+38    1.70141E+38    1.70141E+38    1.70141E+38    1.70141E+38    1.70141E+38    1.70141E+38    1.70141E+38    1.70141E+38    1.70141E+38    1.70141E+38    1.70141E+38    1.70141E+38    1.70141E+38    1.70141E+38    1.70141E+38    1.70141E+38    1.70141E+38    1.70141E+38    1.70141E+38    1.70141E+38    1.70141E+38    1.70141E+38    

5.863173       5.910218       5.9818         6.075869       6.171637       6.242203       6.265289       6.244032       6.222418       6.259776       6.281991       6.267658       6.220056       6.081346       5.86713        5.655071       5.465165       5.337305       5.367802       5.578827       1.70141E+38    1.70141E+38    1.70141E+38    

5.91205        5.947559       5.975545       6.022603       6.095767       6.176687       6.240952       6.268393       6.332663       6.378795       6.395293       6.365696       6.265629       6.048018       5.778607       5.558194       5.399179       5.363388       5.541166       5.798127       1.70141E+38    1.70141E+38    1.70141E+38    

5.910528       5.977894       6.022211       6.013271       5.99222        6.003875       6.037065       6.109876       6.244009       6.35142        6.417045       6.399757       6.268814       6.018757       5.750246       5.544574       5.421523       5.48485        5.745737       5.985244       1.70141E+38    1.70141E+38    1.70141E+38    

5.860004       5.944381       6.02502        6.053287       6.039851       6.025698       6.003866       6.023272       6.129584       6.261526       6.396929       6.442283       6.305455       6.067091       5.844146       5.674206       5.544806       5.646646       5.942989       6.164923       1.70141E+38    1.70141E+38    1.70141E+38    

5.80009        5.896451       6.02465        6.117963       6.169316       6.222136       6.264007       6.278919       6.331136       6.383662       6.470001       6.525798       6.445398       6.28396        6.098978       5.920395       5.784698       5.862272       6.135993       6.349812       1.70141E+38    1.70141E+38    1.70141E+38    

5.8249         5.860802       6.028106       6.199214       6.321554       6.415456       6.49654        6.560378       6.63623        6.660947       6.678416       6.693479       6.63364        6.515005       6.341364       6.176472       6.120858       6.23134        6.443281       6.600899       1.70141E+38    1.70141E+38    1.70141E+38    

5.9886         5.852767       5.956          6.156534       6.324321       6.445714       6.536355       6.6552         6.747829       6.80379        6.830127       6.836793       6.782293       6.664817       6.522479       6.464554       6.57323        6.747548       6.865541       6.911237       1.70141E+38    1.70141E+38    1.70141E+38    

6.305688       6.023628       5.872186       5.97107        6.142103       6.287596       6.398335       6.526756       6.666268       6.778533       6.863035       6.911094       6.887339       6.787982       6.70283        6.787293       7.019488       7.160366       7.209073       7.185385       1.70141E+38    1.70141E+38    1.70141E+38    

6.64465        6.413157       6.108243       5.981124       5.984299       6.083314       6.212282       6.327669       6.491478       6.674492       6.848569       6.963295       6.976182       6.912493       6.895265       7.09483        7.278429       7.361898       7.377212       7.338524       1.70141E+38    1.70141E+38    1.70141E+38    

6.907864       6.789041       6.584532       6.437494       6.249856       6.201746       6.327312       6.470604       6.620072       6.765084       6.924948       7.050965       7.088483       7.064415       7.078382       7.242053       7.345929       7.385084       7.372577       7.324132       1.70141E+38    1.70141E+38    1.70141E+38    

7.090566       7.061216       6.97626        6.8857         6.773039       6.654439       6.657549       6.765246       6.887068       6.990639       7.081826       7.152168       7.186799       7.182788       7.176228       7.246558       7.24928        7.215866       7.166166       7.105766       1.70141E+38    1.70141E+38    1.70141E+38    

7.137394       7.150828       7.12487        7.075473       7.013253       6.937415       6.901965       6.944062       7.007497       7.070976       7.130221       7.182926       7.208335       7.21651        7.177596       7.146756       7.014715       6.860568       6.772638       6.73145        1.70141E+38    1.70141E+38    1.70141E+38    

6.999348       7.046654       7.041334       7.004379       6.965915       6.904529       6.893353       6.919185       6.951507       6.981774       7.033088       7.11289        7.169005       7.18106        7.127759       7.014878       6.834821       6.578514       6.392136       6.359662       1.70141E+38    1.70141E+38    1.70141E+38    

6.691509       6.743731       6.739204       6.711214       6.691629       6.647351       6.670481       6.681622       6.698313       6.723949       6.83331        7.001248       7.09296        7.100049       7.021453       6.862309       6.670277       6.422546       6.153693       6.054767       1.70141E+38    1.70141E+38    1.70141E+38    

6.30517        6.331954       6.385012       6.41246        6.405406       6.386361       6.388146       6.387216       6.447309       6.607067       6.788828       6.955088       7.006517       6.975577       6.877672       6.725585       6.53933        6.31564        6.098459       5.921442       1.70141E+38    1.70141E+38    1.70141E+38    

6.169014       6.234761       6.347991       6.439692       6.450671       6.425593       6.440119       6.46277        6.554711       6.747679       6.909992       6.980937       6.956428       6.815147       6.66061        6.550049       6.44978        6.333143       6.19032        6.022136       1.70141E+38    1.70141E+38    1.70141E+38    

6.326358       6.41639        6.47173        6.514854       6.516551       6.531879       6.565748       6.661894       6.778872       6.909425       6.99194        6.999554       6.928015       6.747554       6.498591       6.321999       6.254728       6.228807       6.188826       6.083611       1.70141E+38    1.70141E+38    1.70141E+38    

6.379766       6.418613       6.415121       6.395637       6.394309       6.448421       6.570668       6.762193       6.908135       6.973981       6.978745       6.933197       6.860138       6.734647       6.54153        6.314838       6.114923       6.014912       5.995325       5.96588        1.70141E+38    1.70141E+38    1.70141E+38    

6.270242       6.255132       6.235316       6.245159       6.318769       6.450272       6.637525       6.809766       6.904034       6.919894       6.856864       6.74064        6.668195       6.617064       6.531825       6.428705       6.254444       6.13894        5.981683       5.934356       1.70141E+38    1.70141E+38    1.70141E+38    

6.055309       6.088335       6.167016       6.308605       6.467338       6.617368       6.740699       6.802041       6.805933       6.754606       6.642983       6.463272       6.370804       6.357396       6.34264        6.382325       6.359562       6.260847       6.124848       6.481985       1.70141E+38    1.70141E+38    1.70141E+38    

1.70141E+38    1.70141E+38    1.70141E+38    1.70141E+38    1.70141E+38    1.70141E+38    1.70141E+38    1.70141E+38    1.70141E+38    1.70141E+38    1.70141E+38    1.70141E+38    1.70141E+38    1.70141E+38    1.70141E+38    1.70141E+38    1.70141E+38    1.70141E+38    1.70141E+38    1.70141E+38    1.70141E+38    1.70141E+38    1.70141E+38    

1.70141E+38    1.70141E+38    1.70141E+38    1.70141E+38    1.70141E+38    1.70141E+38    1.70141E+38    1.70141E+38    1.70141E+38    1.70141E+38    1.70141E+38    1.70141E+38    1.70141E+38    1.70141E+38    1.70141E+38    1.70141E+38    1.70141E+38    1.70141E+38    1.70141E+38    1.70141E+38    1.70141E+38    1.70141E+38    1.70141E+38    

1.70141E+38    1.70141E+38    1.70141E+38    1.70141E+38    1.70141E+38    1.70141E+38    1.70141E+38    1.70141E+38    1.70141E+38    1.70141E+38    1.70141E+38    1.70141E+38    1.70141E+38    1.70141E+38    1.70141E+38    1.70141E+38    1.70141E+38    1.70141E+38    1.70141E+38    1.70141E+38    1.70141E+38    1.70141E+38    1.70141E+38    

1.70141E+38    1.70141E+38    1.70141E+38    1.70141E+38    1.70141E+38    1.70141E+38    1.70141E+38    1.70141E+38    1.70141E+38    1.70141E+38    1.70141E+38    1.70141E+38    1.70141E+38    1.70141E+38    1.70141E+38    1.70141E+38    1.70141E+38    1.70141E+38    1.70141E+38    1.70141E+38    1.70141E+38    1.70141E+38    1.70141E+38    

1.70141E+38    1.70141E+38    1.70141E+38    1.70141E+38    1.70141E+38    1.70141E+38    1.70141E+38    1.70141E+38    1.70141E+38    1.70141E+38    1.70141E+38    1.70141E+38    1.70141E+38    1.70141E+38    1.70141E+38    1.70141E+38    1.70141E+38    1.70141E+38    1.70141E+38    1.70141E+38    1.70141E+38    1.70141E+38    1.70141E+38    

1.70141E+38    1.70141E+38    1.70141E+38    1.70141E+38    1.70141E+38    1.70141E+38    1.70141E+38    1.70141E+38    1.70141E+38    1.70141E+38    1.70141E+38    1.70141E+38    1.70141E+38    1.70141E+38    1.70141E+38    1.70141E+38    1.70141E+38    1.70141E+38    1.70141E+38    1.70141E+38    1.70141E+38    1.70141E+38    1.70141E+38    

1.70141E+38    1.70141E+38    1.70141E+38    1.70141E+38    1.70141E+38    1.70141E+38    1.70141E+38    1.70141E+38    1.70141E+38    1.70141E+38    1.70141E+38    1.70141E+38    1.70141E+38    1.70141E+38    1.70141E+38    1.70141E+38    1.70141E+38    1.70141E+38    1.70141E+38    1.70141E+38    1.70141E+38    1.70141E+38    1.70141E+38    

1.70141E+38    1.70141E+38    1.70141E+38    1.70141E+38    1.70141E+38    1.70141E+38    1.70141E+38    1.70141E+38    1.70141E+38    1.70141E+38    1.70141E+38    1.70141E+38    1.70141E+38    1.70141E+38    1.70141E+38    1.70141E+38    1.70141E+38    1.70141E+38    1.70141E+38    1.70141E+38    1.70141E+38    1.70141E+38    1.70141E+38    

