py_wake/examples/data/ParqueFicticio/Ridge area   Sector 5   Height 30m   Weibull-A.grd
DSAA
23  33
 262878   265078
 6504214   6507414
 .7276855   10.76927
1.70141E+38    1.70141E+38    1.70141E+38    1.70141E+38    1.70141E+38    1.70141E+38    1.70141E+38    1.70141E+38    1.70141E+38    1.70141E+38    1.70141E+38    1.70141E+38    1.70141E+38    1.70141E+38    1.70141E+38    1.70141E+38    1.70141E+38    1.70141E+38    1.70141E+38    1.70141E+38    1.70141E+38    1.70141E+38    1.70141E+38    

1.70141E+38    1.70141E+38    1.70141E+38    1.70141E+38    1.70141E+38    1.70141E+38    1.70141E+38    1.70141E+38    1.70141E+38    1.70141E+38    1.70141E+38    1.70141E+38    1.70141E+38    1.70141E+38    1.70141E+38    1.70141E+38    1.70141E+38    1.70141E+38    1.70141E+38    1.70141E+38    1.70141E+38    1.70141E+38    1.70141E+38    

1.70141E+38    1.70141E+38    1.70141E+38    1.70141E+38    1.70141E+38    1.70141E+38    1.70141E+38    1.70141E+38    1.70141E+38    1.70141E+38    1.70141E+38    1.70141E+38    1.70141E+38    1.70141E+38    1.70141E+38    1.70141E+38    1.70141E+38    1.70141E+38    1.70141E+38    1.70141E+38    1.70141E+38    1.70141E+38    1.70141E+38    

1.70141E+38    1.70141E+38    1.70141E+38    1.70141E+38    1.70141E+38    1.70141E+38    1.70141E+38    1.70141E+38    1.70141E+38    1.70141E+38    1.70141E+38    1.70141E+38    1.70141E+38    1.70141E+38    1.70141E+38    1.70141E+38    1.70141E+38    1.70141E+38    1.70141E+38    1.70141E+38    1.70141E+38    1.70141E+38    1.70141E+38    

1.70141E+38    1.70141E+38    1.70141E+38    1.70141E+38    1.70141E+38    1.70141E+38    1.70141E+38    1.70141E+38    1.70141E+38    1.70141E+38    1.70141E+38    1.70141E+38    1.70141E+38    1.70141E+38    1.70141E+38    1.70141E+38    1.70141E+38    1.70141E+38    1.70141E+38    1.70141E+38    1.70141E+38    1.70141E+38    1.70141E+38    

5.539615       5.516317       5.620927       6.050576       6.596786       7.368817       7.864609       8.462132       8.551707       9.101634       9.289941       8.922983       8.444728       7.471157       6.536489       5.897049       4.896266       4.020144       4.161718       5.904344       1.70141E+38    1.70141E+38    1.70141E+38    

5.382062       5.28438        4.995521       4.951741       5.379389       6.045641       7.023422       8.225714       9.148326       9.644359       9.938656       9.572428       8.648732       7.142735       6.039727       5.273687       3.75351        1.064819       4.096502       6.672429       1.70141E+38    1.70141E+38    1.70141E+38    

4.702205       4.96316        5.191853       4.730762       4.263305       4.328344       4.880703       6.158189       7.756809       9.080032       10.18199       9.930486       8.612726       7.017112       3.036078       4.755266       .9321501       .8571104       5.789023       7.157504       1.70141E+38    1.70141E+38    1.70141E+38    

3.93646        4.214338       4.718257       4.833163       4.536078       4.432125       4.430842       4.897399       5.785117       7.443884       9.448096       10.33081       8.732903       6.871928       3.154155       4.003639       1.70158        .7276855       6.467272       7.680842       1.70141E+38    1.70141E+38    1.70141E+38    

3.368954       3.633113       4.2365         4.62993        4.589506       4.949489       5.511657       6.500749       6.849858       7.401176       8.938493       10.16029       9.133442       7.353981       5.688234       2.583695       1.401124       1.239265       6.383606       7.949692       1.70141E+38    1.70141E+38    1.70141E+38    

3.358471       3.010393       3.686633       4.534902       4.940338       5.249198       6.066103       7.665817       8.738679       8.992208       9.479508       10.14216       9.351292       7.994939       5.979465       1.777063       1.31386        4.405512       6.807015       8.048523       1.70141E+38    1.70141E+38    1.70141E+38    

3.823515       2.384991       2.538547       3.54759        4.513512       5.412792       5.961675       7.331671       8.772778       9.674161       10.18781       10.51855       9.610388       7.984397       5.782717       2.301489       5.0032         7.092921       7.761824       8.201018       1.70141E+38    1.70141E+38    1.70141E+38    

4.844357       2.600236       1.511968       1.588058       2.448887       3.216677       3.350118       4.429452       6.909171       8.662684       9.940398       10.76927       9.936529       7.772405       5.478069       4.470952       6.88025        8.381332       8.733204       8.565791       1.70141E+38    1.70141E+38    1.70141E+38    

6.055044       3.800049       1.937284       1.380886       .9899299       .9938447       1.275519       1.574038       3.169453       6.111773       8.942275       10.49908       9.775153       7.567985       5.558442       5.525426       7.414336       8.548997       9.115965       9.003465       1.70141E+38    1.70141E+38    1.70141E+38    

6.839021       5.17815        3.336566       2.88289        1.678458       1.215478       1.867126       3.009228       4.461755       5.967648       8.202104       9.955402       9.954184       7.928338       6.154165       6.11647        6.730529       7.707884       8.439452       8.752615       1.70141E+38    1.70141E+38    1.70141E+38    

6.874921       6.313406       4.829906       4.504189       3.662619       2.829438       3.377904       4.579285       6.277879       7.609025       8.813353       9.88306        10.14001       8.928782       7.244363       6.040934       4.995676       5.55967        6.795662       7.410774       1.70141E+38    1.70141E+38    1.70141E+38    

6.708174       6.831134       5.930245       5.417389       5.384441       5.232163       5.331913       5.625943       6.56262        7.697679       8.86833        9.928615       9.964748       9.531946       7.763703       5.628655       3.557934       2.649568       3.516797       4.675211       1.70141E+38    1.70141E+38    1.70141E+38    

5.670502       6.142426       5.493275       4.621679       5.04138        5.247124       5.388217       5.616082       6.283863       6.924532       7.865588       9.32671        9.975309       9.676317       8.347066       6.363971       4.49838        2.806791       1.621457       2.369477       1.70141E+38    1.70141E+38    1.70141E+38    

4.516961       4.607208       3.944684       3.165838       3.399783       3.80521        4.107039       4.175251       4.423707       4.523896       6.087145       8.658103       9.617415       9.562155       8.353094       6.831792       5.549975       3.98234        1.566303       .7301611       1.70141E+38    1.70141E+38    1.70141E+38    

3.113883       3.280923       3.214735       2.701466       2.561301       3.028246       2.91756        2.627284       3.044435       4.76743        6.508287       8.476619       8.978212       8.759818       8.303686       7.431471       6.368737       4.92826        3.408553       1.237093       1.70141E+38    1.70141E+38    1.70141E+38    

3.263324       3.610974       3.967155       4.298368       4.196034       4.042695       4.082898       3.917205       4.186931       6.11222        7.815492       8.78943        8.853193       7.460163       7.098912       7.368102       7.337527       6.16053        5.81575        4.502648       1.70141E+38    1.70141E+38    1.70141E+38    

4.407698       4.990818       5.204373       5.523865       5.358198       5.376233       5.310402       5.811038       5.988961       7.021227       8.251148       9.069968       9.269057       7.807185       5.029343       4.587523       5.489043       6.298532       7.112359       6.59995        1.70141E+38    1.70141E+38    1.70141E+38    

4.761878       5.227354       5.053441       4.734054       4.498048       4.50374        4.61352        5.785878       7.172125       7.785728       8.125351       8.525278       9.406744       9.264072       7.879997       5.686635       4.321866       4.655063       5.633923       6.537053       1.70141E+38    1.70141E+38    1.70141E+38    

4.418346       4.438185       4.093903       3.845923       3.7955         3.886983       4.545478       5.836194       7.119817       7.80084        7.734554       7.275136       8.134814       9.103267       9.106203       8.795595       6.176532       4.437313       4.124998       4.751274       1.70141E+38    1.70141E+38    1.70141E+38    

3.38501        3.364446       3.229916       3.504548       4.040053       4.842418       5.917304       6.464928       6.833559       7.222539       7.206198       4.292547       6.335906       7.52641        7.684793       8.824655       9.139265       7.5496         4.801799       4.354814       1.70141E+38    1.70141E+38    1.70141E+38    

1.70141E+38    1.70141E+38    1.70141E+38    1.70141E+38    1.70141E+38    1.70141E+38    1.70141E+38    1.70141E+38    1.70141E+38    1.70141E+38    1.70141E+38    1.70141E+38    1.70141E+38    1.70141E+38    1.70141E+38    1.70141E+38    1.70141E+38    1.70141E+38    1.70141E+38    1.70141E+38    1.70141E+38    1.70141E+38    1.70141E+38    

1.70141E+38    1.70141E+38    1.70141E+38    1.70141E+38    1.70141E+38    1.70141E+38    1.70141E+38    1.70141E+38    1.70141E+38    1.70141E+38    1.70141E+38    1.70141E+38    1.70141E+38    1.70141E+38    1.70141E+38    1.70141E+38    1.70141E+38    1.70141E+38    1.70141E+38    1.70141E+38    1.70141E+38    1.70141E+38    1.70141E+38    

1.70141E+38    1.70141E+38    1.70141E+38    1.70141E+38    1.70141E+38    1.70141E+38    1.70141E+38    1.70141E+38    1.70141E+38    1.70141E+38    1.70141E+38    1.70141E+38    1.70141E+38    1.70141E+38    1.70141E+38    1.70141E+38    1.70141E+38    1.70141E+38    1.70141E+38    1.70141E+38    1.70141E+38    1.70141E+38    1.70141E+38    

1.70141E+38    1.70141E+38    1.70141E+38    1.70141E+38    1.70141E+38    1.70141E+38    1.70141E+38    1.70141E+38    1.70141E+38    1.70141E+38    1.70141E+38    1.70141E+38    1.70141E+38    1.70141E+38    1.70141E+38    1.70141E+38    1.70141E+38    1.70141E+38    1.70141E+38    1.70141E+38    1.70141E+38    1.70141E+38    1.70141E+38    

1.70141E+38    1.70141E+38    1.70141E+38    1.70141E+38    1.70141E+38    1.70141E+38    1.70141E+38    1.70141E+38    1.70141E+38    1.70141E+38    1.70141E+38    1.70141E+38    1.70141E+38    1.70141E+38    1.70141E+38    1.70141E+38    1.70141E+38    1.70141E+38    1.70141E+38    1.70141E+38    1.70141E+38    1.70141E+38    1.70141E+38    

1.70141E+38    1.70141E+38    1.70141E+38    1.70141E+38    1.70141E+38    1.70141E+38    1.70141E+38    1.70141E+38    1.70141E+38    1.70141E+38    1.70141E+38    1.70141E+38    1.70141E+38    1.70141E+38    1.70141E+38    1.70141E+38    1.70141E+38    1.70141E+38    1.70141E+38    1.70141E+38    1.70141E+38    1.70141E+38    1.70141E+38    

1.70141E+38    1.70141E+38    1.70141E+38    1.70141E+38    1.70141E+38    1.70141E+38    1.70141E+38    1.70141E+38    1.70141E+38    1.70141E+38    1.70141E+38    1.70141E+38    1.70141E+38    1.70141E+38    1.70141E+38    1.70141E+38    1.70141E+38    1.70141E+38    1.70141E+38    1.70141E+38    1.70141E+38    1.70141E+38    1.70141E+38    

1.70141E+38    1.70141E+38    1.70141E+38    1.70141E+38    1.70141E+38    1.70141E+38    1.70141E+38    1.70141E+38    1.70141E+38    1.70141E+38    1.70141E+38    1.70141E+38    1.70141E+38    1.70141E+38    1.70141E+38    1.70141E+38    1.70141E+38    1.70141E+38    1.70141E+38    1.70141E+38    1.70141E+38    1.70141E+38    1.70141E+38    

