py_wake/examples/data/ParqueFicticio/Ridge area   Sector 10   Height 30m   Weibull-A.grd
DSAA
23  33
 262878   265078
 6504214   6507414
 .5149687   11.91661
1.70141E+38    1.70141E+38    1.70141E+38    1.70141E+38    1.70141E+38    1.70141E+38    1.70141E+38    1.70141E+38    1.70141E+38    1.70141E+38    1.70141E+38    1.70141E+38    1.70141E+38    1.70141E+38    1.70141E+38    1.70141E+38    1.70141E+38    1.70141E+38    1.70141E+38    1.70141E+38    1.70141E+38    1.70141E+38    1.70141E+38    

1.70141E+38    1.70141E+38    1.70141E+38    1.70141E+38    1.70141E+38    1.70141E+38    1.70141E+38    1.70141E+38    1.70141E+38    1.70141E+38    1.70141E+38    1.70141E+38    1.70141E+38    1.70141E+38    1.70141E+38    1.70141E+38    1.70141E+38    1.70141E+38    1.70141E+38    1.70141E+38    1.70141E+38    1.70141E+38    1.70141E+38    

1.70141E+38    1.70141E+38    1.70141E+38    1.70141E+38    1.70141E+38    1.70141E+38    1.70141E+38    1.70141E+38    1.70141E+38    1.70141E+38    1.70141E+38    1.70141E+38    1.70141E+38    1.70141E+38    1.70141E+38    1.70141E+38    1.70141E+38    1.70141E+38    1.70141E+38    1.70141E+38    1.70141E+38    1.70141E+38    1.70141E+38    

1.70141E+38    1.70141E+38    1.70141E+38    1.70141E+38    1.70141E+38    1.70141E+38    1.70141E+38    1.70141E+38    1.70141E+38    1.70141E+38    1.70141E+38    1.70141E+38    1.70141E+38    1.70141E+38    1.70141E+38    1.70141E+38    1.70141E+38    1.70141E+38    1.70141E+38    1.70141E+38    1.70141E+38    1.70141E+38    1.70141E+38    

1.70141E+38    1.70141E+38    1.70141E+38    1.70141E+38    1.70141E+38    1.70141E+38    1.70141E+38    1.70141E+38    1.70141E+38    1.70141E+38    1.70141E+38    1.70141E+38    1.70141E+38    1.70141E+38    1.70141E+38    1.70141E+38    1.70141E+38    1.70141E+38    1.70141E+38    1.70141E+38    1.70141E+38    1.70141E+38    1.70141E+38    

5.953383       5.981898       6.099217       6.507349       7.024551       7.687738       8.091811       8.744383       9.11395        9.860322       10.65275       10.71155       10.36213       8.083084       1.014906       1.369858       1.335271       1.213731       1.790228       3.264942       1.70141E+38    1.70141E+38    1.70141E+38    

6.012626       6.100321       6.152797       6.354534       6.760258       7.209212       7.798191       8.592532       9.36581        10.12007       11.01956       10.99909       9.835287       3.303021       1.240048       1.58327        1.501691       1.394776       2.348546       4.284363       1.70141E+38    1.70141E+38    1.70141E+38    

5.777921       6.136066       6.611084       6.65314        6.621183       6.842844       7.234588       7.912443       8.812719       9.804703       10.98737       10.87086       7.225916       1.384495       .8384203       2.101196       1.619872       1.828757       3.004965       4.163737       1.70141E+38    1.70141E+38    1.70141E+38    

5.529434       5.871849       6.477541       6.764162       6.744132       6.969144       7.253983       7.724986       8.252343       9.007108       10.44437       10.82751       4.542988       1.256465       .8669172       .8808249       1.398574       1.983143       2.786265       4.19464        1.70141E+38    1.70141E+38    1.70141E+38    

5.339614       5.580078       6.177606       6.671187       6.785427       7.157487       7.648758       8.574492       8.94932        9.211813       10.16028       10.92465       7.770693       1.919722       .7243979       .6729323       2.236311       2.463578       3.150909       4.655072       1.70141E+38    1.70141E+38    1.70141E+38    

5.666059       5.189476       5.832193       6.644515       7.108139       7.466501       7.928707       8.984282       9.950162       10.23505       10.64472       11.28211       9.745932       4.016526       1.087244       1.715012       2.067729       3.032185       4.425852       6.050386       1.70141E+38    1.70141E+38    1.70141E+38    

6.505085       4.776302       5.03955        6.152878       7.120462       7.8392         8.134861       8.955421       9.898917       10.54816       11.16715       11.71276       10.47845       5.510527       1.425045       1.721544       3.683221       5.857967       7.096147       7.417706       1.70141E+38    1.70141E+38    1.70141E+38    

7.612614       4.799282       2.219091       3.829295       5.662169       6.90942        7.386509       8.007333       9.108459       10.02096       11.03142       11.91661       10.81725       5.071198       1.99201        2.018501       5.087721       8.051438       8.890192       8.528692       1.70141E+38    1.70141E+38    1.70141E+38    

8.435472       6.412985       1.149023       1.580842       1.910994       4.275314       6.080729       6.692007       7.597744       8.656192       10.20518       11.71694       10.64295       4.119762       1.494549       2.203842       5.598924       7.907787       8.667825       8.093618       1.70141E+38    1.70141E+38    1.70141E+38    

8.888411       7.564888       3.504261       3.733451       2.549759       3.121749       5.330815       6.444197       7.432079       8.220088       9.569902       11.33084       10.71988       6.348625       2.008806       2.469433       4.158824       5.829957       6.723846       6.549051       1.70141E+38    1.70141E+38    1.70141E+38    

8.943654       8.57163        6.871493       6.481218       5.553078       4.75633        5.620346       6.735884       7.971754       8.876876       10.04075       11.17918       11.04618       9.435049       6.093322       3.499747       2.811888       3.61647        4.318015       4.233801       1.70141E+38    1.70141E+38    1.70141E+38    

8.913823       9.060563       8.062531       7.449739       7.49059        7.363653       7.543799       7.848827       8.604693       9.29493        10.20339       11.22178       10.95896       10.18436       6.888005       2.300207       1.527189       1.181303       1.666117       1.977113       1.70141E+38    1.70141E+38    1.70141E+38    

8.629329       8.938173       8.015239       6.902704       7.619773       7.891335       8.180484       8.409982       8.852278       9.049862       9.474923       10.66714       11.04654       10.16416       6.00328        2.840083       1.580939       1.242721       2.180247       1.326766       1.70141E+38    1.70141E+38    1.70141E+38    

8.229593       8.218153       7.083699       6.018905       6.755376       7.399856       7.808208       7.841862       7.98421        7.787939       8.397826       10.47195       11.08639       9.730697       3.749911       4.488835       1.340523       .9397438       .5341464       .6927407       1.70141E+38    1.70141E+38    1.70141E+38    

7.419255       7.020875       6.320867       5.800072       5.796191       6.439563       6.365212       6.042131       6.094261       7.481677       8.862602       10.92225       10.72545       7.92359        2.594053       2.462416       2.154155       1.310379       .6728606       .5149687       1.70141E+38    1.70141E+38    1.70141E+38    

6.86405        6.954492       7.244164       7.614014       7.553215       7.506729       7.539248       7.341523       7.364665       8.654627       10.2456        11.2554        10.47701       5.163874       3.766217       3.457608       2.475492       2.888994       3.182355       3.255192       1.70141E+38    1.70141E+38    1.70141E+38    

7.335007       7.930488       8.012897       8.275674       8.041116       8.066323       7.904527       8.378741       8.697688       9.61003        10.79008       11.18065       10.21261       4.815014       3.098269       2.43039        2.535136       2.942234       3.512175       3.745722       1.70141E+38    1.70141E+38    1.70141E+38    

7.672919       8.163816       7.921321       7.571207       7.250228       7.292221       7.500662       8.64045        9.96034        10.57196       10.83472       10.52587       10.20578       7.427647       4.079314       2.813799       2.221313       2.312927       3.054698       3.788851       1.70141E+38    1.70141E+38    1.70141E+38    

7.409525       7.545103       7.142002       6.88033        7.063087       7.390286       8.119032       9.30441        10.44265       10.9222        10.46773       9.163291       9.035464       8.837289       7.291315       6.609828       5.314009       3.452291       1.324381       2.30862        1.70141E+38    1.70141E+38    1.70141E+38    

6.495136       6.772643       6.776665       7.235885       7.767609       8.406249       9.474449       10.16846       10.44695       10.53018       10.11417       8.032217       7.503498       7.797092       6.867809       7.983135       2.46794        1.861116       4.584563       3.58114        1.70141E+38    1.70141E+38    1.70141E+38    

1.70141E+38    1.70141E+38    1.70141E+38    1.70141E+38    1.70141E+38    1.70141E+38    1.70141E+38    1.70141E+38    1.70141E+38    1.70141E+38    1.70141E+38    1.70141E+38    1.70141E+38    1.70141E+38    1.70141E+38    1.70141E+38    1.70141E+38    1.70141E+38    1.70141E+38    1.70141E+38    1.70141E+38    1.70141E+38    1.70141E+38    

1.70141E+38    1.70141E+38    1.70141E+38    1.70141E+38    1.70141E+38    1.70141E+38    1.70141E+38    1.70141E+38    1.70141E+38    1.70141E+38    1.70141E+38    1.70141E+38    1.70141E+38    1.70141E+38    1.70141E+38    1.70141E+38    1.70141E+38    1.70141E+38    1.70141E+38    1.70141E+38    1.70141E+38    1.70141E+38    1.70141E+38    

1.70141E+38    1.70141E+38    1.70141E+38    1.70141E+38    1.70141E+38    1.70141E+38    1.70141E+38    1.70141E+38    1.70141E+38    1.70141E+38    1.70141E+38    1.70141E+38    1.70141E+38    1.70141E+38    1.70141E+38    1.70141E+38    1.70141E+38    1.70141E+38    1.70141E+38    1.70141E+38    1.70141E+38    1.70141E+38    1.70141E+38    

1.70141E+38    1.70141E+38    1.70141E+38    1.70141E+38    1.70141E+38    1.70141E+38    1.70141E+38    1.70141E+38    1.70141E+38    1.70141E+38    1.70141E+38    1.70141E+38    1.70141E+38    1.70141E+38    1.70141E+38    1.70141E+38    1.70141E+38    1.70141E+38    1.70141E+38    1.70141E+38    1.70141E+38    1.70141E+38    1.70141E+38    

1.70141E+38    1.70141E+38    1.70141E+38    1.70141E+38    1.70141E+38    1.70141E+38    1.70141E+38    1.70141E+38    1.70141E+38    1.70141E+38    1.70141E+38    1.70141E+38    1.70141E+38    1.70141E+38    1.70141E+38    1.70141E+38    1.70141E+38    1.70141E+38    1.70141E+38    1.70141E+38    1.70141E+38    1.70141E+38    1.70141E+38    

1.70141E+38    1.70141E+38    1.70141E+38    1.70141E+38    1.70141E+38    1.70141E+38    1.70141E+38    1.70141E+38    1.70141E+38    1.70141E+38    1.70141E+38    1.70141E+38    1.70141E+38    1.70141E+38    1.70141E+38    1.70141E+38    1.70141E+38    1.70141E+38    1.70141E+38    1.70141E+38    1.70141E+38    1.70141E+38    1.70141E+38    

1.70141E+38    1.70141E+38    1.70141E+38    1.70141E+38    1.70141E+38    1.70141E+38    1.70141E+38    1.70141E+38    1.70141E+38    1.70141E+38    1.70141E+38    1.70141E+38    1.70141E+38    1.70141E+38    1.70141E+38    1.70141E+38    1.70141E+38    1.70141E+38    1.70141E+38    1.70141E+38    1.70141E+38    1.70141E+38    1.70141E+38    

1.70141E+38    1.70141E+38    1.70141E+38    1.70141E+38    1.70141E+38    1.70141E+38    1.70141E+38    1.70141E+38    1.70141E+38    1.70141E+38    1.70141E+38    1.70141E+38    1.70141E+38    1.70141E+38    1.70141E+38    1.70141E+38    1.70141E+38    1.70141E+38    1.70141E+38    1.70141E+38    1.70141E+38    1.70141E+38    1.70141E+38    

