py_wake/examples/data/ParqueFicticio/Ridge area   Sector 7   Height 30m   Flow inclination.grd
DSAA
23  33
 262878   265078
 6504214   6507414
-17.443   21.64349
1.70141E+38    1.70141E+38    1.70141E+38    1.70141E+38    1.70141E+38    1.70141E+38    1.70141E+38    1.70141E+38    1.70141E+38    1.70141E+38    1.70141E+38    1.70141E+38    1.70141E+38    1.70141E+38    1.70141E+38    1.70141E+38    1.70141E+38    1.70141E+38    1.70141E+38    1.70141E+38    1.70141E+38    1.70141E+38    1.70141E+38    

1.70141E+38    1.70141E+38    1.70141E+38    1.70141E+38    1.70141E+38    1.70141E+38    1.70141E+38    1.70141E+38    1.70141E+38    1.70141E+38    1.70141E+38    1.70141E+38    1.70141E+38    1.70141E+38    1.70141E+38    1.70141E+38    1.70141E+38    1.70141E+38    1.70141E+38    1.70141E+38    1.70141E+38    1.70141E+38    1.70141E+38    

1.70141E+38    1.70141E+38    1.70141E+38    1.70141E+38    1.70141E+38    1.70141E+38    1.70141E+38    1.70141E+38    1.70141E+38    1.70141E+38    1.70141E+38    1.70141E+38    1.70141E+38    1.70141E+38    1.70141E+38    1.70141E+38    1.70141E+38    1.70141E+38    1.70141E+38    1.70141E+38    1.70141E+38    1.70141E+38    1.70141E+38    

1.70141E+38    1.70141E+38    1.70141E+38    1.70141E+38    1.70141E+38    1.70141E+38    1.70141E+38    1.70141E+38    1.70141E+38    1.70141E+38    1.70141E+38    1.70141E+38    1.70141E+38    1.70141E+38    1.70141E+38    1.70141E+38    1.70141E+38    1.70141E+38    1.70141E+38    1.70141E+38    1.70141E+38    1.70141E+38    1.70141E+38    

1.70141E+38    1.70141E+38    1.70141E+38    1.70141E+38    1.70141E+38    1.70141E+38    1.70141E+38    1.70141E+38    1.70141E+38    1.70141E+38    1.70141E+38    1.70141E+38    1.70141E+38    1.70141E+38    1.70141E+38    1.70141E+38    1.70141E+38    1.70141E+38    1.70141E+38    1.70141E+38    1.70141E+38    1.70141E+38    1.70141E+38    

4.585217       3.798244       3.568963       4.695465       6.090078       7.581657       10.84803       13.68427       15.08262       14.22966       14.408         13.19861       7.7012         2.703119       .9740258       -.8189164      2.248838       -6.649407      3.809257       17.59887       1.70141E+38    1.70141E+38    1.70141E+38    

4.529213       6.42329        6.666905       3.899287       1.307249       .1838115       .8307422       2.646856       5.442771       7.786871       9.737843       9.699234       6.842208       4.493181       1.967589       4.89527        5.827723       -8.335643      11.69728       16.30848       1.70141E+38    1.70141E+38    1.70141E+38    

3.097733       4.423598       6.707866       6.589137       3.767854       1.09878        -.4362504      -.6653551      -.04614877     1.281638       4.311827       7.262628       6.823077       6.630699       20.29252       12.66868       8.929115       3.728781       16.24573       15.39636       1.70141E+38    1.70141E+38    1.70141E+38    

2.657686       2.58943        2.861468       5.006417       6.761951       7.752903       6.795897       5.485537       4.338778       3.529188       3.954221       6.692118       9.884758       10.86362       20.68047       20.36613       12.6421        6.777996       14.83785       13.19308       1.70141E+38    1.70141E+38    1.70141E+38    

4.934365       3.876695       4.944702       7.071449       9.142581       10.10311       12.18404       13.81364       14.0793        12.21895       9.201592       9.305934       12.53185       16.4262        14.69812       18.99176       16.03314       13.09938       14.45701       12.20206       1.70141E+38    1.70141E+38    1.70141E+38    

9.257284       5.294952       4.850588       6.909837       10.0048        11.11469       11.2151        11.15277       12.38392       13.11805       11.81722       10.75308       11.50644       11.83784       14.94613       21.26288       19.0227        21.04926       18.02096       13.30788       1.70141E+38    1.70141E+38    1.70141E+38    

14.33605       8.040217       3.603198       2.618202       2.996886       3.964957       2.823979       1.820376       1.955975       4.265305       6.720807       8.370296       9.096663       9.028744       14.51507       17.16243       20.34879       21.64349       18.70363       12.71751       1.70141E+38    1.70141E+38    1.70141E+38    

17.32158       13.905         6.005514       .9559274       -1.870457      -3.181016      -4.019835      -4.635683      -3.99869       -2.375825      .7775064       4.420902       8.23937        9.045849       10.93364       10.88073       16.39165       15.23375       12.69953       9.666209       1.70141E+38    1.70141E+38    1.70141E+38    

15.2154        17.76041       13.97215       7.771136       .7314424       -.3162213      -1.565972      -2.098543      -.9498765      -.4072388      1.046449       4.593195       7.75643        10.00926       12.35424       13.21078       8.111456       5.333511       3.500312       3.134233       1.70141E+38    1.70141E+38    1.70141E+38    

10.92821       16.00669       18.1149        17.10559       12.39606       8.987416       7.773957       8.29673        8.568548       8.143334       6.766864       5.431351       7.425282       11.22748       11.75069       7.158227       -.5147034      -5.678156      -7.480677      -7.359946      1.70141E+38    1.70141E+38    1.70141E+38    

8.110891       12.4265        15.67545       14.78069       16.53624       16.08741       13.02675       10.55923       9.5162         8.504553       6.776495       4.994135       5.649451       7.991277       7.568858       1.017482       -6.904044      -11.36189      -13.76266      -13.32749      1.70141E+38    1.70141E+38    1.70141E+38    

1.344479       3.473679       5.044036       4.735745       6.665387       8.85884        7.816097       5.420385       2.634442       .3451428       -.605118       -.2591295      1.20987        3.576686       3.101397       -.9577879      -7.58696       -12.96741      -15.96605      -15.2573       1.70141E+38    1.70141E+38    1.70141E+38    

-6.751357      -5.613145      -3.913203      -4.557178      -3.707754      -3.176617      -3.370836      -4.24678       -5.243104      -6.417689      -6.04017       -3.701512      -.6422347      -.2068765      -1.190698      -1.540492      -4.282592      -11.0125       -7.173886      -16.66463      1.70141E+38    1.70141E+38    1.70141E+38    

-9.609829      -8.110271      1.653663       4.767514       -2.412569      -4.778279      -5.591259      -6.331594      -6.992024      -7.555762      -5.324296      -2.302624      -3.026385      -4.446803      -4.133593      -3.045995      -4.193575      -6.568174      -8.998997      -17.443        1.70141E+38    1.70141E+38    1.70141E+38    

-9.945306      3.481208       -2.356148      -8.344568      -6.054332      -4.296809      -6.683978      -7.960612      -12.32422      -3.53224       2.387965       1.550495       -3.767654      -7.986151      -7.259427      -4.978291      -3.441648      -1.601969      -3.080602      -10.84506      1.70141E+38    1.70141E+38    1.70141E+38    

-2.107292      -1.445516      -1.20051       2.17879        4.142311       3.175373       1.745384       1.193101       2.899951       6.056878       5.982182       .9231252       -4.339853      -9.087103      -8.308764      -9.445945      -6.51968       5.344054       3.920191       .1087064       1.70141E+38    1.70141E+38    1.70141E+38    

4.863515       3.447777       1.614542       -1.333993      -.9143613      -.7369758      .5759897       4.473341       8.590719       6.369069       .7904407       -3.110178      -4.836691      1.088577       2.902131       -1.644324      -4.18516       -2.369882      1.062274       1.90174        1.70141E+38    1.70141E+38    1.70141E+38    

-1.843189      -4.79574       -7.044479      -8.261021      -6.424843      -3.605158      -.170719       3.155417       3.806457       .851514        -5.549338      -10.58088      -9.785219      -1.842112      1.040435       2.297286       -1.590087      -5.11306       -3.309283      -1.712811      1.70141E+38    1.70141E+38    1.70141E+38    

-8.647682      -9.272917      -8.252231      -4.963018      .3430189       4.768151       7.118411       2.906813       -2.796519      -7.06641       -11.68856      -15.20318      -14.88313      -10.11328      -2.33966       -.1997632      .8400949       -5.509627      -7.834289      -6.138051      1.70141E+38    1.70141E+38    1.70141E+38    

-6.968791      -5.70244       -1.668291      2.87547        6.32061        7.379157       4.647859       -.7458636      -7.227259      -10.98263      -12.37511      -4.812891      -.8349399      -8.554292      -6.062108      -10.90121      -2.037299      8.71135        -5.116741      -3.828775      1.70141E+38    1.70141E+38    1.70141E+38    

1.70141E+38    1.70141E+38    1.70141E+38    1.70141E+38    1.70141E+38    1.70141E+38    1.70141E+38    1.70141E+38    1.70141E+38    1.70141E+38    1.70141E+38    1.70141E+38    1.70141E+38    1.70141E+38    1.70141E+38    1.70141E+38    1.70141E+38    1.70141E+38    1.70141E+38    1.70141E+38    1.70141E+38    1.70141E+38    1.70141E+38    

1.70141E+38    1.70141E+38    1.70141E+38    1.70141E+38    1.70141E+38    1.70141E+38    1.70141E+38    1.70141E+38    1.70141E+38    1.70141E+38    1.70141E+38    1.70141E+38    1.70141E+38    1.70141E+38    1.70141E+38    1.70141E+38    1.70141E+38    1.70141E+38    1.70141E+38    1.70141E+38    1.70141E+38    1.70141E+38    1.70141E+38    

1.70141E+38    1.70141E+38    1.70141E+38    1.70141E+38    1.70141E+38    1.70141E+38    1.70141E+38    1.70141E+38    1.70141E+38    1.70141E+38    1.70141E+38    1.70141E+38    1.70141E+38    1.70141E+38    1.70141E+38    1.70141E+38    1.70141E+38    1.70141E+38    1.70141E+38    1.70141E+38    1.70141E+38    1.70141E+38    1.70141E+38    

1.70141E+38    1.70141E+38    1.70141E+38    1.70141E+38    1.70141E+38    1.70141E+38    1.70141E+38    1.70141E+38    1.70141E+38    1.70141E+38    1.70141E+38    1.70141E+38    1.70141E+38    1.70141E+38    1.70141E+38    1.70141E+38    1.70141E+38    1.70141E+38    1.70141E+38    1.70141E+38    1.70141E+38    1.70141E+38    1.70141E+38    

1.70141E+38    1.70141E+38    1.70141E+38    1.70141E+38    1.70141E+38    1.70141E+38    1.70141E+38    1.70141E+38    1.70141E+38    1.70141E+38    1.70141E+38    1.70141E+38    1.70141E+38    1.70141E+38    1.70141E+38    1.70141E+38    1.70141E+38    1.70141E+38    1.70141E+38    1.70141E+38    1.70141E+38    1.70141E+38    1.70141E+38    

1.70141E+38    1.70141E+38    1.70141E+38    1.70141E+38    1.70141E+38    1.70141E+38    1.70141E+38    1.70141E+38    1.70141E+38    1.70141E+38    1.70141E+38    1.70141E+38    1.70141E+38    1.70141E+38    1.70141E+38    1.70141E+38    1.70141E+38    1.70141E+38    1.70141E+38    1.70141E+38    1.70141E+38    1.70141E+38    1.70141E+38    

1.70141E+38    1.70141E+38    1.70141E+38    1.70141E+38    1.70141E+38    1.70141E+38    1.70141E+38    1.70141E+38    1.70141E+38    1.70141E+38    1.70141E+38    1.70141E+38    1.70141E+38    1.70141E+38    1.70141E+38    1.70141E+38    1.70141E+38    1.70141E+38    1.70141E+38    1.70141E+38    1.70141E+38    1.70141E+38    1.70141E+38    

1.70141E+38    1.70141E+38    1.70141E+38    1.70141E+38    1.70141E+38    1.70141E+38    1.70141E+38    1.70141E+38    1.70141E+38    1.70141E+38    1.70141E+38    1.70141E+38    1.70141E+38    1.70141E+38    1.70141E+38    1.70141E+38    1.70141E+38    1.70141E+38    1.70141E+38    1.70141E+38    1.70141E+38    1.70141E+38    1.70141E+38    

