py_wake/examples/data/ParqueFicticio/Ridge area   Sector 9   Height 30m   Mean speed.grd
DSAA
23  33
 262878   265078
 6504214   6507414
 .4127989   9.591995
1.70141E+38    1.70141E+38    1.70141E+38    1.70141E+38    1.70141E+38    1.70141E+38    1.70141E+38    1.70141E+38    1.70141E+38    1.70141E+38    1.70141E+38    1.70141E+38    1.70141E+38    1.70141E+38    1.70141E+38    1.70141E+38    1.70141E+38    1.70141E+38    1.70141E+38    1.70141E+38    1.70141E+38    1.70141E+38    1.70141E+38    

1.70141E+38    1.70141E+38    1.70141E+38    1.70141E+38    1.70141E+38    1.70141E+38    1.70141E+38    1.70141E+38    1.70141E+38    1.70141E+38    1.70141E+38    1.70141E+38    1.70141E+38    1.70141E+38    1.70141E+38    1.70141E+38    1.70141E+38    1.70141E+38    1.70141E+38    1.70141E+38    1.70141E+38    1.70141E+38    1.70141E+38    

1.70141E+38    1.70141E+38    1.70141E+38    1.70141E+38    1.70141E+38    1.70141E+38    1.70141E+38    1.70141E+38    1.70141E+38    1.70141E+38    1.70141E+38    1.70141E+38    1.70141E+38    1.70141E+38    1.70141E+38    1.70141E+38    1.70141E+38    1.70141E+38    1.70141E+38    1.70141E+38    1.70141E+38    1.70141E+38    1.70141E+38    

1.70141E+38    1.70141E+38    1.70141E+38    1.70141E+38    1.70141E+38    1.70141E+38    1.70141E+38    1.70141E+38    1.70141E+38    1.70141E+38    1.70141E+38    1.70141E+38    1.70141E+38    1.70141E+38    1.70141E+38    1.70141E+38    1.70141E+38    1.70141E+38    1.70141E+38    1.70141E+38    1.70141E+38    1.70141E+38    1.70141E+38    

1.70141E+38    1.70141E+38    1.70141E+38    1.70141E+38    1.70141E+38    1.70141E+38    1.70141E+38    1.70141E+38    1.70141E+38    1.70141E+38    1.70141E+38    1.70141E+38    1.70141E+38    1.70141E+38    1.70141E+38    1.70141E+38    1.70141E+38    1.70141E+38    1.70141E+38    1.70141E+38    1.70141E+38    1.70141E+38    1.70141E+38    

4.358545       4.354342       4.430822       4.727536       5.110098       5.551966       5.806771       6.268969       6.601121       7.159484       7.915186       8.436776       8.422873       6.263981       3.289721       1.213154       1.182523       1.074887       1.656497       2.953922       1.70141E+38    1.70141E+38    1.70141E+38    

4.438869       4.464791       4.565204       4.842605       5.194294       5.514247       5.923809       6.445435       6.94442        7.47631        8.151414       8.565411       7.933906       3.200214       1.098196       1.402153       1.329905       1.238066       2.079885       4.005395       1.70141E+38    1.70141E+38    1.70141E+38    

4.388628       4.586824       4.908365       5.03442        5.045918       5.20196        5.468432       5.930667       6.548668       7.202843       7.960312       8.399705       7.194557       1.176173       .8249624       1.945758       1.888433       1.8252         2.662553       4.687941       1.70141E+38    1.70141E+38    1.70141E+38    

4.334409       4.546998       4.907603       5.018809       4.984376       5.093098       5.248683       5.635422       6.112953       6.647552       7.600226       8.246075       6.395494       1.169334       .6193434       1.480017       1.742592       2.1886         2.434044       5.385419       1.70141E+38    1.70141E+38    1.70141E+38    

4.293159       4.444374       4.737768       4.959618       5.015499       5.23667        5.500095       6.07066        6.520654       6.920562       7.575202       8.175621       6.885878       1.708987       .4794573       .5991349       2.065108       2.066411       3.672655       6.37365        1.70141E+38    1.70141E+38    1.70141E+38    

4.631946       4.580817       4.79505        5.151821       5.404609       5.700761       6.012836       6.67758        7.318066       7.616443       7.949515       8.458647       7.651239       3.283238       .9678927       1.746544       1.76701        2.249285       3.827152       6.257337       1.70141E+38    1.70141E+38    1.70141E+38    

5.212648       4.781791       4.905855       5.483759       6.007254       6.426417       6.670317       7.060454       7.492993       7.771249       8.132655       8.582207       7.895421       4.634681       1.744563       1.534082       2.582224       3.105886       4.522322       5.937723       1.70141E+38    1.70141E+38    1.70141E+38    

5.854111       5.095251       4.533251       5.360292       5.927758       6.215079       6.249532       6.481593       6.873739       7.245688       7.824548       8.466352       7.991652       4.658555       1.76414        1.787595       3.35997        4.943028       5.85094        5.94274        1.70141E+38    1.70141E+38    1.70141E+38    

6.372081       5.718102       3.460295       4.375994       4.836669       5.393312       5.507853       5.56432        5.848789       6.393633       7.323414       8.384092       8.096959       4.910815       .9965898       2.278532       5.239321       6.600923       6.683525       5.879272       1.70141E+38    1.70141E+38    1.70141E+38    

6.619914       6.12764        4.732568       5.067235       4.604205       4.776746       5.422021       5.882073       6.358196       6.737288       7.485788       8.630773       8.325476       6.299007       2.526476       3.86342        5.205448       6.173765       6.145665       5.320277       1.70141E+38    1.70141E+38    1.70141E+38    

6.755368       6.651939       5.999805       5.996319       5.586421       5.112363       5.744648       6.433294       7.158816       7.680376       8.260479       8.742508       8.582526       7.698817       5.554744       4.312147       4.043111       4.411244       4.731646       4.324631       1.70141E+38    1.70141E+38    1.70141E+38    

7.198444       7.277905       6.857913       6.55238        6.573411       6.636331       6.890348       7.167068       7.678609       8.021828       8.231869       8.567967       8.331145       8.037398       6.29968        3.04496        1.798998       1.649791       1.939105       2.1833         1.70141E+38    1.70141E+38    1.70141E+38    

7.218401       7.211688       6.474218       5.769194       6.376892       6.692654       7.017803       7.236937       7.446807       7.253663       7.241377       7.843576       8.14339        7.865945       6.072562       3.098375       2.318762       1.225977       1.448303       1.175883       1.70141E+38    1.70141E+38    1.70141E+38    

6.802979       6.186821       4.421993       2.943536       3.8167         4.859662       5.578169       5.514777       5.199218       4.606335       5.224262       7.178025       7.87472        6.900502       4.1319         2.806718       2.322778       1.189815       .4760647       .6140137       1.70141E+38    1.70141E+38    1.70141E+38    

5.490047       3.885          2.690486       2.639781       2.658224       2.490026       2.346622       2.13902        2.086298       4.129595       5.853161       7.720163       7.298278       4.934649       4.367795       2.416262       2.041022       1.358541       .5963929       .4127989       1.70141E+38    1.70141E+38    1.70141E+38    

4.770905       4.636263       5.107772       5.606218       5.725702       5.479624       5.126999       4.775443       4.79208        5.907899       7.740638       8.464859       6.801445       3.510777       2.202379       3.20336        2.193435       2.558509       2.818311       2.35182        1.70141E+38    1.70141E+38    1.70141E+38    

5.930811       6.557411       6.791968       7.011934       6.675978       6.569789       6.223172       6.34005        6.908315       8.118936       9.041811       8.516467       6.345861       3.28487        1.920982       1.906773       2.24513        2.605658       3.110401       3.317231       1.70141E+38    1.70141E+38    1.70141E+38    

6.716689       7.010697       6.637197       6.038299       5.525337       5.46125        5.776782       7.098456       8.606278       9.392468       9.317883       8.035799       6.114017       6.424339       3.612672       2.491915       1.967207       2.048341       2.705257       3.355427       1.70141E+38    1.70141E+38    1.70141E+38    

6.362161       5.935757       5.107091       4.681563       4.862782       5.196651       6.530053       8.36761        9.532104       9.591995       8.329582       5.907594       5.22401        5.270768       6.457244       5.853699       4.706115       3.057367       2.540114       2.638064       1.70141E+38    1.70141E+38    1.70141E+38    

5.190736       4.977552       4.851222       5.270007       6.093591       7.061351       8.437741       9.379624       9.391668       8.651395       7.25952        2.521188       4.622213       4.150405       3.019933       1.922319       2.186743       1.64906        4.060113       3.195681       1.70141E+38    1.70141E+38    1.70141E+38    

1.70141E+38    1.70141E+38    1.70141E+38    1.70141E+38    1.70141E+38    1.70141E+38    1.70141E+38    1.70141E+38    1.70141E+38    1.70141E+38    1.70141E+38    1.70141E+38    1.70141E+38    1.70141E+38    1.70141E+38    1.70141E+38    1.70141E+38    1.70141E+38    1.70141E+38    1.70141E+38    1.70141E+38    1.70141E+38    1.70141E+38    

1.70141E+38    1.70141E+38    1.70141E+38    1.70141E+38    1.70141E+38    1.70141E+38    1.70141E+38    1.70141E+38    1.70141E+38    1.70141E+38    1.70141E+38    1.70141E+38    1.70141E+38    1.70141E+38    1.70141E+38    1.70141E+38    1.70141E+38    1.70141E+38    1.70141E+38    1.70141E+38    1.70141E+38    1.70141E+38    1.70141E+38    

1.70141E+38    1.70141E+38    1.70141E+38    1.70141E+38    1.70141E+38    1.70141E+38    1.70141E+38    1.70141E+38    1.70141E+38    1.70141E+38    1.70141E+38    1.70141E+38    1.70141E+38    1.70141E+38    1.70141E+38    1.70141E+38    1.70141E+38    1.70141E+38    1.70141E+38    1.70141E+38    1.70141E+38    1.70141E+38    1.70141E+38    

1.70141E+38    1.70141E+38    1.70141E+38    1.70141E+38    1.70141E+38    1.70141E+38    1.70141E+38    1.70141E+38    1.70141E+38    1.70141E+38    1.70141E+38    1.70141E+38    1.70141E+38    1.70141E+38    1.70141E+38    1.70141E+38    1.70141E+38    1.70141E+38    1.70141E+38    1.70141E+38    1.70141E+38    1.70141E+38    1.70141E+38    

1.70141E+38    1.70141E+38    1.70141E+38    1.70141E+38    1.70141E+38    1.70141E+38    1.70141E+38    1.70141E+38    1.70141E+38    1.70141E+38    1.70141E+38    1.70141E+38    1.70141E+38    1.70141E+38    1.70141E+38    1.70141E+38    1.70141E+38    1.70141E+38    1.70141E+38    1.70141E+38    1.70141E+38    1.70141E+38    1.70141E+38    

1.70141E+38    1.70141E+38    1.70141E+38    1.70141E+38    1.70141E+38    1.70141E+38    1.70141E+38    1.70141E+38    1.70141E+38    1.70141E+38    1.70141E+38    1.70141E+38    1.70141E+38    1.70141E+38    1.70141E+38    1.70141E+38    1.70141E+38    1.70141E+38    1.70141E+38    1.70141E+38    1.70141E+38    1.70141E+38    1.70141E+38    

1.70141E+38    1.70141E+38    1.70141E+38    1.70141E+38    1.70141E+38    1.70141E+38    1.70141E+38    1.70141E+38    1.70141E+38    1.70141E+38    1.70141E+38    1.70141E+38    1.70141E+38    1.70141E+38    1.70141E+38    1.70141E+38    1.70141E+38    1.70141E+38    1.70141E+38    1.70141E+38    1.70141E+38    1.70141E+38    1.70141E+38    

1.70141E+38    1.70141E+38    1.70141E+38    1.70141E+38    1.70141E+38    1.70141E+38    1.70141E+38    1.70141E+38    1.70141E+38    1.70141E+38    1.70141E+38    1.70141E+38    1.70141E+38    1.70141E+38    1.70141E+38    1.70141E+38    1.70141E+38    1.70141E+38    1.70141E+38    1.70141E+38    1.70141E+38    1.70141E+38    1.70141E+38    

