py_wake/examples/data/ParqueFicticio/Ridge area   Sector 1   Height 30m   Weibull-k.grd
DSAA
23  33
 262878   265078
 6504214   6507414
 1.197266   2.111328
1.70141E+38    1.70141E+38    1.70141E+38    1.70141E+38    1.70141E+38    1.70141E+38    1.70141E+38    1.70141E+38    1.70141E+38    1.70141E+38    1.70141E+38    1.70141E+38    1.70141E+38    1.70141E+38    1.70141E+38    1.70141E+38    1.70141E+38    1.70141E+38    1.70141E+38    1.70141E+38    1.70141E+38    1.70141E+38    1.70141E+38    

1.70141E+38    1.70141E+38    1.70141E+38    1.70141E+38    1.70141E+38    1.70141E+38    1.70141E+38    1.70141E+38    1.70141E+38    1.70141E+38    1.70141E+38    1.70141E+38    1.70141E+38    1.70141E+38    1.70141E+38    1.70141E+38    1.70141E+38    1.70141E+38    1.70141E+38    1.70141E+38    1.70141E+38    1.70141E+38    1.70141E+38    

1.70141E+38    1.70141E+38    1.70141E+38    1.70141E+38    1.70141E+38    1.70141E+38    1.70141E+38    1.70141E+38    1.70141E+38    1.70141E+38    1.70141E+38    1.70141E+38    1.70141E+38    1.70141E+38    1.70141E+38    1.70141E+38    1.70141E+38    1.70141E+38    1.70141E+38    1.70141E+38    1.70141E+38    1.70141E+38    1.70141E+38    

1.70141E+38    1.70141E+38    1.70141E+38    1.70141E+38    1.70141E+38    1.70141E+38    1.70141E+38    1.70141E+38    1.70141E+38    1.70141E+38    1.70141E+38    1.70141E+38    1.70141E+38    1.70141E+38    1.70141E+38    1.70141E+38    1.70141E+38    1.70141E+38    1.70141E+38    1.70141E+38    1.70141E+38    1.70141E+38    1.70141E+38    

1.70141E+38    1.70141E+38    1.70141E+38    1.70141E+38    1.70141E+38    1.70141E+38    1.70141E+38    1.70141E+38    1.70141E+38    1.70141E+38    1.70141E+38    1.70141E+38    1.70141E+38    1.70141E+38    1.70141E+38    1.70141E+38    1.70141E+38    1.70141E+38    1.70141E+38    1.70141E+38    1.70141E+38    1.70141E+38    1.70141E+38    

1.763672       1.771484       1.748047       1.720703       1.708984       1.705078       1.724609       1.763672       1.783203       1.787109       1.787109       1.787109       1.787109       1.787109       1.646484       1.638672       1.705078       1.587891       1.501953       1.439453       1.70141E+38    1.70141E+38    1.70141E+38    

1.759766       1.771484       1.767578       1.763672       1.759766       1.751953       1.763672       1.779297       1.783203       1.787109       1.787109       1.787109       1.787109       1.787109       1.517578       1.630859       1.642578       1.494141       1.259766       1.572266       1.70141E+38    1.70141E+38    1.70141E+38    

1.771484       1.779297       1.767578       1.767578       1.767578       1.771484       1.779297       1.787109       1.787109       1.787109       1.787109       1.787109       1.787109       1.787109       1.689453       1.572266       1.541016       1.248047       1.248047       1.638672       1.70141E+38    1.70141E+38    1.70141E+38    

1.787109       1.794922       1.775391       1.759766       1.748047       1.755859       1.775391       1.787109       1.787109       1.787109       1.787109       1.787109       1.787109       1.787109       1.658203       1.494141       1.365234       1.341797       1.345703       1.708984       1.70141E+38    1.70141E+38    1.70141E+38    

1.794922       1.798828       1.779297       1.763672       1.751953       1.755859       1.763672       1.783203       1.787109       1.787109       1.787109       1.787109       1.787109       1.787109       1.654297       1.626953       1.681641       2.111328       1.486328       1.751953       1.70141E+38    1.70141E+38    1.70141E+38    

1.787109       1.787109       1.771484       1.779297       1.767578       1.767578       1.771484       1.783203       1.787109       1.787109       1.787109       1.787109       1.787109       1.787109       1.712891       1.603516       1.787109       1.544922       1.787109       1.755859       1.70141E+38    1.70141E+38    1.70141E+38    

1.619141       1.396484       1.693359       1.666016       1.693359       1.740234       1.748047       1.787109       1.787109       1.791016       1.787109       1.787109       1.787109       1.787109       1.693359       1.490234       1.255859       1.689453       1.720703       1.740234       1.70141E+38    1.70141E+38    1.70141E+38    

1.787109       1.587891       1.587891       1.619141       1.650391       1.740234       1.771484       1.787109       1.787109       1.787109       1.787109       1.787109       1.787109       1.787109       1.548828       1.572266       1.669922       1.716797       1.732422       1.736328       1.70141E+38    1.70141E+38    1.70141E+38    

1.779297       1.787109       1.740234       1.435547       1.689453       1.685547       1.787109       1.787109       1.787109       1.787109       1.787109       1.787109       1.787109       1.787109       1.693359       1.673828       1.697266       1.716797       1.736328       1.744141       1.70141E+38    1.70141E+38    1.70141E+38    

1.775391       1.779297       1.783203       1.599609       1.787109       1.787109       1.787109       1.787109       1.787109       1.787109       1.787109       1.787109       1.787109       1.787109       1.705078       1.666016       1.673828       1.705078       1.736328       1.755859       1.70141E+38    1.70141E+38    1.70141E+38    

1.775391       1.775391       1.755859       1.736328       1.767578       1.787109       1.779297       1.787109       1.787109       1.787109       1.787109       1.787109       1.787109       1.787109       1.720703       1.654297       1.619141       1.666016       1.720703       1.755859       1.70141E+38    1.70141E+38    1.70141E+38    

1.755859       1.771484       1.728516       1.708984       1.732422       1.744141       1.755859       1.751953       1.751953       1.755859       1.787109       1.787109       1.787109       1.787109       1.736328       1.666016       1.380859       1.537109       1.634766       1.724609       1.70141E+38    1.70141E+38    1.70141E+38    

1.740234       1.751953       1.740234       1.716797       1.732422       1.736328       1.744141       1.744141       1.748047       1.779297       1.787109       1.787109       1.787109       1.787109       1.759766       1.287109       1.404297       1.611328       1.501953       1.580078       1.70141E+38    1.70141E+38    1.70141E+38    

1.751953       1.787109       1.763672       1.783203       1.783203       1.779297       1.783203       1.787109       1.787109       1.787109       1.787109       1.787109       1.787109       1.787109       1.787109       1.748047       1.412109       1.541016       1.615234       1.603516       1.70141E+38    1.70141E+38    1.70141E+38    

1.787109       1.779297       1.763672       1.837891       1.802734       1.771484       1.681641       1.353516       1.197266       1.744141       1.787109       1.787109       1.787109       1.787109       1.787109       1.787109       1.759766       1.384766       1.576172       1.380859       1.70141E+38    1.70141E+38    1.70141E+38    

1.787109       1.787109       1.787109       1.787109       1.779297       1.763672       1.740234       1.705078       1.748047       1.787109       1.787109       1.787109       1.787109       1.787109       1.787109       1.787109       1.791016       1.779297       1.705078       1.583984       1.70141E+38    1.70141E+38    1.70141E+38    

1.775391       1.759766       1.748047       1.748047       1.767578       1.771484       1.771484       1.787109       1.787109       1.759766       1.755859       1.775391       1.787109       1.787109       1.787109       1.783203       1.787109       1.783203       1.775391       1.767578       1.70141E+38    1.70141E+38    1.70141E+38    

1.736328       1.736328       1.748047       1.783203       1.759766       1.720703       1.767578       1.779297       1.755859       1.748047       1.744141       1.771484       1.787109       1.787109       1.787109       1.783203       1.599609       1.451172       1.705078       1.787109       1.70141E+38    1.70141E+38    1.70141E+38    

1.740234       1.779297       1.783203       1.744141       1.685547       1.736328       1.787109       1.748047       1.736328       1.744141       1.755859       1.787109       1.787109       1.787109       1.783203       1.783203       1.787109       1.611328       1.529297       1.560547       1.70141E+38    1.70141E+38    1.70141E+38    

1.787109       1.787109       1.783203       1.787109       1.787109       1.767578       1.751953       1.736328       1.736328       1.755859       1.787109       1.787109       1.787109       1.787109       1.787109       1.775391       1.591797       1.560547       1.787109       1.369141       1.70141E+38    1.70141E+38    1.70141E+38    

1.70141E+38    1.70141E+38    1.70141E+38    1.70141E+38    1.70141E+38    1.70141E+38    1.70141E+38    1.70141E+38    1.70141E+38    1.70141E+38    1.70141E+38    1.70141E+38    1.70141E+38    1.70141E+38    1.70141E+38    1.70141E+38    1.70141E+38    1.70141E+38    1.70141E+38    1.70141E+38    1.70141E+38    1.70141E+38    1.70141E+38    

1.70141E+38    1.70141E+38    1.70141E+38    1.70141E+38    1.70141E+38    1.70141E+38    1.70141E+38    1.70141E+38    1.70141E+38    1.70141E+38    1.70141E+38    1.70141E+38    1.70141E+38    1.70141E+38    1.70141E+38    1.70141E+38    1.70141E+38    1.70141E+38    1.70141E+38    1.70141E+38    1.70141E+38    1.70141E+38    1.70141E+38    

1.70141E+38    1.70141E+38    1.70141E+38    1.70141E+38    1.70141E+38    1.70141E+38    1.70141E+38    1.70141E+38    1.70141E+38    1.70141E+38    1.70141E+38    1.70141E+38    1.70141E+38    1.70141E+38    1.70141E+38    1.70141E+38    1.70141E+38    1.70141E+38    1.70141E+38    1.70141E+38    1.70141E+38    1.70141E+38    1.70141E+38    

1.70141E+38    1.70141E+38    1.70141E+38    1.70141E+38    1.70141E+38    1.70141E+38    1.70141E+38    1.70141E+38    1.70141E+38    1.70141E+38    1.70141E+38    1.70141E+38    1.70141E+38    1.70141E+38    1.70141E+38    1.70141E+38    1.70141E+38    1.70141E+38    1.70141E+38    1.70141E+38    1.70141E+38    1.70141E+38    1.70141E+38    

1.70141E+38    1.70141E+38    1.70141E+38    1.70141E+38    1.70141E+38    1.70141E+38    1.70141E+38    1.70141E+38    1.70141E+38    1.70141E+38    1.70141E+38    1.70141E+38    1.70141E+38    1.70141E+38    1.70141E+38    1.70141E+38    1.70141E+38    1.70141E+38    1.70141E+38    1.70141E+38    1.70141E+38    1.70141E+38    1.70141E+38    

1.70141E+38    1.70141E+38    1.70141E+38    1.70141E+38    1.70141E+38    1.70141E+38    1.70141E+38    1.70141E+38    1.70141E+38    1.70141E+38    1.70141E+38    1.70141E+38    1.70141E+38    1.70141E+38    1.70141E+38    1.70141E+38    1.70141E+38    1.70141E+38    1.70141E+38    1.70141E+38    1.70141E+38    1.70141E+38    1.70141E+38    

1.70141E+38    1.70141E+38    1.70141E+38    1.70141E+38    1.70141E+38    1.70141E+38    1.70141E+38    1.70141E+38    1.70141E+38    1.70141E+38    1.70141E+38    1.70141E+38    1.70141E+38    1.70141E+38    1.70141E+38    1.70141E+38    1.70141E+38    1.70141E+38    1.70141E+38    1.70141E+38    1.70141E+38    1.70141E+38    1.70141E+38    

1.70141E+38    1.70141E+38    1.70141E+38    1.70141E+38    1.70141E+38    1.70141E+38    1.70141E+38    1.70141E+38    1.70141E+38    1.70141E+38    1.70141E+38    1.70141E+38    1.70141E+38    1.70141E+38    1.70141E+38    1.70141E+38    1.70141E+38    1.70141E+38    1.70141E+38    1.70141E+38    1.70141E+38    1.70141E+38    1.70141E+38    

