py_wake/examples/data/ParqueFicticio/Ridge area   Sector 3   Height 30m   Orographic turn.grd
DSAA
23  33
 262878   265078
 6504214   6507414
-40.04214   133.1762
1.70141E+38    1.70141E+38    1.70141E+38    1.70141E+38    1.70141E+38    1.70141E+38    1.70141E+38    1.70141E+38    1.70141E+38    1.70141E+38    1.70141E+38    1.70141E+38    1.70141E+38    1.70141E+38    1.70141E+38    1.70141E+38    1.70141E+38    1.70141E+38    1.70141E+38    1.70141E+38    1.70141E+38    1.70141E+38    1.70141E+38    

1.70141E+38    1.70141E+38    1.70141E+38    1.70141E+38    1.70141E+38    1.70141E+38    1.70141E+38    1.70141E+38    1.70141E+38    1.70141E+38    1.70141E+38    1.70141E+38    1.70141E+38    1.70141E+38    1.70141E+38    1.70141E+38    1.70141E+38    1.70141E+38    1.70141E+38    1.70141E+38    1.70141E+38    1.70141E+38    1.70141E+38    

1.70141E+38    1.70141E+38    1.70141E+38    1.70141E+38    1.70141E+38    1.70141E+38    1.70141E+38    1.70141E+38    1.70141E+38    1.70141E+38    1.70141E+38    1.70141E+38    1.70141E+38    1.70141E+38    1.70141E+38    1.70141E+38    1.70141E+38    1.70141E+38    1.70141E+38    1.70141E+38    1.70141E+38    1.70141E+38    1.70141E+38    

1.70141E+38    1.70141E+38    1.70141E+38    1.70141E+38    1.70141E+38    1.70141E+38    1.70141E+38    1.70141E+38    1.70141E+38    1.70141E+38    1.70141E+38    1.70141E+38    1.70141E+38    1.70141E+38    1.70141E+38    1.70141E+38    1.70141E+38    1.70141E+38    1.70141E+38    1.70141E+38    1.70141E+38    1.70141E+38    1.70141E+38    

1.70141E+38    1.70141E+38    1.70141E+38    1.70141E+38    1.70141E+38    1.70141E+38    1.70141E+38    1.70141E+38    1.70141E+38    1.70141E+38    1.70141E+38    1.70141E+38    1.70141E+38    1.70141E+38    1.70141E+38    1.70141E+38    1.70141E+38    1.70141E+38    1.70141E+38    1.70141E+38    1.70141E+38    1.70141E+38    1.70141E+38    

-1.772277      -.6392789      1.023618       2.091508       2.409227       4.142905       5.964777       8.371573       9.471666       10.50245       9.181513       6.97231        4.665104       2.917174       4.430978       10.95261       37.7247        95.26615       97.10754       13.99978       1.70141E+38    1.70141E+38    1.70141E+38    

-2.034566      -1.821247      -1.956372      -2.306026      -1.095538      .1038974       1.875512       4.964126       7.810214       9.744637       10.42578       8.698348       6.226018       3.640516       3.121477       13.09196       82.39551       118.2829       77.73048       3.704084       1.70141E+38    1.70141E+38    1.70141E+38    

-2.12324       -1.894965      -.8000589      -1.43997       -.6627083      1.584287       3.01806        5.363925       8.606144       11.63781       13.77143       11.94624       9.31938        7.97611        6.778154       6.927714       125.1953       133.1762       12.2508        4.611774       1.70141E+38    1.70141E+38    1.70141E+38    

-2.66342       -3.122804      -1.364616      .243596        1.54987        5.501249       9.04361        10.57622       11.47551       13.57039       15.51914       14.8783        12.07806       9.56496        7.192412       5.320638       45.14505       107.059        5.624342       5.774349       1.70141E+38    1.70141E+38    1.70141E+38    

-2.995285      -4.529178      -3.307392      -1.071428      .2966449       3.616389       8.657434       12.30861       12.53297       12.9261        15.0794        15.83516       13.00593       7.912511       3.373832       5.193797       28.60451       29.80786       6.702297       6.789148       1.70141E+38    1.70141E+38    1.70141E+38    

-2.700512      -8.305523      -8.297749      -5.802483      -4.012624      -2.838863      -.2883707      5.126396       8.058664       9.725934       12.07502       12.83111       10.49575       6.827319       6.154377       16.51261       26.82833       12.04082       6.499386       5.363088       1.70141E+38    1.70141E+38    1.70141E+38    

-.1998074      -9.347782      -12.1221       -10.54691      -8.839515      -6.804254      -4.984627      .3010114       5.074603       8.242003       10.58256       11.29376       9.355287       7.898911       14.67977       31.50319       13.15722       3.954649       2.624163       1.363153       1.70141E+38    1.70141E+38    1.70141E+38    

3.112081       -5.926553      -10.75731      -9.216903      -7.471723      -5.13478       -3.574677      .3221866       5.853578       9.48325        11.67321       12.10365       9.245044       5.916759       16.87854       19.14764       -3.012358      -2.08416       -2.035717      -2.379537      1.70141E+38    1.70141E+38    1.70141E+38    

4.715305       -2.128425      -6.428214      -3.737211      -5.029961      -2.730593      .2701934       2.754032       6.398161       9.729634       11.78615       12.00777       8.448533       2.908251       1.383601       -6.637878      -7.879501      -6.299548      -5.071154      -4.810337      1.70141E+38    1.70141E+38    1.70141E+38    

4.697778       .1160778       -3.922608      -2.362313      -4.382857      -2.94964       .9823901       2.857492       4.363201       5.947178       8.054679       9.08248        8.078211       2.461488       -3.601722      -7.766117      -9.698258      -7.893389      -6.220786      -6.182243      1.70141E+38    1.70141E+38    1.70141E+38    

.993561        -1.416024      -6.611943      -6.67506       -7.213651      -6.841012      -4.69223       -3.262375      -1.118216      .6554267       3.291854       6.03256        6.406309       2.896004       -3.531705      -7.974429      -10.04937      -7.766352      -4.721016      -4.162012      1.70141E+38    1.70141E+38    1.70141E+38    

-3.826129      -4.223933      -9.233078      -11.58662      -10.69409      -10.38193      -8.287164      -6.142296      -3.349858      -1.114015      2.0666         5.607248       6.096805       3.880443       -1.152887      -4.953926      -6.747284      -6.093846      -3.4718        -2.282579      1.70141E+38    1.70141E+38    1.70141E+38    

-2.886092      -2.167771      -5.822157      -9.937243      -8.218786      -7.746375      -6.427382      -4.124774      -.8257073      1.67478        3.63326        6.08014        6.643168       4.916139       1.138961       -2.467657      -4.213164      -5.411127      -4.201873      -1.978448      1.70141E+38    1.70141E+38    1.70141E+38    

1.185978       5.523084       6.032778       -.4017562      -2.664027      -1.701465      .0718388       1.806668       4.404995       3.923582       3.082818       5.688234       5.791102       5.411874       3.402289       .8787318       -.6796672      -2.194761      -2.578863      -1.365054      1.70141E+38    1.70141E+38    1.70141E+38    

7.71015        16.46422       17.34913       11.00374       4.043995       1.172171       2.753267       11.19837       -20.12981      -8.948293      3.790148       4.951566       5.071297       4.644769       4.82789        3.944857       3.390571       2.787119       2.041818       .7751338       1.70141E+38    1.70141E+38    1.70141E+38    

9.911348       12.04777       8.68028        4.998279       1.223034       .01661982      -.6929449      3.718647       10.55399       2.849414       3.438375       4.273492       5.633701       5.487546       5.761127       5.66207        4.762111       3.853606       2.648723       .9241194       1.70141E+38    1.70141E+38    1.70141E+38    

-4.797116      -4.929571      -5.565189      -3.48885       -2.072553      -1.58203       -1.392633      1.753555       1.963234       -.03758279     .3874497       3.018897       6.960766       7.601184       6.863995       6.42618        5.335218       3.938519       3.297054       2.172324       1.70141E+38    1.70141E+38    1.70141E+38    

-9.717985      -8.347993      -8.897615      -7.618547      -2.199607      -.7906767      -7.730125      -3.098598      -.9447716      -.8206618      -.2395346      2.335912       6.957181       9.323429       8.614275       8.115371       6.230938       4.74134        4.915905       5.00269        1.70141E+38    1.70141E+38    1.70141E+38    

-7.073439      -7.191654      -12.29942      -23.14651      -40.04214      -25.45852      -3.267765      -2.872805      -1.35909       .4163748       2.71656        3.590874       6.595918       9.466243       9.585731       10.82698       8.862046       6.527011       6.138697       7.290318       1.70141E+38    1.70141E+38    1.70141E+38    

-2.6734        -3.6266        -5.976164      -5.092132      -2.21438       -.9812598      -1.312076      -1.609432      -.3443936      3.119522       6.954961       5.743624       6.4124         9.462445       8.510365       10.74031       12.37002       10.18803       8.27662        7.773076       1.70141E+38    1.70141E+38    1.70141E+38    

1.70141E+38    1.70141E+38    1.70141E+38    1.70141E+38    1.70141E+38    1.70141E+38    1.70141E+38    1.70141E+38    1.70141E+38    1.70141E+38    1.70141E+38    1.70141E+38    1.70141E+38    1.70141E+38    1.70141E+38    1.70141E+38    1.70141E+38    1.70141E+38    1.70141E+38    1.70141E+38    1.70141E+38    1.70141E+38    1.70141E+38    

1.70141E+38    1.70141E+38    1.70141E+38    1.70141E+38    1.70141E+38    1.70141E+38    1.70141E+38    1.70141E+38    1.70141E+38    1.70141E+38    1.70141E+38    1.70141E+38    1.70141E+38    1.70141E+38    1.70141E+38    1.70141E+38    1.70141E+38    1.70141E+38    1.70141E+38    1.70141E+38    1.70141E+38    1.70141E+38    1.70141E+38    

1.70141E+38    1.70141E+38    1.70141E+38    1.70141E+38    1.70141E+38    1.70141E+38    1.70141E+38    1.70141E+38    1.70141E+38    1.70141E+38    1.70141E+38    1.70141E+38    1.70141E+38    1.70141E+38    1.70141E+38    1.70141E+38    1.70141E+38    1.70141E+38    1.70141E+38    1.70141E+38    1.70141E+38    1.70141E+38    1.70141E+38    

1.70141E+38    1.70141E+38    1.70141E+38    1.70141E+38    1.70141E+38    1.70141E+38    1.70141E+38    1.70141E+38    1.70141E+38    1.70141E+38    1.70141E+38    1.70141E+38    1.70141E+38    1.70141E+38    1.70141E+38    1.70141E+38    1.70141E+38    1.70141E+38    1.70141E+38    1.70141E+38    1.70141E+38    1.70141E+38    1.70141E+38    

1.70141E+38    1.70141E+38    1.70141E+38    1.70141E+38    1.70141E+38    1.70141E+38    1.70141E+38    1.70141E+38    1.70141E+38    1.70141E+38    1.70141E+38    1.70141E+38    1.70141E+38    1.70141E+38    1.70141E+38    1.70141E+38    1.70141E+38    1.70141E+38    1.70141E+38    1.70141E+38    1.70141E+38    1.70141E+38    1.70141E+38    

1.70141E+38    1.70141E+38    1.70141E+38    1.70141E+38    1.70141E+38    1.70141E+38    1.70141E+38    1.70141E+38    1.70141E+38    1.70141E+38    1.70141E+38    1.70141E+38    1.70141E+38    1.70141E+38    1.70141E+38    1.70141E+38    1.70141E+38    1.70141E+38    1.70141E+38    1.70141E+38    1.70141E+38    1.70141E+38    1.70141E+38    

1.70141E+38    1.70141E+38    1.70141E+38    1.70141E+38    1.70141E+38    1.70141E+38    1.70141E+38    1.70141E+38    1.70141E+38    1.70141E+38    1.70141E+38    1.70141E+38    1.70141E+38    1.70141E+38    1.70141E+38    1.70141E+38    1.70141E+38    1.70141E+38    1.70141E+38    1.70141E+38    1.70141E+38    1.70141E+38    1.70141E+38    

1.70141E+38    1.70141E+38    1.70141E+38    1.70141E+38    1.70141E+38    1.70141E+38    1.70141E+38    1.70141E+38    1.70141E+38    1.70141E+38    1.70141E+38    1.70141E+38    1.70141E+38    1.70141E+38    1.70141E+38    1.70141E+38    1.70141E+38    1.70141E+38    1.70141E+38    1.70141E+38    1.70141E+38    1.70141E+38    1.70141E+38    

