py_wake/examples/data/ParqueFicticio/Ridge area   Sector 11   Height 30m   Mean speed.grd
DSAA
23  33
 262878   265078
 6504214   6507414
 .474058   8.721511
1.70141E+38    1.70141E+38    1.70141E+38    1.70141E+38    1.70141E+38    1.70141E+38    1.70141E+38    1.70141E+38    1.70141E+38    1.70141E+38    1.70141E+38    1.70141E+38    1.70141E+38    1.70141E+38    1.70141E+38    1.70141E+38    1.70141E+38    1.70141E+38    1.70141E+38    1.70141E+38    1.70141E+38    1.70141E+38    1.70141E+38    

1.70141E+38    1.70141E+38    1.70141E+38    1.70141E+38    1.70141E+38    1.70141E+38    1.70141E+38    1.70141E+38    1.70141E+38    1.70141E+38    1.70141E+38    1.70141E+38    1.70141E+38    1.70141E+38    1.70141E+38    1.70141E+38    1.70141E+38    1.70141E+38    1.70141E+38    1.70141E+38    1.70141E+38    1.70141E+38    1.70141E+38    

1.70141E+38    1.70141E+38    1.70141E+38    1.70141E+38    1.70141E+38    1.70141E+38    1.70141E+38    1.70141E+38    1.70141E+38    1.70141E+38    1.70141E+38    1.70141E+38    1.70141E+38    1.70141E+38    1.70141E+38    1.70141E+38    1.70141E+38    1.70141E+38    1.70141E+38    1.70141E+38    1.70141E+38    1.70141E+38    1.70141E+38    

1.70141E+38    1.70141E+38    1.70141E+38    1.70141E+38    1.70141E+38    1.70141E+38    1.70141E+38    1.70141E+38    1.70141E+38    1.70141E+38    1.70141E+38    1.70141E+38    1.70141E+38    1.70141E+38    1.70141E+38    1.70141E+38    1.70141E+38    1.70141E+38    1.70141E+38    1.70141E+38    1.70141E+38    1.70141E+38    1.70141E+38    

1.70141E+38    1.70141E+38    1.70141E+38    1.70141E+38    1.70141E+38    1.70141E+38    1.70141E+38    1.70141E+38    1.70141E+38    1.70141E+38    1.70141E+38    1.70141E+38    1.70141E+38    1.70141E+38    1.70141E+38    1.70141E+38    1.70141E+38    1.70141E+38    1.70141E+38    1.70141E+38    1.70141E+38    1.70141E+38    1.70141E+38    

5.211449       5.290836       5.509525       5.961647       6.464462       7.111795       7.471801       7.790449       7.547792       7.648802       7.491981       6.938745       6.145827       2.877659       1.291514       1.214734       1.184063       1.119983       1.5875         2.895216       1.70141E+38    1.70141E+38    1.70141E+38    

5.331819       5.402648       5.29561        5.337244       5.694486       6.191191       6.816036       7.543426       8.077968       8.1402         7.920756       7.236589       5.538367       2.000572       1.099627       1.361129       1.162182       1.190842       1.687257       2.150595       1.70141E+38    1.70141E+38    1.70141E+38    

5.032998       5.426062       5.773065       5.513432       5.256327       5.27286        5.503325       5.96564        6.685046       7.389131       7.958501       7.254617       4.06145        1.317244       .7535732       .7888132       1.193236       1.520951       1.829716       2.650642       1.70141E+38    1.70141E+38    1.70141E+38    

4.594844       4.968804       5.496213       5.785544       5.690544       5.580942       5.372793       5.245557       5.316213       5.878367       7.126359       7.436961       3.965249       1.234836       .7791862       .5586376       1.247224       1.674419       2.574796       4.027394       1.70141E+38    1.70141E+38    1.70141E+38    

4.026373       4.34859        5.114537       5.675544       5.737634       5.925346       6.115273       6.301229       6.081773       5.944305       6.600282       7.276685       5.433208       1.851443       1.121978       .6001093       1.572517       1.750146       3.199759       5.008898       1.70141E+38    1.70141E+38    1.70141E+38    

3.963824       3.535539       4.526671       5.482348       5.864362       5.944473       6.409546       7.313473       7.658287       7.352192       7.341531       7.552691       6.40571        3.576418       1.454015       1.164015       1.833577       2.877556       3.895044       4.772625       1.70141E+38    1.70141E+38    1.70141E+38    

4.614368       2.932129       3.283085       4.226995       4.96752        5.74213        6.140407       6.940001       7.773345       8.173334       8.116457       8.016341       6.80918        3.000623       .8370517       1.526594       2.84531        4.066319       4.440842       4.774474       1.70141E+38    1.70141E+38    1.70141E+38    

5.74433        2.000788       1.820113       2.221013       2.97137        3.954317       4.466254       5.040888       6.154191       7.108682       7.81791        8.146398       6.970443       2.233015       1.396798       2.059929       3.924484       5.287212       5.592059       5.435642       1.70141E+38    1.70141E+38    1.70141E+38    

6.79908        2.966914       .7928194       1.157475       .881036        1.334351       2.743046       3.26053        4.122099       5.271244       6.781936       7.994041       7.029487       2.91245        1.589346       2.913044       4.555889       5.791615       6.257116       5.845095       1.70141E+38    1.70141E+38    1.70141E+38    

7.411381       5.55499        1.423475       1.993497       1.362586       .943664        2.960313       3.978814       4.758174       5.404145       6.652049       8.079171       7.864325       5.573865       3.350645       3.574873       3.809604       4.465081       4.982205       5.332549       1.70141E+38    1.70141E+38    1.70141E+38    

7.546987       7.025146       5.57858        5.55941        5.012341       4.145473       4.737988       5.662326       6.595095       7.148802       7.782525       8.499662       8.538723       7.455355       5.148642       2.456049       1.787872       2.230673       3.077397       3.796825       1.70141E+38    1.70141E+38    1.70141E+38    

7.454484       7.606016       6.936316       6.669113       6.817427       6.670165       6.626389       6.698445       7.095012       7.533841       8.096469       8.721511       8.530917       7.982628       5.538535       1.556515       .8411909       1.097269       2.166711       3.329767       1.70141E+38    1.70141E+38    1.70141E+38    

6.640279       7.143555       6.794867       6.15817        6.619876       6.701833       6.711914       6.765507       7.030688       7.154298       7.445911       8.229324       8.540474       8.055827       6.359782       2.520591       1.403093       1.102922       1.944306       1.177512       1.70141E+38    1.70141E+38    1.70141E+38    

6.022885       6.185752       5.800667       5.138802       5.238293       5.557521       5.791141       5.806188       5.953513       5.849944       6.129591       7.524978       8.189747       8.02534        6.626956       4.002578       1.189722       .834028        .474058        .6148114       1.70141E+38    1.70141E+38    1.70141E+38    

5.26721        5.208327       4.959778       4.248636       3.917597       4.396883       4.362563       4.190109       4.336113       5.32897        5.992119       7.326162       7.763923       7.534192       4.547742       5.586506       4.664032       .6945666       1.286636       2.06134        1.70141E+38    1.70141E+38    1.70141E+38    

5.175683       5.302068       5.562022       5.76611        5.532731       5.334753       5.392667       5.216109       5.194257       6.118997       7.077531       7.780295       7.824822       3.869971       2.558026       2.641814       3.800021       2.561841       2.821982       2.88657        1.70141E+38    1.70141E+38    1.70141E+38    

5.899626       6.272596       6.293684       6.464234       6.438747       6.486922       6.469352       6.608773       6.451144       6.786842       7.535611       8.152758       8.236098       6.895965       4.500125       3.95757        4.270552       4.352296       4.284594       3.378246       1.70141E+38    1.70141E+38    1.70141E+38    

5.843287       6.153323       6.034032       5.906383       5.785536       5.877137       5.951729       6.558488       7.184955       7.388309       7.520692       7.73619        8.364273       8.150206       6.550862       4.416842       2.319032       1.85816        2.066373       2.134026       1.70141E+38    1.70141E+38    1.70141E+38    

5.391362       5.560223       5.499902       5.486907       5.476316       5.613875       5.888191       6.475731       7.135508       7.496081       7.381463       6.835736       7.257315       7.925706       7.64207        6.897858       4.609955       1.004182       .780878        .6443384       1.70141E+38    1.70141E+38    1.70141E+38    

4.572783       4.984198       5.195269       5.591915       5.956887       6.286917       6.70871        6.871718       6.991485       7.184388       7.117081       5.994894       5.817696       6.324145       6.12937        7.077414       5.965043       4.197673       1.442559       1.041115       1.70141E+38    1.70141E+38    1.70141E+38    

1.70141E+38    1.70141E+38    1.70141E+38    1.70141E+38    1.70141E+38    1.70141E+38    1.70141E+38    1.70141E+38    1.70141E+38    1.70141E+38    1.70141E+38    1.70141E+38    1.70141E+38    1.70141E+38    1.70141E+38    1.70141E+38    1.70141E+38    1.70141E+38    1.70141E+38    1.70141E+38    1.70141E+38    1.70141E+38    1.70141E+38    

1.70141E+38    1.70141E+38    1.70141E+38    1.70141E+38    1.70141E+38    1.70141E+38    1.70141E+38    1.70141E+38    1.70141E+38    1.70141E+38    1.70141E+38    1.70141E+38    1.70141E+38    1.70141E+38    1.70141E+38    1.70141E+38    1.70141E+38    1.70141E+38    1.70141E+38    1.70141E+38    1.70141E+38    1.70141E+38    1.70141E+38    

1.70141E+38    1.70141E+38    1.70141E+38    1.70141E+38    1.70141E+38    1.70141E+38    1.70141E+38    1.70141E+38    1.70141E+38    1.70141E+38    1.70141E+38    1.70141E+38    1.70141E+38    1.70141E+38    1.70141E+38    1.70141E+38    1.70141E+38    1.70141E+38    1.70141E+38    1.70141E+38    1.70141E+38    1.70141E+38    1.70141E+38    

1.70141E+38    1.70141E+38    1.70141E+38    1.70141E+38    1.70141E+38    1.70141E+38    1.70141E+38    1.70141E+38    1.70141E+38    1.70141E+38    1.70141E+38    1.70141E+38    1.70141E+38    1.70141E+38    1.70141E+38    1.70141E+38    1.70141E+38    1.70141E+38    1.70141E+38    1.70141E+38    1.70141E+38    1.70141E+38    1.70141E+38    

1.70141E+38    1.70141E+38    1.70141E+38    1.70141E+38    1.70141E+38    1.70141E+38    1.70141E+38    1.70141E+38    1.70141E+38    1.70141E+38    1.70141E+38    1.70141E+38    1.70141E+38    1.70141E+38    1.70141E+38    1.70141E+38    1.70141E+38    1.70141E+38    1.70141E+38    1.70141E+38    1.70141E+38    1.70141E+38    1.70141E+38    

1.70141E+38    1.70141E+38    1.70141E+38    1.70141E+38    1.70141E+38    1.70141E+38    1.70141E+38    1.70141E+38    1.70141E+38    1.70141E+38    1.70141E+38    1.70141E+38    1.70141E+38    1.70141E+38    1.70141E+38    1.70141E+38    1.70141E+38    1.70141E+38    1.70141E+38    1.70141E+38    1.70141E+38    1.70141E+38    1.70141E+38    

1.70141E+38    1.70141E+38    1.70141E+38    1.70141E+38    1.70141E+38    1.70141E+38    1.70141E+38    1.70141E+38    1.70141E+38    1.70141E+38    1.70141E+38    1.70141E+38    1.70141E+38    1.70141E+38    1.70141E+38    1.70141E+38    1.70141E+38    1.70141E+38    1.70141E+38    1.70141E+38    1.70141E+38    1.70141E+38    1.70141E+38    

1.70141E+38    1.70141E+38    1.70141E+38    1.70141E+38    1.70141E+38    1.70141E+38    1.70141E+38    1.70141E+38    1.70141E+38    1.70141E+38    1.70141E+38    1.70141E+38    1.70141E+38    1.70141E+38    1.70141E+38    1.70141E+38    1.70141E+38    1.70141E+38    1.70141E+38    1.70141E+38    1.70141E+38    1.70141E+38    1.70141E+38    

