py_wake/examples/data/ParqueFicticio/Ridge area   Sector 3   Height 200m   Weibull-A.grd
DSAA
23  33
 262878   265078
 6504214   6507414
 5.025065   8.658828
1.70141E+38    1.70141E+38    1.70141E+38    1.70141E+38    1.70141E+38    1.70141E+38    1.70141E+38    1.70141E+38    1.70141E+38    1.70141E+38    1.70141E+38    1.70141E+38    1.70141E+38    1.70141E+38    1.70141E+38    1.70141E+38    1.70141E+38    1.70141E+38    1.70141E+38    1.70141E+38    1.70141E+38    1.70141E+38    1.70141E+38    

1.70141E+38    1.70141E+38    1.70141E+38    1.70141E+38    1.70141E+38    1.70141E+38    1.70141E+38    1.70141E+38    1.70141E+38    1.70141E+38    1.70141E+38    1.70141E+38    1.70141E+38    1.70141E+38    1.70141E+38    1.70141E+38    1.70141E+38    1.70141E+38    1.70141E+38    1.70141E+38    1.70141E+38    1.70141E+38    1.70141E+38    

1.70141E+38    1.70141E+38    1.70141E+38    1.70141E+38    1.70141E+38    1.70141E+38    1.70141E+38    1.70141E+38    1.70141E+38    1.70141E+38    1.70141E+38    1.70141E+38    1.70141E+38    1.70141E+38    1.70141E+38    1.70141E+38    1.70141E+38    1.70141E+38    1.70141E+38    1.70141E+38    1.70141E+38    1.70141E+38    1.70141E+38    

1.70141E+38    1.70141E+38    1.70141E+38    1.70141E+38    1.70141E+38    1.70141E+38    1.70141E+38    1.70141E+38    1.70141E+38    1.70141E+38    1.70141E+38    1.70141E+38    1.70141E+38    1.70141E+38    1.70141E+38    1.70141E+38    1.70141E+38    1.70141E+38    1.70141E+38    1.70141E+38    1.70141E+38    1.70141E+38    1.70141E+38    

1.70141E+38    1.70141E+38    1.70141E+38    1.70141E+38    1.70141E+38    1.70141E+38    1.70141E+38    1.70141E+38    1.70141E+38    1.70141E+38    1.70141E+38    1.70141E+38    1.70141E+38    1.70141E+38    1.70141E+38    1.70141E+38    1.70141E+38    1.70141E+38    1.70141E+38    1.70141E+38    1.70141E+38    1.70141E+38    1.70141E+38    

5.025065       5.096991       5.321296       5.724791       6.139455       6.500547       6.778951       7.054587       7.305144       7.586868       7.834723       7.987696       8.001391       7.808272       7.455875       6.99017        6.660532       6.56244        6.815274       7.299039       1.70141E+38    1.70141E+38    1.70141E+38    

5.291242       5.387925       5.49238        5.707817       6.054504       6.424721       6.785349       7.123363       7.424594       7.69692        7.924492       8.044571       7.997715       7.709271       7.219875       6.802958       6.581987       6.622254       7.05264        7.544108       1.70141E+38    1.70141E+38    1.70141E+38    

5.424788       5.628211       5.837888       5.952631       6.071723       6.299463       6.618202       6.992323       7.36728        7.698249       7.953551       8.060663       7.968262       7.619999       7.136234       6.770837       6.622755       6.78693        7.264186       7.694851       1.70141E+38    1.70141E+38    1.70141E+38    

5.42666        5.645032       5.891788       6.066981       6.205336       6.387207       6.623158       6.933632       7.283871       7.641887       7.949224       8.079012       7.964137       7.60746        7.178992       6.879831       6.754461       6.97866        7.443834       7.803679       1.70141E+38    1.70141E+38    1.70141E+38    

5.379457       5.623696       5.918549       6.150539       6.331525       6.568372       6.842441       7.152812       7.429449       7.707306       7.97633        8.114425       8.033786       7.749059       7.365835       7.074238       6.988726       7.203313       7.610976       7.926374       1.70141E+38    1.70141E+38    1.70141E+38    

5.590682       5.665019       5.990919       6.318727       6.561438       6.792956       7.063164       7.374174       7.646137       7.864595       8.065308       8.185404       8.132442       7.901342       7.528736       7.273853       7.284935       7.552968       7.884515       8.113009       1.70141E+38    1.70141E+38    1.70141E+38    

6.033333       5.891911       6.07175        6.414388       6.701276       6.951774       7.178333       7.450101       7.71348        7.942507       8.134671       8.250346       8.212718       7.989592       7.68333        7.577546       7.753653       8.017834       8.224561       8.30593        1.70141E+38    1.70141E+38    1.70141E+38    

6.418223       6.2344         6.162962       6.366775       6.628078       6.861392       7.069008       7.328515       7.624994       7.903356       8.148427       8.298253       8.286617       8.083819       7.899097       7.972226       8.21164        8.387223       8.451726       8.399197       1.70141E+38    1.70141E+38    1.70141E+38    

6.715685       6.59051        6.407617       6.443194       6.515612       6.706808       6.942792       7.176789       7.481182       7.823759       8.153589       8.355382       8.371183       8.20973        8.141412       8.328986       8.498031       8.551619       8.505979       8.35547        1.70141E+38    1.70141E+38    1.70141E+38    

6.92473        6.878358       6.750797       6.774617       6.739195       6.813929       7.061381       7.332162       7.623712       7.92377        8.234646       8.440187       8.478008       8.37775        8.361299       8.531472       8.603714       8.558548       8.420368       8.193968       1.70141E+38    1.70141E+38    1.70141E+38    

7.073356       7.107716       7.052602       7.083898       7.102051       7.144996       7.339025       7.596366       7.877705       8.137592       8.371335       8.527802       8.573287       8.517179       8.446714       8.547519       8.518869       8.371107       8.149519       7.868804       1.70141E+38    1.70141E+38    1.70141E+38    

7.173619       7.241199       7.22893        7.249836       7.334841       7.445585       7.600801       7.792144       8.015983       8.232956       8.431299       8.575328       8.624642       8.58525        8.442406       8.374346       8.185293       7.920187       7.668113       7.419828       1.70141E+38    1.70141E+38    1.70141E+38    

7.126317       7.199654       7.182374       7.179112       7.321175       7.471786       7.641099       7.82342        8.01746        8.203404       8.403505       8.581944       8.651649       8.597311       8.405304       8.067231       7.763862       7.409954       7.133372       6.96071        1.70141E+38    1.70141E+38    1.70141E+38    

6.966836       6.98133        6.917703       6.922073       7.089732       7.29108        7.485558       7.661078       7.852656       8.059464       8.34247        8.594309       8.658828       8.559699       8.291607       7.870131       7.424638       7.01177        6.685485       6.554332       1.70141E+38    1.70141E+38    1.70141E+38    

6.69672        6.685443       6.710695       6.775794       6.915543       7.133658       7.306739       7.488022       7.739258       8.084133       8.417664       8.629279       8.633816       8.456718       8.111801       7.667652       7.238791       6.865771       6.597736       6.414913       1.70141E+38    1.70141E+38    1.70141E+38    

6.607672       6.730037       6.89032        7.052023       7.193167       7.333649       7.504804       7.698617       7.954628       8.293834       8.554252       8.641537       8.556729       8.256176       7.809569       7.422061       7.122449       6.886992       6.70028        6.533371       1.70141E+38    1.70141E+38    1.70141E+38    

6.922471       7.065368       7.178126       7.313079       7.431154       7.590936       7.776918       8.032411       8.301476       8.50423        8.611807       8.595444       8.423698       8.041583       7.503375       7.100282       6.886938       6.781454       6.71914        6.611373       1.70141E+38    1.70141E+38    1.70141E+38    

7.087065       7.174878       7.220278       7.28875        7.428893       7.653595       7.940364       8.27193        8.503875       8.577515       8.574283       8.46052        8.230557       7.879819       7.4259         7.007403       6.703755       6.546467       6.511086       6.490306       1.70141E+38    1.70141E+38    1.70141E+38    

7.058218       7.089924       7.125539       7.244118       7.468984       7.769032       8.125525       8.413862       8.527987       8.509351       8.421127       8.194395       7.929379       7.653789       7.341337       7.083968       6.805653       6.508313       6.324274       6.245964       1.70141E+38    1.70141E+38    1.70141E+38    

6.935081       7.028087       7.168177       7.400024       7.67443        7.969327       8.237802       8.392741       8.403313       8.342111       8.152245       7.82964        7.55372        7.328437       7.09229        7.011856       6.907112       6.680878       6.426871       6.24212        1.70141E+38    1.70141E+38    1.70141E+38    

1.70141E+38    1.70141E+38    1.70141E+38    1.70141E+38    1.70141E+38    1.70141E+38    1.70141E+38    1.70141E+38    1.70141E+38    1.70141E+38    1.70141E+38    1.70141E+38    1.70141E+38    1.70141E+38    1.70141E+38    1.70141E+38    1.70141E+38    1.70141E+38    1.70141E+38    1.70141E+38    1.70141E+38    1.70141E+38    1.70141E+38    

1.70141E+38    1.70141E+38    1.70141E+38    1.70141E+38    1.70141E+38    1.70141E+38    1.70141E+38    1.70141E+38    1.70141E+38    1.70141E+38    1.70141E+38    1.70141E+38    1.70141E+38    1.70141E+38    1.70141E+38    1.70141E+38    1.70141E+38    1.70141E+38    1.70141E+38    1.70141E+38    1.70141E+38    1.70141E+38    1.70141E+38    

1.70141E+38    1.70141E+38    1.70141E+38    1.70141E+38    1.70141E+38    1.70141E+38    1.70141E+38    1.70141E+38    1.70141E+38    1.70141E+38    1.70141E+38    1.70141E+38    1.70141E+38    1.70141E+38    1.70141E+38    1.70141E+38    1.70141E+38    1.70141E+38    1.70141E+38    1.70141E+38    1.70141E+38    1.70141E+38    1.70141E+38    

1.70141E+38    1.70141E+38    1.70141E+38    1.70141E+38    1.70141E+38    1.70141E+38    1.70141E+38    1.70141E+38    1.70141E+38    1.70141E+38    1.70141E+38    1.70141E+38    1.70141E+38    1.70141E+38    1.70141E+38    1.70141E+38    1.70141E+38    1.70141E+38    1.70141E+38    1.70141E+38    1.70141E+38    1.70141E+38    1.70141E+38    

1.70141E+38    1.70141E+38    1.70141E+38    1.70141E+38    1.70141E+38    1.70141E+38    1.70141E+38    1.70141E+38    1.70141E+38    1.70141E+38    1.70141E+38    1.70141E+38    1.70141E+38    1.70141E+38    1.70141E+38    1.70141E+38    1.70141E+38    1.70141E+38    1.70141E+38    1.70141E+38    1.70141E+38    1.70141E+38    1.70141E+38    

1.70141E+38    1.70141E+38    1.70141E+38    1.70141E+38    1.70141E+38    1.70141E+38    1.70141E+38    1.70141E+38    1.70141E+38    1.70141E+38    1.70141E+38    1.70141E+38    1.70141E+38    1.70141E+38    1.70141E+38    1.70141E+38    1.70141E+38    1.70141E+38    1.70141E+38    1.70141E+38    1.70141E+38    1.70141E+38    1.70141E+38    

1.70141E+38    1.70141E+38    1.70141E+38    1.70141E+38    1.70141E+38    1.70141E+38    1.70141E+38    1.70141E+38    1.70141E+38    1.70141E+38    1.70141E+38    1.70141E+38    1.70141E+38    1.70141E+38    1.70141E+38    1.70141E+38    1.70141E+38    1.70141E+38    1.70141E+38    1.70141E+38    1.70141E+38    1.70141E+38    1.70141E+38    

1.70141E+38    1.70141E+38    1.70141E+38    1.70141E+38    1.70141E+38    1.70141E+38    1.70141E+38    1.70141E+38    1.70141E+38    1.70141E+38    1.70141E+38    1.70141E+38    1.70141E+38    1.70141E+38    1.70141E+38    1.70141E+38    1.70141E+38    1.70141E+38    1.70141E+38    1.70141E+38    1.70141E+38    1.70141E+38    1.70141E+38    

