py_wake/examples/data/ParqueFicticio/Ridge area   Sector 7   Height 200m   Mean speed.grd
DSAA
23  33
 262878   265078
 6504214   6507414
 5.293957   7.325243
1.70141E+38    1.70141E+38    1.70141E+38    1.70141E+38    1.70141E+38    1.70141E+38    1.70141E+38    1.70141E+38    1.70141E+38    1.70141E+38    1.70141E+38    1.70141E+38    1.70141E+38    1.70141E+38    1.70141E+38    1.70141E+38    1.70141E+38    1.70141E+38    1.70141E+38    1.70141E+38    1.70141E+38    1.70141E+38    1.70141E+38    

1.70141E+38    1.70141E+38    1.70141E+38    1.70141E+38    1.70141E+38    1.70141E+38    1.70141E+38    1.70141E+38    1.70141E+38    1.70141E+38    1.70141E+38    1.70141E+38    1.70141E+38    1.70141E+38    1.70141E+38    1.70141E+38    1.70141E+38    1.70141E+38    1.70141E+38    1.70141E+38    1.70141E+38    1.70141E+38    1.70141E+38    

1.70141E+38    1.70141E+38    1.70141E+38    1.70141E+38    1.70141E+38    1.70141E+38    1.70141E+38    1.70141E+38    1.70141E+38    1.70141E+38    1.70141E+38    1.70141E+38    1.70141E+38    1.70141E+38    1.70141E+38    1.70141E+38    1.70141E+38    1.70141E+38    1.70141E+38    1.70141E+38    1.70141E+38    1.70141E+38    1.70141E+38    

1.70141E+38    1.70141E+38    1.70141E+38    1.70141E+38    1.70141E+38    1.70141E+38    1.70141E+38    1.70141E+38    1.70141E+38    1.70141E+38    1.70141E+38    1.70141E+38    1.70141E+38    1.70141E+38    1.70141E+38    1.70141E+38    1.70141E+38    1.70141E+38    1.70141E+38    1.70141E+38    1.70141E+38    1.70141E+38    1.70141E+38    

1.70141E+38    1.70141E+38    1.70141E+38    1.70141E+38    1.70141E+38    1.70141E+38    1.70141E+38    1.70141E+38    1.70141E+38    1.70141E+38    1.70141E+38    1.70141E+38    1.70141E+38    1.70141E+38    1.70141E+38    1.70141E+38    1.70141E+38    1.70141E+38    1.70141E+38    1.70141E+38    1.70141E+38    1.70141E+38    1.70141E+38    

5.818315       5.865074       5.936068       6.029246       6.124035       6.193659       6.21598        6.193931       6.171882       6.208937       6.230971       6.216754       6.169538       6.031956       5.819479       5.609142       5.420779       5.293957       5.324207       5.533518       1.70141E+38    1.70141E+38    1.70141E+38    

5.866761       5.90197        5.929573       5.975979       6.048251       6.128158       6.191316       6.217633       6.281231       6.326989       6.343353       6.313997       6.214743       5.998899       5.731677       5.513053       5.355329       5.319829       5.496162       5.751037       1.70141E+38    1.70141E+38    1.70141E+38    

5.865142       5.93189        5.975636       5.96648        5.945231       5.956333       5.988615       6.060254       6.193298       6.299837       6.364928       6.347781       6.217901       5.969875       5.703545       5.499543       5.377491       5.440304       5.699072       5.936646       1.70141E+38    1.70141E+38    1.70141E+38    

5.814813       5.898454       5.978333       6.006184       5.992558       5.978058       5.955701       5.974353       6.079802       6.210672       6.344976       6.389962       6.254245       6.017816       5.796683       5.628122       5.499773       5.600786       5.894722       6.11488        1.70141E+38    1.70141E+38    1.70141E+38    

5.755127       5.850636       5.977824       6.070338       6.121096       6.1731         6.21402        6.227924       6.279717       6.331817       6.417455       6.472798       6.393051       6.232924       6.049444       5.872312       5.737717       5.814662       6.08618        6.298289       1.70141E+38    1.70141E+38    1.70141E+38    

5.779502       5.814838       5.980818       6.150521       6.271715       6.364527       6.444429       6.507097       6.582334       6.60685        6.624177       6.639117       6.579764       6.462092       6.289862       6.126309       6.071147       6.180734       6.391004       6.547365       1.70141E+38    1.70141E+38    1.70141E+38    

5.941916       5.806418       5.908532       6.107332       6.273578       6.393669       6.483269       6.601149       6.693026       6.748532       6.774655       6.781268       6.727211       6.610688       6.469506       6.412052       6.519845       6.692795       6.809864       6.855201       1.70141E+38    1.70141E+38    1.70141E+38    

6.25686        5.976045       5.824834       5.922575       6.092219       6.236531       6.34637        6.473748       6.612128       6.72348        6.807296       6.854966       6.831404       6.732852       6.648393       6.732182       6.962547       7.1023         7.150617       7.127122       1.70141E+38    1.70141E+38    1.70141E+38    

6.593527       6.363185       6.059625       5.932549       5.935697       6.033908       6.161829       6.276278       6.438756       6.620285       6.792948       6.906742       6.919524       6.856353       6.839264       7.037296       7.219439       7.302222       7.317395       7.279002       1.70141E+38    1.70141E+38    1.70141E+38    

6.85487        6.736639       6.533151       6.386356       6.199381       6.151378       6.275925       6.418052       6.566306       6.71014        6.868707       6.9937         7.030913       7.007041       7.020899       7.183359       7.286426       7.325243       7.312798       7.264701       1.70141E+38    1.70141E+38    1.70141E+38    

7.036072       7.006752       6.922205       6.831791       6.719431       6.600998       6.603479       6.710302       6.831133       6.933864       7.024311       7.094081       7.128431       7.124453       7.117949       7.187831       7.190584       7.157414       7.108053       7.048079       1.70141E+38    1.70141E+38    1.70141E+38    

7.082031       7.095304       7.069475       7.02015        6.957812       6.881721       6.84591        6.887665       6.950585       7.013548       7.072312       7.124589       7.149793       7.157901       7.119303       7.088814       6.957914       6.804995       6.7177         6.67678        1.70141E+38    1.70141E+38    1.70141E+38    

6.944388       6.991508       6.986351       6.949544       6.910679       6.848842       6.837368       6.86299        6.89505        6.925071       6.975967       7.055121       7.110782       7.122737       7.06987        6.957945       6.779418       6.525192       6.340264       6.308011       1.70141E+38    1.70141E+38    1.70141E+38    

6.638063       6.690386       6.686324       6.658555       6.638443       6.593475       6.616306       6.627357       6.643912       6.66934        6.777812       6.944387       7.035354       7.042385       6.964428       6.806576       6.616127       6.37043        6.103731       6.005592       1.70141E+38    1.70141E+38    1.70141E+38    

6.253962       6.280982       6.334114       6.361606       6.354308       6.33455        6.336264       6.335342       6.394947       6.553407       6.733692       6.898602       6.949612       6.918925       6.821814       6.670962       6.48622        6.264347       6.04893        5.87335        1.70141E+38    1.70141E+38    1.70141E+38    

6.118911       6.184124       6.296597       6.387746       6.398562       6.373407       6.387815       6.410283       6.501476       6.692877       6.853872       6.924241       6.899931       6.759797       6.606515       6.496852       6.397398       6.281708       6.140044       5.973227       1.70141E+38    1.70141E+38    1.70141E+38    

6.274978       6.364279       6.419169       6.461943       6.463626       6.47883        6.512424       6.607789       6.723817       6.85331        6.935155       6.942706       6.871748       6.692752       6.445813       6.270654       6.203929       6.178219       6.138563       6.034202       1.70141E+38    1.70141E+38    1.70141E+38    

6.327959       6.366484       6.36302        6.343694       6.342377       6.396049       6.517303       6.707273       6.85203        6.917342       6.922066       6.876888       6.804423       6.679951       6.488402       6.263552       6.065259       5.966062       5.946633       5.917428       1.70141E+38    1.70141E+38    1.70141E+38    

6.219343       6.20433        6.184675       6.194438       6.26745        6.397885       6.583617       6.75446        6.847962       6.863693       6.801176       6.685895       6.614038       6.563323       6.478776       6.376494       6.203648       6.102299       5.947632       5.900567       1.70141E+38    1.70141E+38    1.70141E+38    

6.006165       6.038888       6.11693        6.257369       6.414813       6.563625       6.685954       6.746797       6.750658       6.699748       6.589032       6.41078        6.319063       6.305764       6.291128       6.33049        6.307946       6.210607       6.077907       6.44561        1.70141E+38    1.70141E+38    1.70141E+38    

1.70141E+38    1.70141E+38    1.70141E+38    1.70141E+38    1.70141E+38    1.70141E+38    1.70141E+38    1.70141E+38    1.70141E+38    1.70141E+38    1.70141E+38    1.70141E+38    1.70141E+38    1.70141E+38    1.70141E+38    1.70141E+38    1.70141E+38    1.70141E+38    1.70141E+38    1.70141E+38    1.70141E+38    1.70141E+38    1.70141E+38    

1.70141E+38    1.70141E+38    1.70141E+38    1.70141E+38    1.70141E+38    1.70141E+38    1.70141E+38    1.70141E+38    1.70141E+38    1.70141E+38    1.70141E+38    1.70141E+38    1.70141E+38    1.70141E+38    1.70141E+38    1.70141E+38    1.70141E+38    1.70141E+38    1.70141E+38    1.70141E+38    1.70141E+38    1.70141E+38    1.70141E+38    

1.70141E+38    1.70141E+38    1.70141E+38    1.70141E+38    1.70141E+38    1.70141E+38    1.70141E+38    1.70141E+38    1.70141E+38    1.70141E+38    1.70141E+38    1.70141E+38    1.70141E+38    1.70141E+38    1.70141E+38    1.70141E+38    1.70141E+38    1.70141E+38    1.70141E+38    1.70141E+38    1.70141E+38    1.70141E+38    1.70141E+38    

1.70141E+38    1.70141E+38    1.70141E+38    1.70141E+38    1.70141E+38    1.70141E+38    1.70141E+38    1.70141E+38    1.70141E+38    1.70141E+38    1.70141E+38    1.70141E+38    1.70141E+38    1.70141E+38    1.70141E+38    1.70141E+38    1.70141E+38    1.70141E+38    1.70141E+38    1.70141E+38    1.70141E+38    1.70141E+38    1.70141E+38    

1.70141E+38    1.70141E+38    1.70141E+38    1.70141E+38    1.70141E+38    1.70141E+38    1.70141E+38    1.70141E+38    1.70141E+38    1.70141E+38    1.70141E+38    1.70141E+38    1.70141E+38    1.70141E+38    1.70141E+38    1.70141E+38    1.70141E+38    1.70141E+38    1.70141E+38    1.70141E+38    1.70141E+38    1.70141E+38    1.70141E+38    

1.70141E+38    1.70141E+38    1.70141E+38    1.70141E+38    1.70141E+38    1.70141E+38    1.70141E+38    1.70141E+38    1.70141E+38    1.70141E+38    1.70141E+38    1.70141E+38    1.70141E+38    1.70141E+38    1.70141E+38    1.70141E+38    1.70141E+38    1.70141E+38    1.70141E+38    1.70141E+38    1.70141E+38    1.70141E+38    1.70141E+38    

1.70141E+38    1.70141E+38    1.70141E+38    1.70141E+38    1.70141E+38    1.70141E+38    1.70141E+38    1.70141E+38    1.70141E+38    1.70141E+38    1.70141E+38    1.70141E+38    1.70141E+38    1.70141E+38    1.70141E+38    1.70141E+38    1.70141E+38    1.70141E+38    1.70141E+38    1.70141E+38    1.70141E+38    1.70141E+38    1.70141E+38    

1.70141E+38    1.70141E+38    1.70141E+38    1.70141E+38    1.70141E+38    1.70141E+38    1.70141E+38    1.70141E+38    1.70141E+38    1.70141E+38    1.70141E+38    1.70141E+38    1.70141E+38    1.70141E+38    1.70141E+38    1.70141E+38    1.70141E+38    1.70141E+38    1.70141E+38    1.70141E+38    1.70141E+38    1.70141E+38    1.70141E+38    

