py_wake/examples/data/ParqueFicticio/Ridge area   Sector 12   Height 30m   Weibull-A.grd
DSAA
23  33
 262878   265078
 6504214   6507414
 .6276739   6.532864
1.70141E+38    1.70141E+38    1.70141E+38    1.70141E+38    1.70141E+38    1.70141E+38    1.70141E+38    1.70141E+38    1.70141E+38    1.70141E+38    1.70141E+38    1.70141E+38    1.70141E+38    1.70141E+38    1.70141E+38    1.70141E+38    1.70141E+38    1.70141E+38    1.70141E+38    1.70141E+38    1.70141E+38    1.70141E+38    1.70141E+38    

1.70141E+38    1.70141E+38    1.70141E+38    1.70141E+38    1.70141E+38    1.70141E+38    1.70141E+38    1.70141E+38    1.70141E+38    1.70141E+38    1.70141E+38    1.70141E+38    1.70141E+38    1.70141E+38    1.70141E+38    1.70141E+38    1.70141E+38    1.70141E+38    1.70141E+38    1.70141E+38    1.70141E+38    1.70141E+38    1.70141E+38    

1.70141E+38    1.70141E+38    1.70141E+38    1.70141E+38    1.70141E+38    1.70141E+38    1.70141E+38    1.70141E+38    1.70141E+38    1.70141E+38    1.70141E+38    1.70141E+38    1.70141E+38    1.70141E+38    1.70141E+38    1.70141E+38    1.70141E+38    1.70141E+38    1.70141E+38    1.70141E+38    1.70141E+38    1.70141E+38    1.70141E+38    

1.70141E+38    1.70141E+38    1.70141E+38    1.70141E+38    1.70141E+38    1.70141E+38    1.70141E+38    1.70141E+38    1.70141E+38    1.70141E+38    1.70141E+38    1.70141E+38    1.70141E+38    1.70141E+38    1.70141E+38    1.70141E+38    1.70141E+38    1.70141E+38    1.70141E+38    1.70141E+38    1.70141E+38    1.70141E+38    1.70141E+38    

1.70141E+38    1.70141E+38    1.70141E+38    1.70141E+38    1.70141E+38    1.70141E+38    1.70141E+38    1.70141E+38    1.70141E+38    1.70141E+38    1.70141E+38    1.70141E+38    1.70141E+38    1.70141E+38    1.70141E+38    1.70141E+38    1.70141E+38    1.70141E+38    1.70141E+38    1.70141E+38    1.70141E+38    1.70141E+38    1.70141E+38    

3.602864       3.607985       3.931405       4.415795       4.88937        5.312122       5.257225       4.85672        4.679958       4.726538       4.663362       4.320898       3.855641       2.736354       2.664974       1.434161       1.354864       1.085148       1.315863       1.887996       1.70141E+38    1.70141E+38    1.70141E+38    

3.853173       3.659798       3.404992       3.540329       4.03853        4.524244       4.878995       5.197846       5.27501        5.223236       5.052707       4.673349       3.969517       2.22924        1.241656       1.210925       1.14931        .9962506       1.576693       2.442743       1.70141E+38    1.70141E+38    1.70141E+38    

3.677152       3.76994        3.622561       3.419527       3.324383       3.184237       3.315396       3.669061       4.177209       4.660405       4.996902       4.664773       3.751416       1.616642       .8397076       .8862945       1.166054       1.351729       2.440819       3.117069       1.70141E+38    1.70141E+38    1.70141E+38    

3.063479       3.053342       3.237272       3.485509       3.39737        3.372966       3.246606       2.976437       3.007794       3.446728       4.297408       4.722909       3.583228       1.557823       .8682482       .6276739       1.294404       1.496094       2.991097       3.343064       1.70141E+38    1.70141E+38    1.70141E+38    

2.385522       2.306489       2.750332       3.218502       3.595686       3.952464       4.054583       4.019801       3.648254       3.477081       3.979846       4.578689       3.850025       2.154914       1.250222       .6742706       1.84111        2.089863       3.022062       3.341055       1.70141E+38    1.70141E+38    1.70141E+38    

2.011042       1.409018       2.351357       3.709387       4.333616       4.476553       4.751467       5.083366       5.169735       4.899234       4.81733        4.925461       4.360165       3.03047        1.842933       1.712217       2.335348       2.457948       2.81336        3.420099       1.70141E+38    1.70141E+38    1.70141E+38    

1.911089       .9023791       1.713659       3.259986       4.313053       4.842723       5.013306       5.281024       5.498463       5.654238       5.529658       5.388575       4.796887       3.401783       2.085402       1.98805        3.311371       3.82068        3.710509       3.961719       1.70141E+38    1.70141E+38    1.70141E+38    

3.056714       1.529663       .8508198       1.764138       2.621359       3.056418       3.258655       3.582721       4.258853       4.880134       5.367728       5.616898       5.17047        3.774236       1.343521       2.744104       4.337574       5.114183       5.150166       4.94296        1.70141E+38    1.70141E+38    1.70141E+38    

4.643522       2.245059       .8836467       1.290079       .9817395       1.351524       1.988141       2.189701       2.66284        3.572095       4.763793       5.601611       5.305914       4.015962       2.570148       3.593789       4.978247       5.731064       5.974122       5.799046       1.70141E+38    1.70141E+38    1.70141E+38    

5.382691       4.451131       2.851066       2.93977        1.264338       1.020115       2.000902       2.910032       3.569004       3.96191        4.73963        5.61229        5.659882       4.673357       3.837556       4.139467       4.469567       4.957357       5.365473       5.658028       1.70141E+38    1.70141E+38    1.70141E+38    

5.872364       5.596684       5.128784       5.141418       4.343788       2.973091       3.748126       4.499403       5.053923       5.350078       5.628781       5.948752       6.022948       5.443159       4.702183       3.221948       1.879323       2.858079       3.727316       4.34658        1.70141E+38    1.70141E+38    1.70141E+38    

6.434722       6.532864       6.416207       6.371848       6.24008        5.927581       5.682668       5.577013       5.606761       5.656836       5.880954       6.087416       5.946245       5.785194       4.919952       1.829493       .94984         1.956229       2.66698        3.360545       1.70141E+38    1.70141E+38    1.70141E+38    

5.494713       5.859297       5.957489       5.611743       5.752678       5.704926       5.599635       5.487879       5.259978       5.144181       5.166096       5.598387       5.89465        5.825327       5.349507       2.346433       2.221728       1.244227       2.019169       2.254694       1.70141E+38    1.70141E+38    1.70141E+38    

4.35126        4.335307       3.940266       3.428514       3.513967       3.678758       3.866551       3.843737       3.792104       3.535521       3.834967       4.981616       5.631643       5.800376       5.379257       4.578498       3.061788       2.075038       1.390693       1.727803       1.70141E+38    1.70141E+38    1.70141E+38    

3.496715       3.147975       2.612127       1.826026       1.91683        2.453242       2.41503        2.176781       2.246661       3.166589       3.924012       4.936148       5.307673       5.386406       5.313757       4.8111         3.833175       2.691789       2.221822       2.035767       1.70141E+38    1.70141E+38    1.70141E+38    

3.413832       3.357473       3.647361       3.958371       3.818582       3.728222       3.801366       3.57276        3.494507       4.282794       4.963556       5.354202       5.365726       2.865709       4.288662       4.430262       2.718525       4.857023       3.847647       2.762914       1.70141E+38    1.70141E+38    1.70141E+38    

4.572618       4.862337       5.104353       5.296957       5.27276        5.100431       4.91501        4.888937       4.741041       4.953442       5.3933         5.765234       5.766901       4.949829       3.642644       2.955704       2.75578        3.169706       3.548657       3.394332       1.70141E+38    1.70141E+38    1.70141E+38    

4.915727       4.929122       4.756981       4.414745       4.229907       4.249838       4.362595       4.900432       5.333528       5.376106       5.330604       5.500098       5.903777       5.809549       5.199599       3.633464       1.579708       1.30812        1.975325       2.986959       1.70141E+38    1.70141E+38    1.70141E+38    

4.090508       4.038115       3.957708       3.854651       3.84574        3.986227       4.318891       4.757401       5.115448       5.256333       5.104144       4.771434       5.066232       5.593977       5.715101       5.466589       3.779668       1.186677       .9902753       1.066785       1.70141E+38    1.70141E+38    1.70141E+38    

3.290483       3.575381       3.79339        4.192406       4.560215       4.827824       5.003372       4.921847       4.852981       4.891873       4.793295       4.139244       4.131907       4.559133       4.641411       5.173983       5.014229       4.264187       2.097827       .8010282       1.70141E+38    1.70141E+38    1.70141E+38    

1.70141E+38    1.70141E+38    1.70141E+38    1.70141E+38    1.70141E+38    1.70141E+38    1.70141E+38    1.70141E+38    1.70141E+38    1.70141E+38    1.70141E+38    1.70141E+38    1.70141E+38    1.70141E+38    1.70141E+38    1.70141E+38    1.70141E+38    1.70141E+38    1.70141E+38    1.70141E+38    1.70141E+38    1.70141E+38    1.70141E+38    

1.70141E+38    1.70141E+38    1.70141E+38    1.70141E+38    1.70141E+38    1.70141E+38    1.70141E+38    1.70141E+38    1.70141E+38    1.70141E+38    1.70141E+38    1.70141E+38    1.70141E+38    1.70141E+38    1.70141E+38    1.70141E+38    1.70141E+38    1.70141E+38    1.70141E+38    1.70141E+38    1.70141E+38    1.70141E+38    1.70141E+38    

1.70141E+38    1.70141E+38    1.70141E+38    1.70141E+38    1.70141E+38    1.70141E+38    1.70141E+38    1.70141E+38    1.70141E+38    1.70141E+38    1.70141E+38    1.70141E+38    1.70141E+38    1.70141E+38    1.70141E+38    1.70141E+38    1.70141E+38    1.70141E+38    1.70141E+38    1.70141E+38    1.70141E+38    1.70141E+38    1.70141E+38    

1.70141E+38    1.70141E+38    1.70141E+38    1.70141E+38    1.70141E+38    1.70141E+38    1.70141E+38    1.70141E+38    1.70141E+38    1.70141E+38    1.70141E+38    1.70141E+38    1.70141E+38    1.70141E+38    1.70141E+38    1.70141E+38    1.70141E+38    1.70141E+38    1.70141E+38    1.70141E+38    1.70141E+38    1.70141E+38    1.70141E+38    

1.70141E+38    1.70141E+38    1.70141E+38    1.70141E+38    1.70141E+38    1.70141E+38    1.70141E+38    1.70141E+38    1.70141E+38    1.70141E+38    1.70141E+38    1.70141E+38    1.70141E+38    1.70141E+38    1.70141E+38    1.70141E+38    1.70141E+38    1.70141E+38    1.70141E+38    1.70141E+38    1.70141E+38    1.70141E+38    1.70141E+38    

1.70141E+38    1.70141E+38    1.70141E+38    1.70141E+38    1.70141E+38    1.70141E+38    1.70141E+38    1.70141E+38    1.70141E+38    1.70141E+38    1.70141E+38    1.70141E+38    1.70141E+38    1.70141E+38    1.70141E+38    1.70141E+38    1.70141E+38    1.70141E+38    1.70141E+38    1.70141E+38    1.70141E+38    1.70141E+38    1.70141E+38    

1.70141E+38    1.70141E+38    1.70141E+38    1.70141E+38    1.70141E+38    1.70141E+38    1.70141E+38    1.70141E+38    1.70141E+38    1.70141E+38    1.70141E+38    1.70141E+38    1.70141E+38    1.70141E+38    1.70141E+38    1.70141E+38    1.70141E+38    1.70141E+38    1.70141E+38    1.70141E+38    1.70141E+38    1.70141E+38    1.70141E+38    

1.70141E+38    1.70141E+38    1.70141E+38    1.70141E+38    1.70141E+38    1.70141E+38    1.70141E+38    1.70141E+38    1.70141E+38    1.70141E+38    1.70141E+38    1.70141E+38    1.70141E+38    1.70141E+38    1.70141E+38    1.70141E+38    1.70141E+38    1.70141E+38    1.70141E+38    1.70141E+38    1.70141E+38    1.70141E+38    1.70141E+38    

