py_wake/examples/data/ParqueFicticio/Ridge area   Sector 1   Height 200m   Weibull-A.grd
DSAA
23  33
 262878   265078
 6504214   6507414
 4.886013   7.269424
1.70141E+38    1.70141E+38    1.70141E+38    1.70141E+38    1.70141E+38    1.70141E+38    1.70141E+38    1.70141E+38    1.70141E+38    1.70141E+38    1.70141E+38    1.70141E+38    1.70141E+38    1.70141E+38    1.70141E+38    1.70141E+38    1.70141E+38    1.70141E+38    1.70141E+38    1.70141E+38    1.70141E+38    1.70141E+38    1.70141E+38    

1.70141E+38    1.70141E+38    1.70141E+38    1.70141E+38    1.70141E+38    1.70141E+38    1.70141E+38    1.70141E+38    1.70141E+38    1.70141E+38    1.70141E+38    1.70141E+38    1.70141E+38    1.70141E+38    1.70141E+38    1.70141E+38    1.70141E+38    1.70141E+38    1.70141E+38    1.70141E+38    1.70141E+38    1.70141E+38    1.70141E+38    

1.70141E+38    1.70141E+38    1.70141E+38    1.70141E+38    1.70141E+38    1.70141E+38    1.70141E+38    1.70141E+38    1.70141E+38    1.70141E+38    1.70141E+38    1.70141E+38    1.70141E+38    1.70141E+38    1.70141E+38    1.70141E+38    1.70141E+38    1.70141E+38    1.70141E+38    1.70141E+38    1.70141E+38    1.70141E+38    1.70141E+38    

1.70141E+38    1.70141E+38    1.70141E+38    1.70141E+38    1.70141E+38    1.70141E+38    1.70141E+38    1.70141E+38    1.70141E+38    1.70141E+38    1.70141E+38    1.70141E+38    1.70141E+38    1.70141E+38    1.70141E+38    1.70141E+38    1.70141E+38    1.70141E+38    1.70141E+38    1.70141E+38    1.70141E+38    1.70141E+38    1.70141E+38    

1.70141E+38    1.70141E+38    1.70141E+38    1.70141E+38    1.70141E+38    1.70141E+38    1.70141E+38    1.70141E+38    1.70141E+38    1.70141E+38    1.70141E+38    1.70141E+38    1.70141E+38    1.70141E+38    1.70141E+38    1.70141E+38    1.70141E+38    1.70141E+38    1.70141E+38    1.70141E+38    1.70141E+38    1.70141E+38    1.70141E+38    

5.521079       5.583182       5.687994       5.799416       5.922511       6.02779        6.086047       6.138441       6.166434       6.198344       6.216076       6.201435       6.157787       6.014147       5.766839       5.441109       5.053475       4.886013       5.101621       5.480115       1.70141E+38    1.70141E+38    1.70141E+38    

5.579534       5.637455       5.708621       5.784525       5.896771       6.003588       6.103658       6.202923       6.278797       6.320582       6.336736       6.312383       6.220794       6.005548       5.712249       5.368812       4.94523        4.976937       5.410885       5.761577       1.70141E+38    1.70141E+38    1.70141E+38    

5.591228       5.690904       5.789063       5.81722        5.837532       5.88311        5.95487        6.071454       6.20603        6.307946       6.372383       6.360978       6.241786       6.003149       5.729303       5.434671       5.049298       5.271838       5.708492       5.97783        1.70141E+38    1.70141E+38    1.70141E+38    

5.571823       5.682797       5.810058       5.874825       5.903384       5.931191       5.961717       6.023368       6.122244       6.240972       6.367493       6.415361       6.290068       6.068082       5.854749       5.653434       5.366935       5.582848       5.963581       6.173584       1.70141E+38    1.70141E+38    1.70141E+38    

5.558811       5.67585        5.832348       5.946682       6.024638       6.115477       6.204645       6.288812       6.331724       6.370183       6.443757       6.497586       6.425705       6.279156       6.107289       5.925426       5.76729        5.885865       6.166858       6.356491       1.70141E+38    1.70141E+38    1.70141E+38    

5.643799       5.703393       5.884345       6.063553       6.197268       6.316599       6.434525       6.543605       6.609047       6.624778       6.63533        6.650384       6.596973       6.489559       6.323549       6.158231       6.119962       6.257698       6.442111       6.588255       1.70141E+38    1.70141E+38    1.70141E+38    

5.83502        5.774386       5.90315        6.106265       6.275681       6.413471       6.518134       6.622735       6.703419       6.750408       6.771256       6.778216       6.72815        6.617496       6.474476       6.409594       6.531582       6.697656       6.812479       6.865804       1.70141E+38    1.70141E+38    1.70141E+38    

6.111879       5.965442       5.920602       6.057136       6.209293       6.324764       6.396395       6.4953         6.61902        6.71956        6.796801       6.842945       6.820699       6.723869       6.632196       6.702313       6.918697       7.060838       7.119624       7.114956       1.70141E+38    1.70141E+38    1.70141E+38    

6.386906       6.272248       6.125678       6.137469       6.134621       6.187811       6.262397       6.3236         6.457717       6.620697       6.781418       6.889664       6.900098       6.835353       6.810336       6.980231       7.152001       7.240694       7.269424       7.252996       1.70141E+38    1.70141E+38    1.70141E+38    

6.602384       6.556107       6.467103       6.457842       6.377325       6.338974       6.407806       6.489849       6.599599       6.714461       6.853779       6.969939       7.00244        6.974671       6.988605       7.115079       7.205971       7.247576       7.249205       7.217206       1.70141E+38    1.70141E+38    1.70141E+38    

6.761426       6.777701       6.767869       6.760957       6.719389       6.674973       6.703631       6.762401       6.843284       6.922597       6.998712       7.061099       7.090864       7.082213       7.072525       7.104828       7.089937       7.056387       7.016655       6.977384       1.70141E+38    1.70141E+38    1.70141E+38    

6.837567       6.879103       6.890119       6.886389       6.882335       6.882292       6.894823       6.913451       6.93791        6.983303       7.034277       7.083596       7.105429       7.110444       7.063395       6.986919       6.81981        6.65159        6.568674       6.557935       1.70141E+38    1.70141E+38    1.70141E+38    

6.73642        6.778589       6.779704       6.767663       6.795703       6.820251       6.839908       6.851606       6.858336       6.873454       6.924635       7.008744       7.066268       7.07543        7.012864       6.852684       6.618926       6.33449        6.148354       6.125428       1.70141E+38    1.70141E+38    1.70141E+38    

6.462487       6.458511       6.410094       6.392399       6.456387       6.519009       6.553749       6.555848       6.560857       6.593669       6.718036       6.899514       6.994988       6.998984       6.91069        6.73213        6.495185       6.210901       5.936825       5.808712       1.70141E+38    1.70141E+38    1.70141E+38    

6.112706       6.07556        6.083107       6.102167       6.147402       6.221309       6.227324       6.235233       6.318293       6.500182       6.692515       6.864927       6.916584       6.881342       6.774856       6.608236       6.401934       6.163666       5.938477       5.736046       1.70141E+38    1.70141E+38    1.70141E+38    

6.038517       6.108862       6.212554       6.292514       6.317227       6.323247       6.342072       6.373285       6.475523       6.671344       6.833247       6.903309       6.876164       6.728766       6.567103       6.450245       6.337958       6.211221       6.072315       5.907575       1.70141E+38    1.70141E+38    1.70141E+38    

6.269663       6.359666       6.410131       6.447106       6.450865       6.470979       6.507937       6.60684        6.727721       6.849493       6.924847       6.929509       6.855419       6.672235       6.423665       6.253834       6.174537       6.138515       6.101871       6.005153       1.70141E+38    1.70141E+38    1.70141E+38    

6.340671       6.380591       6.368667       6.343226       6.349837       6.42107        6.55348        6.741516       6.877656       6.926496       6.912896       6.862576       6.787725       6.664046       6.479281       6.269969       6.075962       5.967404       5.942013       5.915518       1.70141E+38    1.70141E+38    1.70141E+38    

6.213521       6.20817        6.182092       6.199158       6.297873       6.454544       6.6472         6.807462       6.880594       6.867175       6.780497       6.654745       6.582275       6.538136       6.464691       6.370748       6.211726       5.991539       5.822619       5.730089       1.70141E+38    1.70141E+38    1.70141E+38    

5.982407       6.038038       6.13108        6.295471       6.47552        6.635099       6.75216        6.798363       6.774822       6.678381       6.54496        6.349182       6.25887        6.257083       6.256493       6.308832       6.297016       6.171732       5.97807        5.795031       1.70141E+38    1.70141E+38    1.70141E+38    

1.70141E+38    1.70141E+38    1.70141E+38    1.70141E+38    1.70141E+38    1.70141E+38    1.70141E+38    1.70141E+38    1.70141E+38    1.70141E+38    1.70141E+38    1.70141E+38    1.70141E+38    1.70141E+38    1.70141E+38    1.70141E+38    1.70141E+38    1.70141E+38    1.70141E+38    1.70141E+38    1.70141E+38    1.70141E+38    1.70141E+38    

1.70141E+38    1.70141E+38    1.70141E+38    1.70141E+38    1.70141E+38    1.70141E+38    1.70141E+38    1.70141E+38    1.70141E+38    1.70141E+38    1.70141E+38    1.70141E+38    1.70141E+38    1.70141E+38    1.70141E+38    1.70141E+38    1.70141E+38    1.70141E+38    1.70141E+38    1.70141E+38    1.70141E+38    1.70141E+38    1.70141E+38    

1.70141E+38    1.70141E+38    1.70141E+38    1.70141E+38    1.70141E+38    1.70141E+38    1.70141E+38    1.70141E+38    1.70141E+38    1.70141E+38    1.70141E+38    1.70141E+38    1.70141E+38    1.70141E+38    1.70141E+38    1.70141E+38    1.70141E+38    1.70141E+38    1.70141E+38    1.70141E+38    1.70141E+38    1.70141E+38    1.70141E+38    

1.70141E+38    1.70141E+38    1.70141E+38    1.70141E+38    1.70141E+38    1.70141E+38    1.70141E+38    1.70141E+38    1.70141E+38    1.70141E+38    1.70141E+38    1.70141E+38    1.70141E+38    1.70141E+38    1.70141E+38    1.70141E+38    1.70141E+38    1.70141E+38    1.70141E+38    1.70141E+38    1.70141E+38    1.70141E+38    1.70141E+38    

1.70141E+38    1.70141E+38    1.70141E+38    1.70141E+38    1.70141E+38    1.70141E+38    1.70141E+38    1.70141E+38    1.70141E+38    1.70141E+38    1.70141E+38    1.70141E+38    1.70141E+38    1.70141E+38    1.70141E+38    1.70141E+38    1.70141E+38    1.70141E+38    1.70141E+38    1.70141E+38    1.70141E+38    1.70141E+38    1.70141E+38    

1.70141E+38    1.70141E+38    1.70141E+38    1.70141E+38    1.70141E+38    1.70141E+38    1.70141E+38    1.70141E+38    1.70141E+38    1.70141E+38    1.70141E+38    1.70141E+38    1.70141E+38    1.70141E+38    1.70141E+38    1.70141E+38    1.70141E+38    1.70141E+38    1.70141E+38    1.70141E+38    1.70141E+38    1.70141E+38    1.70141E+38    

1.70141E+38    1.70141E+38    1.70141E+38    1.70141E+38    1.70141E+38    1.70141E+38    1.70141E+38    1.70141E+38    1.70141E+38    1.70141E+38    1.70141E+38    1.70141E+38    1.70141E+38    1.70141E+38    1.70141E+38    1.70141E+38    1.70141E+38    1.70141E+38    1.70141E+38    1.70141E+38    1.70141E+38    1.70141E+38    1.70141E+38    

1.70141E+38    1.70141E+38    1.70141E+38    1.70141E+38    1.70141E+38    1.70141E+38    1.70141E+38    1.70141E+38    1.70141E+38    1.70141E+38    1.70141E+38    1.70141E+38    1.70141E+38    1.70141E+38    1.70141E+38    1.70141E+38    1.70141E+38    1.70141E+38    1.70141E+38    1.70141E+38    1.70141E+38    1.70141E+38    1.70141E+38    

