py_wake/examples/data/ParqueFicticio/Ridge area   Sector 7   Height 200m   Weibull-A.grd
DSAA
23  33
 262878   265078
 6504214   6507414
 5.961854   8.249762
1.70141E+38    1.70141E+38    1.70141E+38    1.70141E+38    1.70141E+38    1.70141E+38    1.70141E+38    1.70141E+38    1.70141E+38    1.70141E+38    1.70141E+38    1.70141E+38    1.70141E+38    1.70141E+38    1.70141E+38    1.70141E+38    1.70141E+38    1.70141E+38    1.70141E+38    1.70141E+38    1.70141E+38    1.70141E+38    1.70141E+38    

1.70141E+38    1.70141E+38    1.70141E+38    1.70141E+38    1.70141E+38    1.70141E+38    1.70141E+38    1.70141E+38    1.70141E+38    1.70141E+38    1.70141E+38    1.70141E+38    1.70141E+38    1.70141E+38    1.70141E+38    1.70141E+38    1.70141E+38    1.70141E+38    1.70141E+38    1.70141E+38    1.70141E+38    1.70141E+38    1.70141E+38    

1.70141E+38    1.70141E+38    1.70141E+38    1.70141E+38    1.70141E+38    1.70141E+38    1.70141E+38    1.70141E+38    1.70141E+38    1.70141E+38    1.70141E+38    1.70141E+38    1.70141E+38    1.70141E+38    1.70141E+38    1.70141E+38    1.70141E+38    1.70141E+38    1.70141E+38    1.70141E+38    1.70141E+38    1.70141E+38    1.70141E+38    

1.70141E+38    1.70141E+38    1.70141E+38    1.70141E+38    1.70141E+38    1.70141E+38    1.70141E+38    1.70141E+38    1.70141E+38    1.70141E+38    1.70141E+38    1.70141E+38    1.70141E+38    1.70141E+38    1.70141E+38    1.70141E+38    1.70141E+38    1.70141E+38    1.70141E+38    1.70141E+38    1.70141E+38    1.70141E+38    1.70141E+38    

1.70141E+38    1.70141E+38    1.70141E+38    1.70141E+38    1.70141E+38    1.70141E+38    1.70141E+38    1.70141E+38    1.70141E+38    1.70141E+38    1.70141E+38    1.70141E+38    1.70141E+38    1.70141E+38    1.70141E+38    1.70141E+38    1.70141E+38    1.70141E+38    1.70141E+38    1.70141E+38    1.70141E+38    1.70141E+38    1.70141E+38    

6.558226       6.610931       6.690954       6.795981       6.902824       6.98103        7.005109       6.977727       6.95054        6.99227        7.017084       7.001073       6.947901       6.79296        6.553678       6.316803       6.104676       5.961854       5.995921       6.231639       1.70141E+38    1.70141E+38    1.70141E+38    

6.612833       6.65252        6.683372       6.735677       6.81661        6.906411       6.9762         7.00266        7.073685       7.125216       7.143644       7.110584       6.998808       6.755733       6.454797       6.208591       6.030968       5.99099        6.18957        6.476601       1.70141E+38    1.70141E+38    1.70141E+38    

6.611008       6.685982       6.73529        6.72471        6.700253       6.711974       6.746429       6.824828       6.974658       7.094638       7.167941       7.148631       7.002365       6.723048       6.423116       6.193377       6.055927       6.126665       6.41808        6.685626       1.70141E+38    1.70141E+38    1.70141E+38    

6.554278       6.648296       6.73833        6.76946        6.753591       6.736723       6.70935        6.728091       6.846843       6.994224       7.145472       7.196134       7.043294       6.777037       6.528005       6.338179       6.193636       6.307393       6.638413       6.886638       1.70141E+38    1.70141E+38    1.70141E+38    

6.486749       6.594144       6.737495       6.841766       6.898709       6.956516       7.001225       7.013652       7.07198        7.130652       7.227095       7.28942        7.199612       7.019283       6.812655       6.613175       6.4616         6.548252       6.854316       7.093195       1.70141E+38    1.70141E+38    1.70141E+38    

6.513971       6.553301       6.740359       6.93134        7.067647       7.171369       7.259923       7.328046       7.412775       7.440385       7.459898       7.476722       7.409882       7.277364       7.083405       6.899218       6.837096       6.960508       7.197612       7.374023       1.70141E+38    1.70141E+38    1.70141E+38    

6.697025       6.543041       6.6573         6.880744       7.067452       7.201543       7.301212       7.433964       7.537433       7.599941       7.629361       7.636807       7.57593        7.444706       7.285713       7.22101        7.342403       7.537491       7.669335       7.720395       1.70141E+38    1.70141E+38    1.70141E+38    

7.052541       6.734454       6.561105       6.66978        6.860827       7.023345       7.147041       7.29049        7.446328       7.571729       7.666119       7.719803       7.693268       7.582283       7.487168       7.581528       7.84129        7.998681       8.053096       8.026635       1.70141E+38    1.70141E+38    1.70141E+38    

7.432022       7.172107       6.827815       6.681012       6.684557       6.795159       6.939218       7.068107       7.251084       7.455514       7.649961       7.778111       7.792506       7.721365       7.70212        7.925472       8.130603       8.223835       8.240922       8.197683       1.70141E+38    1.70141E+38    1.70141E+38    

7.726599       7.593333       7.363394       7.195966       6.982706       6.927449       7.067709       7.227767       7.394725       7.556706       7.735278       7.87604        7.917949       7.891065       7.906671       8.08997        8.206044       8.249762       8.235745       8.181579       1.70141E+38    1.70141E+38    1.70141E+38    

7.930534       7.897795       7.802192       7.69969        7.571579       7.436004       7.436589       7.556888       7.692964       7.808655       7.910513       7.989086       8.027769       8.023289       8.015965       8.095006       8.098106       8.06075        8.005159       7.937279       1.70141E+38    1.70141E+38    1.70141E+38    

7.982028       7.996987       7.967876       7.911683       7.840505       7.752237       7.709605       7.756628       7.827486       7.898392       7.96457        8.023443       8.051826       8.060957       8.017489       7.983492       7.836072       7.663852       7.565539       7.519137       1.70141E+38    1.70141E+38    1.70141E+38    

7.82599        7.879403       7.873884       7.832402       7.786758       7.714229       7.699985       7.728839       7.764944       7.798753       7.856071       7.945211       8.007894       8.021358       7.961821       7.836107       7.635047       7.348736       7.140468       7.103843       1.70141E+38    1.70141E+38    1.70141E+38    

7.478684       7.539153       7.535743       7.504446       7.480011       7.425636       7.451034       7.463478       7.482122       7.510758       7.632916       7.820507       7.92295        7.930867       7.843076       7.665308       7.451148       7.17444        6.873791       6.763271       1.70141E+38    1.70141E+38    1.70141E+38    

7.042975       7.07521        7.136815       7.168662       7.159568       7.134033       7.135661       7.134623       7.201747       7.380199       7.583229       7.768945       7.82639        7.791831       7.682469       7.512585       7.304536       7.054671       6.812076       6.614345       1.70141E+38    1.70141E+38    1.70141E+38    

6.890886       6.964327       7.091593       7.19517        7.207054       7.17749        7.193716       7.219018       7.321716       7.537265       7.718571       7.797818       7.770441       7.612627       7.440008       7.316509       7.204508       7.074222       6.914686       6.726822       1.70141E+38    1.70141E+38    1.70141E+38    

7.066642       7.16721        7.229025       7.277196       7.279091       7.296213       7.334045       7.441442       7.572109       7.717938       7.810109       7.818613       7.738703       7.537125       7.25903        7.061773       6.98663        6.957677       6.913017       6.79549        1.70141E+38    1.70141E+38    1.70141E+38    

7.126308       7.169693       7.165792       7.144029       7.142545       7.202989       7.33954        7.553477       7.716497       7.790049       7.795369       7.744492       7.662884       7.522708       7.306993       7.053775       6.830466       6.718753       6.696874       6.663983       1.70141E+38    1.70141E+38    1.70141E+38    

7.003989       6.987082       6.964947       6.975942       7.058166       7.205056       7.414221       7.606618       7.711915       7.729631       7.659226       7.529403       7.44848        7.391366       7.296153       7.180967       6.986313       6.887356       6.633579       6.605888       1.70141E+38    1.70141E+38    1.70141E+38    

6.763916       6.800767       6.888655       7.046812       7.224119       7.391706       7.529468       7.597987       7.602335       7.545003       7.420318       7.219578       7.11629        7.101313       7.084831       7.129158       7.10377        6.995639       6.845882       7.154064       1.70141E+38    1.70141E+38    1.70141E+38    

1.70141E+38    1.70141E+38    1.70141E+38    1.70141E+38    1.70141E+38    1.70141E+38    1.70141E+38    1.70141E+38    1.70141E+38    1.70141E+38    1.70141E+38    1.70141E+38    1.70141E+38    1.70141E+38    1.70141E+38    1.70141E+38    1.70141E+38    1.70141E+38    1.70141E+38    1.70141E+38    1.70141E+38    1.70141E+38    1.70141E+38    

1.70141E+38    1.70141E+38    1.70141E+38    1.70141E+38    1.70141E+38    1.70141E+38    1.70141E+38    1.70141E+38    1.70141E+38    1.70141E+38    1.70141E+38    1.70141E+38    1.70141E+38    1.70141E+38    1.70141E+38    1.70141E+38    1.70141E+38    1.70141E+38    1.70141E+38    1.70141E+38    1.70141E+38    1.70141E+38    1.70141E+38    

1.70141E+38    1.70141E+38    1.70141E+38    1.70141E+38    1.70141E+38    1.70141E+38    1.70141E+38    1.70141E+38    1.70141E+38    1.70141E+38    1.70141E+38    1.70141E+38    1.70141E+38    1.70141E+38    1.70141E+38    1.70141E+38    1.70141E+38    1.70141E+38    1.70141E+38    1.70141E+38    1.70141E+38    1.70141E+38    1.70141E+38    

1.70141E+38    1.70141E+38    1.70141E+38    1.70141E+38    1.70141E+38    1.70141E+38    1.70141E+38    1.70141E+38    1.70141E+38    1.70141E+38    1.70141E+38    1.70141E+38    1.70141E+38    1.70141E+38    1.70141E+38    1.70141E+38    1.70141E+38    1.70141E+38    1.70141E+38    1.70141E+38    1.70141E+38    1.70141E+38    1.70141E+38    

1.70141E+38    1.70141E+38    1.70141E+38    1.70141E+38    1.70141E+38    1.70141E+38    1.70141E+38    1.70141E+38    1.70141E+38    1.70141E+38    1.70141E+38    1.70141E+38    1.70141E+38    1.70141E+38    1.70141E+38    1.70141E+38    1.70141E+38    1.70141E+38    1.70141E+38    1.70141E+38    1.70141E+38    1.70141E+38    1.70141E+38    

1.70141E+38    1.70141E+38    1.70141E+38    1.70141E+38    1.70141E+38    1.70141E+38    1.70141E+38    1.70141E+38    1.70141E+38    1.70141E+38    1.70141E+38    1.70141E+38    1.70141E+38    1.70141E+38    1.70141E+38    1.70141E+38    1.70141E+38    1.70141E+38    1.70141E+38    1.70141E+38    1.70141E+38    1.70141E+38    1.70141E+38    

1.70141E+38    1.70141E+38    1.70141E+38    1.70141E+38    1.70141E+38    1.70141E+38    1.70141E+38    1.70141E+38    1.70141E+38    1.70141E+38    1.70141E+38    1.70141E+38    1.70141E+38    1.70141E+38    1.70141E+38    1.70141E+38    1.70141E+38    1.70141E+38    1.70141E+38    1.70141E+38    1.70141E+38    1.70141E+38    1.70141E+38    

1.70141E+38    1.70141E+38    1.70141E+38    1.70141E+38    1.70141E+38    1.70141E+38    1.70141E+38    1.70141E+38    1.70141E+38    1.70141E+38    1.70141E+38    1.70141E+38    1.70141E+38    1.70141E+38    1.70141E+38    1.70141E+38    1.70141E+38    1.70141E+38    1.70141E+38    1.70141E+38    1.70141E+38    1.70141E+38    1.70141E+38    

