py_wake/examples/data/ParqueFicticio/Ridge area   Sector 9   Height 200m   Mean speed.grd
DSAA
23  33
 262878   265078
 6504214   6507414
 1.702624   11.85777
1.70141E+38    1.70141E+38    1.70141E+38    1.70141E+38    1.70141E+38    1.70141E+38    1.70141E+38    1.70141E+38    1.70141E+38    1.70141E+38    1.70141E+38    1.70141E+38    1.70141E+38    1.70141E+38    1.70141E+38    1.70141E+38    1.70141E+38    1.70141E+38    1.70141E+38    1.70141E+38    1.70141E+38    1.70141E+38    1.70141E+38    

1.70141E+38    1.70141E+38    1.70141E+38    1.70141E+38    1.70141E+38    1.70141E+38    1.70141E+38    1.70141E+38    1.70141E+38    1.70141E+38    1.70141E+38    1.70141E+38    1.70141E+38    1.70141E+38    1.70141E+38    1.70141E+38    1.70141E+38    1.70141E+38    1.70141E+38    1.70141E+38    1.70141E+38    1.70141E+38    1.70141E+38    

1.70141E+38    1.70141E+38    1.70141E+38    1.70141E+38    1.70141E+38    1.70141E+38    1.70141E+38    1.70141E+38    1.70141E+38    1.70141E+38    1.70141E+38    1.70141E+38    1.70141E+38    1.70141E+38    1.70141E+38    1.70141E+38    1.70141E+38    1.70141E+38    1.70141E+38    1.70141E+38    1.70141E+38    1.70141E+38    1.70141E+38    

1.70141E+38    1.70141E+38    1.70141E+38    1.70141E+38    1.70141E+38    1.70141E+38    1.70141E+38    1.70141E+38    1.70141E+38    1.70141E+38    1.70141E+38    1.70141E+38    1.70141E+38    1.70141E+38    1.70141E+38    1.70141E+38    1.70141E+38    1.70141E+38    1.70141E+38    1.70141E+38    1.70141E+38    1.70141E+38    1.70141E+38    

1.70141E+38    1.70141E+38    1.70141E+38    1.70141E+38    1.70141E+38    1.70141E+38    1.70141E+38    1.70141E+38    1.70141E+38    1.70141E+38    1.70141E+38    1.70141E+38    1.70141E+38    1.70141E+38    1.70141E+38    1.70141E+38    1.70141E+38    1.70141E+38    1.70141E+38    1.70141E+38    1.70141E+38    1.70141E+38    1.70141E+38    

8.51355        8.556204       8.663382       8.855308       9.095858       9.364498       9.637          9.961371       10.29615       10.66357       10.97997       11.18186       11.23266       11.10132       10.79795       10.44812       10.09904       9.783726       9.77614        10.14677       1.70141E+38    1.70141E+38    1.70141E+38    

8.548868       8.610873       8.704716       8.864068       9.088808       9.358407       9.680594       10.04752       10.41783       10.76949       11.0601        11.22127       11.21068       10.98229       10.59405       10.23131       9.932248       9.773208       10.04242       10.49962       1.70141E+38    1.70141E+38    1.70141E+38    

8.554288       8.676344       8.821382       8.925048       9.044003       9.249723       9.549429       9.944795       10.37619       10.77405       11.07892       11.2202        11.16306       10.86636       10.45116       10.11962       9.904376       9.968725       10.3431        10.74745       1.70141E+38    1.70141E+38    1.70141E+38    

8.54619        8.677224       8.843331       8.976047       9.097887       9.279542       9.53869        9.900316       10.31412       10.73495       11.08142       11.22657       11.14118       10.8186        10.43563       10.15482       9.980925       10.15825       10.59          10.91745       1.70141E+38    1.70141E+38    1.70141E+38    

8.563384       8.687161       8.865546       9.039607       9.203687       9.442823       9.757341       10.13668       10.48743       10.82449       11.12643       11.26707       11.19951       10.93547       10.58102       10.27344       10.10975       10.33771       10.74874       11.03737       1.70141E+38    1.70141E+38    1.70141E+38    

8.71323        8.759593       8.951303       9.200424       9.434497       9.687006       10.00202       10.37208       10.70153       10.97547       11.21225       11.33876       11.29446       11.07969       10.72113       10.37967       10.32518       10.61106       10.93434       11.14861       1.70141E+38    1.70141E+38    1.70141E+38    

8.983055       8.904914       9.033434       9.314023       9.594604       9.862988       10.13018       10.44769       10.75658       11.03106       11.26169       11.39427       11.37079       11.1641        10.81806       10.58107       10.73169       10.97917       11.16973       11.24943       1.70141E+38    1.70141E+38    1.70141E+38    

9.300845       9.157624       9.095443       9.285599       9.538219       9.781137       10.01663       10.31923       10.6579        10.9807        11.26533       11.43302       11.43555       11.25043       10.95565       10.86684       11.07338       11.25093       11.32572       11.29973       1.70141E+38    1.70141E+38    1.70141E+38    

9.575556       9.474097       9.284107       9.322577       9.382324       9.56732        9.827977       10.11215       10.47745       10.88127       11.25666       11.47062       11.50094       11.34883       11.13401       11.13206       11.26071       11.3473        11.35611       11.27381       1.70141E+38    1.70141E+38    1.70141E+38    

9.776765       9.745909       9.60507        9.612627       9.560004       9.620367       9.904882       10.23585       10.59125       10.95432       11.31024       11.51518       11.54996       11.44618       11.29923       11.26126       11.2749        11.29091       11.25403       11.14517       1.70141E+38    1.70141E+38    1.70141E+38    

9.93971        9.972528       9.921327       9.928646       9.936679       9.988334       10.21818       10.51074       10.82871       11.1215        11.37894       11.53563       11.56563       11.48684       11.34906       11.21958       11.10494       11.04187       10.97984       10.86215       1.70141E+38    1.70141E+38    1.70141E+38    

10.07431       10.12923       10.10734       10.10753       10.18765       10.32037       10.50992       10.71263       10.93558       11.15925       11.36259       11.49912       11.52758       11.45878       11.29578       11.04898       10.74071       10.53178       10.46806       10.4092        1.70141E+38    1.70141E+38    1.70141E+38    

10.09861       10.13761       10.09656       10.07058       10.19915       10.36188       10.55004       10.72646       10.89266       11.06495       11.25764       11.41827       11.45622       11.37825       11.18722       10.87829       10.49338       10.06073       9.705291       9.650137       1.70141E+38    1.70141E+38    1.70141E+38    

9.987996       9.96643        9.860404       9.831582       9.993774       10.19826       10.38044       10.51018       10.64494       10.82666       11.11301       11.35033       11.37861       11.26166       11.01222       10.65482       10.25583       9.551041       8.261272       7.7799         1.70141E+38    1.70141E+38    1.70141E+38    

9.70913        9.662533       9.636257       9.667587       9.811348       10.01909       10.13571       10.23036       10.43491       10.81326       11.17052       11.34873       11.29926       11.09774       10.79006       10.39328       9.740625       7.895463       6.408279       5.5515         1.70141E+38    1.70141E+38    1.70141E+38    

9.569898       9.663877       9.81342        9.962961       10.06386       10.16103       10.28686       10.4589        10.76774       11.1919        11.44309       11.44782       11.26299       10.86152       10.39997       9.877687       8.302013       6.304489       5.257918       4.722883       1.70141E+38    1.70141E+38    1.70141E+38    

9.837263       9.992922       10.09392       10.19639       10.26557       10.37936       10.56057       10.8866        11.25843       11.55523       11.64302       11.54535       11.30048       10.86443       10.09986       7.327322       4.431374       3.578111       3.428217       3.460483       1.70141E+38    1.70141E+38    1.70141E+38    

9.980585       10.085         10.11476       10.12877       10.20159       10.41412       10.78249       11.26316       11.60793       11.76761       11.75263       11.57398       11.29567       10.94929       10.39781       7.137334       2.118194       2.184338       7.998611       1.702624       1.70141E+38    1.70141E+38    1.70141E+38    

9.928344       9.964358       9.960759       10.0267        10.25051       10.64182       11.1598        11.5878        11.80453       11.85024       11.74736       11.48498       11.18458       10.918         10.57097       9.202353       4.680458       10.84629       9.428176       8.753803       1.70141E+38    1.70141E+38    1.70141E+38    

9.736912       9.821244       9.964464       10.25606       10.6462        11.08681       11.48377       11.7521        11.85777       11.80273       11.59958       11.26626       10.96534       10.73908       10.43886       9.691826       7.411026       3.850423       8.224669       10.87885       1.70141E+38    1.70141E+38    1.70141E+38    

1.70141E+38    1.70141E+38    1.70141E+38    1.70141E+38    1.70141E+38    1.70141E+38    1.70141E+38    1.70141E+38    1.70141E+38    1.70141E+38    1.70141E+38    1.70141E+38    1.70141E+38    1.70141E+38    1.70141E+38    1.70141E+38    1.70141E+38    1.70141E+38    1.70141E+38    1.70141E+38    1.70141E+38    1.70141E+38    1.70141E+38    

1.70141E+38    1.70141E+38    1.70141E+38    1.70141E+38    1.70141E+38    1.70141E+38    1.70141E+38    1.70141E+38    1.70141E+38    1.70141E+38    1.70141E+38    1.70141E+38    1.70141E+38    1.70141E+38    1.70141E+38    1.70141E+38    1.70141E+38    1.70141E+38    1.70141E+38    1.70141E+38    1.70141E+38    1.70141E+38    1.70141E+38    

1.70141E+38    1.70141E+38    1.70141E+38    1.70141E+38    1.70141E+38    1.70141E+38    1.70141E+38    1.70141E+38    1.70141E+38    1.70141E+38    1.70141E+38    1.70141E+38    1.70141E+38    1.70141E+38    1.70141E+38    1.70141E+38    1.70141E+38    1.70141E+38    1.70141E+38    1.70141E+38    1.70141E+38    1.70141E+38    1.70141E+38    

1.70141E+38    1.70141E+38    1.70141E+38    1.70141E+38    1.70141E+38    1.70141E+38    1.70141E+38    1.70141E+38    1.70141E+38    1.70141E+38    1.70141E+38    1.70141E+38    1.70141E+38    1.70141E+38    1.70141E+38    1.70141E+38    1.70141E+38    1.70141E+38    1.70141E+38    1.70141E+38    1.70141E+38    1.70141E+38    1.70141E+38    

1.70141E+38    1.70141E+38    1.70141E+38    1.70141E+38    1.70141E+38    1.70141E+38    1.70141E+38    1.70141E+38    1.70141E+38    1.70141E+38    1.70141E+38    1.70141E+38    1.70141E+38    1.70141E+38    1.70141E+38    1.70141E+38    1.70141E+38    1.70141E+38    1.70141E+38    1.70141E+38    1.70141E+38    1.70141E+38    1.70141E+38    

1.70141E+38    1.70141E+38    1.70141E+38    1.70141E+38    1.70141E+38    1.70141E+38    1.70141E+38    1.70141E+38    1.70141E+38    1.70141E+38    1.70141E+38    1.70141E+38    1.70141E+38    1.70141E+38    1.70141E+38    1.70141E+38    1.70141E+38    1.70141E+38    1.70141E+38    1.70141E+38    1.70141E+38    1.70141E+38    1.70141E+38    

1.70141E+38    1.70141E+38    1.70141E+38    1.70141E+38    1.70141E+38    1.70141E+38    1.70141E+38    1.70141E+38    1.70141E+38    1.70141E+38    1.70141E+38    1.70141E+38    1.70141E+38    1.70141E+38    1.70141E+38    1.70141E+38    1.70141E+38    1.70141E+38    1.70141E+38    1.70141E+38    1.70141E+38    1.70141E+38    1.70141E+38    

1.70141E+38    1.70141E+38    1.70141E+38    1.70141E+38    1.70141E+38    1.70141E+38    1.70141E+38    1.70141E+38    1.70141E+38    1.70141E+38    1.70141E+38    1.70141E+38    1.70141E+38    1.70141E+38    1.70141E+38    1.70141E+38    1.70141E+38    1.70141E+38    1.70141E+38    1.70141E+38    1.70141E+38    1.70141E+38    1.70141E+38    

