py_wake/examples/data/ParqueFicticio/Ridge area   Sector 12   Height 200m   Mean speed.grd
DSAA
23  33
 262878   265078
 6504214   6507414
 4.94128   7.531956
1.70141E+38    1.70141E+38    1.70141E+38    1.70141E+38    1.70141E+38    1.70141E+38    1.70141E+38    1.70141E+38    1.70141E+38    1.70141E+38    1.70141E+38    1.70141E+38    1.70141E+38    1.70141E+38    1.70141E+38    1.70141E+38    1.70141E+38    1.70141E+38    1.70141E+38    1.70141E+38    1.70141E+38    1.70141E+38    1.70141E+38    

1.70141E+38    1.70141E+38    1.70141E+38    1.70141E+38    1.70141E+38    1.70141E+38    1.70141E+38    1.70141E+38    1.70141E+38    1.70141E+38    1.70141E+38    1.70141E+38    1.70141E+38    1.70141E+38    1.70141E+38    1.70141E+38    1.70141E+38    1.70141E+38    1.70141E+38    1.70141E+38    1.70141E+38    1.70141E+38    1.70141E+38    

1.70141E+38    1.70141E+38    1.70141E+38    1.70141E+38    1.70141E+38    1.70141E+38    1.70141E+38    1.70141E+38    1.70141E+38    1.70141E+38    1.70141E+38    1.70141E+38    1.70141E+38    1.70141E+38    1.70141E+38    1.70141E+38    1.70141E+38    1.70141E+38    1.70141E+38    1.70141E+38    1.70141E+38    1.70141E+38    1.70141E+38    

1.70141E+38    1.70141E+38    1.70141E+38    1.70141E+38    1.70141E+38    1.70141E+38    1.70141E+38    1.70141E+38    1.70141E+38    1.70141E+38    1.70141E+38    1.70141E+38    1.70141E+38    1.70141E+38    1.70141E+38    1.70141E+38    1.70141E+38    1.70141E+38    1.70141E+38    1.70141E+38    1.70141E+38    1.70141E+38    1.70141E+38    

1.70141E+38    1.70141E+38    1.70141E+38    1.70141E+38    1.70141E+38    1.70141E+38    1.70141E+38    1.70141E+38    1.70141E+38    1.70141E+38    1.70141E+38    1.70141E+38    1.70141E+38    1.70141E+38    1.70141E+38    1.70141E+38    1.70141E+38    1.70141E+38    1.70141E+38    1.70141E+38    1.70141E+38    1.70141E+38    1.70141E+38    

6.105423       6.167152       6.263454       6.39858        6.546215       6.681339       6.774686       6.844043       6.872384       6.878705       6.859208       6.769044       6.63948        6.413076       6.088372       5.728713       5.29601        4.94128        5.116575       5.621708       1.70141E+38    1.70141E+38    1.70141E+38    

6.1199         6.168867       6.22518        6.31883        6.45299        6.595315       6.737072       6.857416       6.937669       6.990127       6.973547       6.890367       6.723054       6.418622       6.01619        5.594944       5.121871       5.028751       5.590596       5.975897       1.70141E+38    1.70141E+38    1.70141E+38    

6.091129       6.171806       6.253968       6.299232       6.344795       6.432351       6.551267       6.696587       6.859183       6.965961       7.010747       6.95419        6.76797        6.428736       6.00733        5.568546       5.174935       5.457676       5.98461        6.180118       1.70141E+38    1.70141E+38    1.70141E+38    

6.031887       6.117495       6.231799       6.315009       6.377001       6.446828       6.521578       6.614353       6.748181       6.885826       7.003853       7.007019       6.825212       6.490719       6.122941       5.789242       5.56238        5.878587       6.212941       6.35256        1.70141E+38    1.70141E+38    1.70141E+38    

5.987247       6.062713       6.2017         6.341276       6.457177       6.585927       6.712372       6.847323       6.917727       6.98065        7.059363       7.076018       6.942697       6.692678       6.401508       6.153494       6.038617       6.150736       6.36972        6.504152       1.70141E+38    1.70141E+38    1.70141E+38    

6.049528       6.046127       6.196619       6.396464       6.564917       6.714412       6.888729       7.042223       7.14596        7.194794       7.218647       7.205978       7.094645       6.895859       6.629055       6.417738       6.390325       6.484447       6.597494       6.690072       1.70141E+38    1.70141E+38    1.70141E+38    

6.223433       6.087142       6.166735       6.399084       6.608613       6.745584       6.904813       7.068506       7.204539       7.294105       7.336816       7.324342       7.223381       7.02587        6.780007       6.66489        6.764642       6.866382       6.918282       6.931547       1.70141E+38    1.70141E+38    1.70141E+38    

6.486331       6.266692       6.17511        6.314598       6.481021       6.624244       6.716342       6.897703       7.095301       7.254401       7.358231       7.388034       7.318683       7.134077       6.923188       6.895378       7.039997       7.147711       7.183079       7.162063       1.70141E+38    1.70141E+38    1.70141E+38    

6.766515       6.598177       6.441201       6.428446       6.431163       6.479542       6.532455       6.684066       6.895749       7.128079       7.325756       7.420636       7.387229       7.235498       7.066036       7.060684       7.172812       7.260927       7.304493       7.32193        1.70141E+38    1.70141E+38    1.70141E+38    

7.016104       6.93797        6.836898       6.799748       6.711185       6.642577       6.651106       6.80072        6.973794       7.153335       7.344122       7.460844       7.462087       7.353449       7.208393       7.143227       7.158333       7.213157       7.283434       7.313821       1.70141E+38    1.70141E+38    1.70141E+38    

7.193203       7.19211        7.165066       7.147331       7.068862       6.967065       6.91216        7.006423       7.154404       7.295332       7.424569       7.511426       7.524151       7.449197       7.309434       7.144688       7.020819       7.019578       7.06159        7.103201       1.70141E+38    1.70141E+38    1.70141E+38    

7.219571       7.248931       7.258216       7.253695       7.198342       7.125809       7.051405       7.104263       7.206943       7.316657       7.429498       7.514006       7.531956       7.484324       7.347895       7.106344       6.813577       6.660037       6.665162       6.715883       1.70141E+38    1.70141E+38    1.70141E+38    

7.032999       7.08636        7.116693       7.088322       7.05164        6.996807       6.986669       7.034683       7.108538       7.195865       7.314313       7.434301       7.488133       7.464118       7.348175       7.119461       6.81389        6.485327       6.316526       6.318996       1.70141E+38    1.70141E+38    1.70141E+38    

6.642485       6.682661       6.644873       6.589842       6.60828        6.674563       6.729349       6.76792        6.833155       6.918718       7.096245       7.305501       7.40402        7.401533       7.298484       7.110128       6.830782       6.4943         6.174877       6.033855       1.70141E+38    1.70141E+38    1.70141E+38    

6.273203       6.3115         6.320371       6.308917       6.337274       6.427179       6.460326       6.487423       6.595041       6.803438       7.027885       7.232107       7.31199        7.301534       7.232827       7.06524        6.828678       6.535567       6.252992       5.997736       1.70141E+38    1.70141E+38    1.70141E+38    

6.205331       6.306798       6.415275       6.495413       6.525115       6.545181       6.578346       6.616898       6.71668        6.922668       7.120195       7.241928       7.271484       7.185834       7.085892       6.974392       6.834548       6.662322       6.468367       6.252328       1.70141E+38    1.70141E+38    1.70141E+38    

6.364321       6.485092       6.56069        6.622136       6.644132       6.67476        6.718389       6.806008       6.905116       7.04705        7.179636       7.260059       7.272476       7.198936       7.00985        6.846354       6.739962       6.654757       6.570056       6.437217       1.70141E+38    1.70141E+38    1.70141E+38    

6.377854       6.4627         6.492242       6.503836       6.526189       6.585209       6.686364       6.850312       6.994589       7.091231       7.159835       7.207282       7.261449       7.230214       7.105751       6.91622        6.706328       6.551642       5.289683       6.424436       1.70141E+38    1.70141E+38    1.70141E+38    

6.219708       6.273694       6.302314       6.348502       6.436821       6.549635       6.693617       6.849199       6.969522       7.043269       7.057285       7.063717       7.107754       7.143447       7.114126       7.038527       6.880232       6.641682       6.441176       6.317466       1.70141E+38    1.70141E+38    1.70141E+38    

5.970886       6.081913       6.204204       6.366902       6.526773       6.663739       6.775269       6.839455       6.881658       6.913467       6.895013       6.831391       6.834455       6.898898       6.931483       6.990894       6.984637       6.861896       6.653404       6.437274       1.70141E+38    1.70141E+38    1.70141E+38    

1.70141E+38    1.70141E+38    1.70141E+38    1.70141E+38    1.70141E+38    1.70141E+38    1.70141E+38    1.70141E+38    1.70141E+38    1.70141E+38    1.70141E+38    1.70141E+38    1.70141E+38    1.70141E+38    1.70141E+38    1.70141E+38    1.70141E+38    1.70141E+38    1.70141E+38    1.70141E+38    1.70141E+38    1.70141E+38    1.70141E+38    

1.70141E+38    1.70141E+38    1.70141E+38    1.70141E+38    1.70141E+38    1.70141E+38    1.70141E+38    1.70141E+38    1.70141E+38    1.70141E+38    1.70141E+38    1.70141E+38    1.70141E+38    1.70141E+38    1.70141E+38    1.70141E+38    1.70141E+38    1.70141E+38    1.70141E+38    1.70141E+38    1.70141E+38    1.70141E+38    1.70141E+38    

1.70141E+38    1.70141E+38    1.70141E+38    1.70141E+38    1.70141E+38    1.70141E+38    1.70141E+38    1.70141E+38    1.70141E+38    1.70141E+38    1.70141E+38    1.70141E+38    1.70141E+38    1.70141E+38    1.70141E+38    1.70141E+38    1.70141E+38    1.70141E+38    1.70141E+38    1.70141E+38    1.70141E+38    1.70141E+38    1.70141E+38    

1.70141E+38    1.70141E+38    1.70141E+38    1.70141E+38    1.70141E+38    1.70141E+38    1.70141E+38    1.70141E+38    1.70141E+38    1.70141E+38    1.70141E+38    1.70141E+38    1.70141E+38    1.70141E+38    1.70141E+38    1.70141E+38    1.70141E+38    1.70141E+38    1.70141E+38    1.70141E+38    1.70141E+38    1.70141E+38    1.70141E+38    

1.70141E+38    1.70141E+38    1.70141E+38    1.70141E+38    1.70141E+38    1.70141E+38    1.70141E+38    1.70141E+38    1.70141E+38    1.70141E+38    1.70141E+38    1.70141E+38    1.70141E+38    1.70141E+38    1.70141E+38    1.70141E+38    1.70141E+38    1.70141E+38    1.70141E+38    1.70141E+38    1.70141E+38    1.70141E+38    1.70141E+38    

1.70141E+38    1.70141E+38    1.70141E+38    1.70141E+38    1.70141E+38    1.70141E+38    1.70141E+38    1.70141E+38    1.70141E+38    1.70141E+38    1.70141E+38    1.70141E+38    1.70141E+38    1.70141E+38    1.70141E+38    1.70141E+38    1.70141E+38    1.70141E+38    1.70141E+38    1.70141E+38    1.70141E+38    1.70141E+38    1.70141E+38    

1.70141E+38    1.70141E+38    1.70141E+38    1.70141E+38    1.70141E+38    1.70141E+38    1.70141E+38    1.70141E+38    1.70141E+38    1.70141E+38    1.70141E+38    1.70141E+38    1.70141E+38    1.70141E+38    1.70141E+38    1.70141E+38    1.70141E+38    1.70141E+38    1.70141E+38    1.70141E+38    1.70141E+38    1.70141E+38    1.70141E+38    

1.70141E+38    1.70141E+38    1.70141E+38    1.70141E+38    1.70141E+38    1.70141E+38    1.70141E+38    1.70141E+38    1.70141E+38    1.70141E+38    1.70141E+38    1.70141E+38    1.70141E+38    1.70141E+38    1.70141E+38    1.70141E+38    1.70141E+38    1.70141E+38    1.70141E+38    1.70141E+38    1.70141E+38    1.70141E+38    1.70141E+38    

