py_wake/examples/data/ParqueFicticio/Ridge area   Sector 8   Height 200m   Weibull-A.grd
DSAA
23  33
 262878   265078
 6504214   6507414
 1.039266   12.27152
1.70141E+38    1.70141E+38    1.70141E+38    1.70141E+38    1.70141E+38    1.70141E+38    1.70141E+38    1.70141E+38    1.70141E+38    1.70141E+38    1.70141E+38    1.70141E+38    1.70141E+38    1.70141E+38    1.70141E+38    1.70141E+38    1.70141E+38    1.70141E+38    1.70141E+38    1.70141E+38    1.70141E+38    1.70141E+38    1.70141E+38    

1.70141E+38    1.70141E+38    1.70141E+38    1.70141E+38    1.70141E+38    1.70141E+38    1.70141E+38    1.70141E+38    1.70141E+38    1.70141E+38    1.70141E+38    1.70141E+38    1.70141E+38    1.70141E+38    1.70141E+38    1.70141E+38    1.70141E+38    1.70141E+38    1.70141E+38    1.70141E+38    1.70141E+38    1.70141E+38    1.70141E+38    

1.70141E+38    1.70141E+38    1.70141E+38    1.70141E+38    1.70141E+38    1.70141E+38    1.70141E+38    1.70141E+38    1.70141E+38    1.70141E+38    1.70141E+38    1.70141E+38    1.70141E+38    1.70141E+38    1.70141E+38    1.70141E+38    1.70141E+38    1.70141E+38    1.70141E+38    1.70141E+38    1.70141E+38    1.70141E+38    1.70141E+38    

1.70141E+38    1.70141E+38    1.70141E+38    1.70141E+38    1.70141E+38    1.70141E+38    1.70141E+38    1.70141E+38    1.70141E+38    1.70141E+38    1.70141E+38    1.70141E+38    1.70141E+38    1.70141E+38    1.70141E+38    1.70141E+38    1.70141E+38    1.70141E+38    1.70141E+38    1.70141E+38    1.70141E+38    1.70141E+38    1.70141E+38    

1.70141E+38    1.70141E+38    1.70141E+38    1.70141E+38    1.70141E+38    1.70141E+38    1.70141E+38    1.70141E+38    1.70141E+38    1.70141E+38    1.70141E+38    1.70141E+38    1.70141E+38    1.70141E+38    1.70141E+38    1.70141E+38    1.70141E+38    1.70141E+38    1.70141E+38    1.70141E+38    1.70141E+38    1.70141E+38    1.70141E+38    

8.312852       8.353016       8.464229       8.647231       8.902458       9.108195       9.297841       9.514455       9.711669       9.924119       10.12016       10.24345       10.26798       10.11504       9.828581       9.441375       9.070377       8.812846       8.891498       9.345555       1.70141E+38    1.70141E+38    1.70141E+38    

8.389263       8.443206       8.528362       8.679996       8.877244       9.139636       9.378875       9.639477       9.858462       10.05851       10.2226        10.30972       10.26442       10.01043       9.639091       9.253591       8.940453       8.835324       9.181757       9.71061        1.70141E+38    1.70141E+38    1.70141E+38    

8.415543       8.533695       8.654479       8.730002       8.812217       9.005649       9.216291       9.494033       9.7773         10.03172       10.23145       10.31049       10.21878       9.902905       9.476748       9.176741       8.945342       9.022104       9.516073       9.983506       1.70141E+38    1.70141E+38    1.70141E+38    

8.40314        8.546691       8.695228       8.79389        8.867965       9.024897       9.180459       9.40324        9.663018       9.9472         10.21359       10.33178       10.21779       9.89478        9.521906       9.288624       9.091747       9.270434       9.814553       10.2062        1.70141E+38    1.70141E+38    1.70141E+38    

8.396344       8.565729       8.752923       8.907133       9.037262       9.218351       9.486807       9.734566       9.916172       10.09746       10.29689       10.41394       10.34449       10.11032       9.792201       9.556212       9.395616       9.583358       10.06355       10.42121       1.70141E+38    1.70141E+38    1.70141E+38    

8.5154         8.644269       8.885919       9.140077       9.355906       9.566774       9.851552       10.09872       10.27058       10.39086       10.50097       10.57928       10.53259       10.36041       10.06011       9.796709       9.825701       10.08446       10.44101       10.70425       1.70141E+38    1.70141E+38    1.70141E+38    

8.769884       8.768037       8.984624       9.292538       9.562396       9.792775       10.0364        10.23306       10.3969        10.52863       10.63761       10.71175       10.68271       10.5239        10.26597       10.15624       10.43464       10.7229        10.94052       11.04246       1.70141E+38    1.70141E+38    1.70141E+38    

9.134779       9.00775        9.018146       9.230192       9.476892       9.680304       9.841612       10.08359       10.30154       10.49248       10.66418       10.78681       10.80082       10.67854       10.51122       10.60177       10.93571       11.21558       11.3169        11.31572       1.70141E+38    1.70141E+38    1.70141E+38    

9.531246       9.425854       9.253765       9.253207       9.278982       9.414001       9.599905       9.827285       10.08985       10.38267       10.67085       10.86459       10.92143       10.85615       10.80971       11.00395       11.25359       11.4415        11.4803        11.43741       1.70141E+38    1.70141E+38    1.70141E+38    

9.874415       9.851136       9.737864       9.711585       9.589763       9.558461       9.753078       10.031         10.27837       10.5339        10.80304       10.99648       11.07239       11.068         11.08641       11.20796       11.32821       11.44635       11.44057       11.37287       1.70141E+38    1.70141E+38    1.70141E+38    

10.16789       10.21959       10.19744       10.19223       10.14971       10.11827       10.20839       10.44619       10.65004       10.83922       11.0055        11.12869       11.19327       11.21317       11.21621       11.21361       11.18053       11.14003       11.1439        11.06796       1.70141E+38    1.70141E+38    1.70141E+38    

10.34975       10.41525       10.42692       10.43297       10.4615        10.50539       10.55856       10.64793       10.82286       10.94668       11.06842       11.16825       11.22588       11.24766       11.2061        11.06944       10.81098       10.58952       10.55979       10.52917       1.70141E+38    1.70141E+38    1.70141E+38    

10.32105       10.37459       10.3847        10.37769       10.44882       10.52266       10.56754       10.63667       10.77063       10.85271       10.97277       11.10826       11.19212       11.20329       11.11486       10.89411       10.53603       10.11057       9.88343        9.856287       1.70141E+38    1.70141E+38    1.70141E+38    

10.0645        10.07307       10.04082       10.04282       10.14995       10.2586        10.30648       10.35707       10.4722        10.56434       10.78054       11.03135       11.1311        11.10599       10.95546       10.67888       10.32525       9.855582       9.327486       9.119581       1.70141E+38    1.70141E+38    1.70141E+38    

9.654803       9.613023       9.622165       9.715083       9.839845       9.959307       9.972174       9.993127       10.12657       10.47478       10.79614       11.02741       11.05947       10.95805       10.74964       10.46201       10.12496       9.68203        9.173821       8.755681       1.70141E+38    1.70141E+38    1.70141E+38    

9.474964       9.576698       9.738794       9.895688       9.983207       10.02089       10.06056       10.12984       10.31988       10.7051        10.96096       11.04974       10.99022       10.74275       10.43801       10.20326       9.986748       9.734333       9.413201       9.078833       1.70141E+38    1.70141E+38    1.70141E+38    

9.770926       9.913728       10.00748       10.08752       10.12334       10.16953       10.24672       10.43987       10.67408       10.94119       11.04746       11.0299        10.89763       10.58944       10.15832       9.791637       9.610534       9.540148       9.442486       9.186098       1.70141E+38    1.70141E+38    1.70141E+38    

9.914109       9.981455       9.985263       9.970137       9.996918       10.11161       10.33929       10.66731       10.90155       10.9919        11.01638       10.90191       10.73522       10.49427       10.14606       9.699515       8.934619       8.664845       8.910684       8.900255       1.70141E+38    1.70141E+38    1.70141E+38    

9.793489       9.79353        9.773808       9.805183       9.965014       10.23551       10.58175       10.85363       10.96766       10.95406       10.86273       10.62327       10.43617       10.2858        10.07699       9.860823       9.246309       1.039266       10.63547       9.87443        1.70141E+38    1.70141E+38    1.70141E+38    

9.516109       9.591327       9.733515       9.994013       10.28895       10.58767       10.82118       10.93163       10.91858       10.79409       10.61611       10.26898       10.00988       9.849845       9.667505       9.725401       9.631043       8.749453       3.914632       12.27152       1.70141E+38    1.70141E+38    1.70141E+38    

1.70141E+38    1.70141E+38    1.70141E+38    1.70141E+38    1.70141E+38    1.70141E+38    1.70141E+38    1.70141E+38    1.70141E+38    1.70141E+38    1.70141E+38    1.70141E+38    1.70141E+38    1.70141E+38    1.70141E+38    1.70141E+38    1.70141E+38    1.70141E+38    1.70141E+38    1.70141E+38    1.70141E+38    1.70141E+38    1.70141E+38    

1.70141E+38    1.70141E+38    1.70141E+38    1.70141E+38    1.70141E+38    1.70141E+38    1.70141E+38    1.70141E+38    1.70141E+38    1.70141E+38    1.70141E+38    1.70141E+38    1.70141E+38    1.70141E+38    1.70141E+38    1.70141E+38    1.70141E+38    1.70141E+38    1.70141E+38    1.70141E+38    1.70141E+38    1.70141E+38    1.70141E+38    

1.70141E+38    1.70141E+38    1.70141E+38    1.70141E+38    1.70141E+38    1.70141E+38    1.70141E+38    1.70141E+38    1.70141E+38    1.70141E+38    1.70141E+38    1.70141E+38    1.70141E+38    1.70141E+38    1.70141E+38    1.70141E+38    1.70141E+38    1.70141E+38    1.70141E+38    1.70141E+38    1.70141E+38    1.70141E+38    1.70141E+38    

1.70141E+38    1.70141E+38    1.70141E+38    1.70141E+38    1.70141E+38    1.70141E+38    1.70141E+38    1.70141E+38    1.70141E+38    1.70141E+38    1.70141E+38    1.70141E+38    1.70141E+38    1.70141E+38    1.70141E+38    1.70141E+38    1.70141E+38    1.70141E+38    1.70141E+38    1.70141E+38    1.70141E+38    1.70141E+38    1.70141E+38    

1.70141E+38    1.70141E+38    1.70141E+38    1.70141E+38    1.70141E+38    1.70141E+38    1.70141E+38    1.70141E+38    1.70141E+38    1.70141E+38    1.70141E+38    1.70141E+38    1.70141E+38    1.70141E+38    1.70141E+38    1.70141E+38    1.70141E+38    1.70141E+38    1.70141E+38    1.70141E+38    1.70141E+38    1.70141E+38    1.70141E+38    

1.70141E+38    1.70141E+38    1.70141E+38    1.70141E+38    1.70141E+38    1.70141E+38    1.70141E+38    1.70141E+38    1.70141E+38    1.70141E+38    1.70141E+38    1.70141E+38    1.70141E+38    1.70141E+38    1.70141E+38    1.70141E+38    1.70141E+38    1.70141E+38    1.70141E+38    1.70141E+38    1.70141E+38    1.70141E+38    1.70141E+38    

1.70141E+38    1.70141E+38    1.70141E+38    1.70141E+38    1.70141E+38    1.70141E+38    1.70141E+38    1.70141E+38    1.70141E+38    1.70141E+38    1.70141E+38    1.70141E+38    1.70141E+38    1.70141E+38    1.70141E+38    1.70141E+38    1.70141E+38    1.70141E+38    1.70141E+38    1.70141E+38    1.70141E+38    1.70141E+38    1.70141E+38    

1.70141E+38    1.70141E+38    1.70141E+38    1.70141E+38    1.70141E+38    1.70141E+38    1.70141E+38    1.70141E+38    1.70141E+38    1.70141E+38    1.70141E+38    1.70141E+38    1.70141E+38    1.70141E+38    1.70141E+38    1.70141E+38    1.70141E+38    1.70141E+38    1.70141E+38    1.70141E+38    1.70141E+38    1.70141E+38    1.70141E+38    

