py_wake/examples/data/ParqueFicticio/Ridge area   Sector 10   Height 30m   Turbulence intensity.grd
DSAA
23  33
 262878   265078
 6504214   6507414
 8.454883   100
1.70141E+38    1.70141E+38    1.70141E+38    1.70141E+38    1.70141E+38    1.70141E+38    1.70141E+38    1.70141E+38    1.70141E+38    1.70141E+38    1.70141E+38    1.70141E+38    1.70141E+38    1.70141E+38    1.70141E+38    1.70141E+38    1.70141E+38    1.70141E+38    1.70141E+38    1.70141E+38    1.70141E+38    1.70141E+38    1.70141E+38    

1.70141E+38    1.70141E+38    1.70141E+38    1.70141E+38    1.70141E+38    1.70141E+38    1.70141E+38    1.70141E+38    1.70141E+38    1.70141E+38    1.70141E+38    1.70141E+38    1.70141E+38    1.70141E+38    1.70141E+38    1.70141E+38    1.70141E+38    1.70141E+38    1.70141E+38    1.70141E+38    1.70141E+38    1.70141E+38    1.70141E+38    

1.70141E+38    1.70141E+38    1.70141E+38    1.70141E+38    1.70141E+38    1.70141E+38    1.70141E+38    1.70141E+38    1.70141E+38    1.70141E+38    1.70141E+38    1.70141E+38    1.70141E+38    1.70141E+38    1.70141E+38    1.70141E+38    1.70141E+38    1.70141E+38    1.70141E+38    1.70141E+38    1.70141E+38    1.70141E+38    1.70141E+38    

1.70141E+38    1.70141E+38    1.70141E+38    1.70141E+38    1.70141E+38    1.70141E+38    1.70141E+38    1.70141E+38    1.70141E+38    1.70141E+38    1.70141E+38    1.70141E+38    1.70141E+38    1.70141E+38    1.70141E+38    1.70141E+38    1.70141E+38    1.70141E+38    1.70141E+38    1.70141E+38    1.70141E+38    1.70141E+38    1.70141E+38    

1.70141E+38    1.70141E+38    1.70141E+38    1.70141E+38    1.70141E+38    1.70141E+38    1.70141E+38    1.70141E+38    1.70141E+38    1.70141E+38    1.70141E+38    1.70141E+38    1.70141E+38    1.70141E+38    1.70141E+38    1.70141E+38    1.70141E+38    1.70141E+38    1.70141E+38    1.70141E+38    1.70141E+38    1.70141E+38    1.70141E+38    

16.37544       16.4181        16.42027       15.76894       14.83063       13.57951       12.88525       11.87947       11.19863       10.25623       9.18284        8.944886       9.44089        14.89567       55.90402       100            100            100            100            64.80573       1.70141E+38    1.70141E+38    1.70141E+38    

16.34377       16.16308       16.03492       15.72943       14.99815       14.20933       13.21366       12.06906       10.95529       9.987814       8.937252       8.695793       10.43967       38.66555       100            84.83849       100            100            84.33807       44.80525       1.70141E+38    1.70141E+38    1.70141E+38    

17.1756        16.38178       15.10032       14.72786       14.82964       14.47062       13.79115       12.80548       11.4985        10.26735       9.076275       8.976516       17.80077       70.41153       90.56152       58.3598        70.32261       74.34396       62.43739       43.34358       1.70141E+38    1.70141E+38    1.70141E+38    

17.97909       17.29509       15.61463       14.67635       14.63122       14.16811       13.5959        12.78451       12.02772       11.09641       9.642882       9.182646       29.57693       77.69108       82.97851       100            69.57727       62.94113       63.95735       42.66964       1.70141E+38    1.70141E+38    1.70141E+38    

18.45917       18.55285       16.76324       15.34633       15.03051       14.27837       13.44379       11.95468       11.17292       10.84254       9.913273       9.022382       16.59808       66.28335       100            100            69.92316       70.31168       61.44028       41.04568       1.70141E+38    1.70141E+38    1.70141E+38    

16.95728       20.59106       18.79796       16.38128       15.10746       14.22163       13.45882       11.81965       10.35216       9.817983       9.382797       8.704699       10.89249       35.89615       100            73.12671       74.56402       57.05701       41.35709       28.96644       1.70141E+38    1.70141E+38    1.70141E+38    

14.67642       26.08761       25.26779       19.36822       15.95864       13.98502       13.30813       12.00412       10.51441       9.62455        8.945821       8.454883       9.71524        28.52731       88.86546       95.87496       52.32833       32.37888       25.05291       21.54038       1.70141E+38    1.70141E+38    1.70141E+38    

12.66846       29.0309        61.18245       44.33385       25.98787       18.15887       15.84815       14.17946       11.71866       10.28607       9.290784       8.580362       9.544583       32.88934       79.60808       94.99308       38.34699       20.89787       17.20838       17.05918       1.70141E+38    1.70141E+38    1.70141E+38    

11.75895       17.10906       100            83.92341       82.14928       38.95287       23.03579       19.62178       16.42941       13.59921       11.03144       9.389715       10.35246       43.08696       93.50372       90.43894       35.29736       21.49637       17.68611       17.79041       1.70141E+38    1.70141E+38    1.70141E+38    

11.26749       13.59518       42.57307       41.1489        57.46669       43.95326       25.14987       19.70051       16.41908       14.28172       11.94819       9.763117       9.960871       23.96488       72.38094       78.71617       46.87492       31.49013       24.993         23.50415       1.70141E+38    1.70141E+38    1.70141E+38    

11.26789       11.44142       16.16751       19.00955       22.77035       26.10793       22.36164       18.30938       15.02684       13.00092       11.14895       9.529325       9.274455       11.45476       25.1547        48.42163       54.31988       42.07873       34.85581       34.58371       1.70141E+38    1.70141E+38    1.70141E+38    

11.45091       10.87756       12.34149       14.27379       14.69146       15.46736       15.34761       14.71843       13.19403       11.93663       10.58144       9.172342       9.131891       9.810425       19.38333       57.38337       74.45584       100            80.86616       72.89114       1.70141E+38    1.70141E+38    1.70141E+38    

11.77908       10.95948       12.20692       15.62366       14.10992       13.63095       13.08465       12.67741       11.89607       11.54455       11.051         9.618141       9.075897       9.82174        22.93567       41.34981       64.43364       78.41081       60.67921       79.73588       1.70141E+38    1.70141E+38    1.70141E+38    

12.11482       11.6832        14.15566       17.97003       16.01819       14.38119       13.29746       13.05944       12.82936       13.51949       13.16507       10.29073       9.351542       10.96382       37.52127       27.95548       78.21594       100            100            100            1.70141E+38    1.70141E+38    1.70141E+38    

12.84714       13.49058       15.44342       17.92428       18.64993       15.57014       16.03829       17.55076       18.25034       14.73576       12.30938       9.789367       9.811627       16.63435       33.93573       30.76536       38.48098       83.23122       100            100            1.70141E+38    1.70141E+38    1.70141E+38    

14.01948       14.1004        13.66839       12.76698       12.68707       12.92544       12.98756       13.60915       14.10817       12.06934       10.09227       9.118925       9.845729       27.56925       34.15379       33.65845       43.10442       48.57214       42.47107       40.20461       1.70141E+38    1.70141E+38    1.70141E+38    

13.79444       12.49827       12.24315       11.72798       12.09804       12.11553       12.75166       12.0811        11.6546        10.69646       9.562366       9.050989       10.31629       30.99776       47.12744       58.31622       53.90813       47.44587       40.09849       37.36258       1.70141E+38    1.70141E+38    1.70141E+38    

13.03327       11.94979       12.16988       12.85368       13.94938       14.16539       14.17518       12.26405       10.39369       9.684483       9.47852        9.707252       10.31658       17.88647       30.59819       44.1595        58.6815        60.06165       47.57955       38.85144       1.70141E+38    1.70141E+38    1.70141E+38    

13.27784       12.70024       13.62515       14.85214       14.68445       14.03092       12.81122       11.35421       10.15897       9.522106       9.819107       11.99238       12.97564       14.26487       18.32701       20.06018       24.56445       38.76381       74.09128       52.00098       1.70141E+38    1.70141E+38    1.70141E+38    

14.99178       14.34912       14.90369       14.19916       13.22581       12.28618       10.83907       10.14114       9.943054       9.714234       10.07643       14.82432       17.40442       17.41765       21.02154       17.95593       51.77195       60.17445       30.51842       38.72583       1.70141E+38    1.70141E+38    1.70141E+38    

1.70141E+38    1.70141E+38    1.70141E+38    1.70141E+38    1.70141E+38    1.70141E+38    1.70141E+38    1.70141E+38    1.70141E+38    1.70141E+38    1.70141E+38    1.70141E+38    1.70141E+38    1.70141E+38    1.70141E+38    1.70141E+38    1.70141E+38    1.70141E+38    1.70141E+38    1.70141E+38    1.70141E+38    1.70141E+38    1.70141E+38    

1.70141E+38    1.70141E+38    1.70141E+38    1.70141E+38    1.70141E+38    1.70141E+38    1.70141E+38    1.70141E+38    1.70141E+38    1.70141E+38    1.70141E+38    1.70141E+38    1.70141E+38    1.70141E+38    1.70141E+38    1.70141E+38    1.70141E+38    1.70141E+38    1.70141E+38    1.70141E+38    1.70141E+38    1.70141E+38    1.70141E+38    

1.70141E+38    1.70141E+38    1.70141E+38    1.70141E+38    1.70141E+38    1.70141E+38    1.70141E+38    1.70141E+38    1.70141E+38    1.70141E+38    1.70141E+38    1.70141E+38    1.70141E+38    1.70141E+38    1.70141E+38    1.70141E+38    1.70141E+38    1.70141E+38    1.70141E+38    1.70141E+38    1.70141E+38    1.70141E+38    1.70141E+38    

1.70141E+38    1.70141E+38    1.70141E+38    1.70141E+38    1.70141E+38    1.70141E+38    1.70141E+38    1.70141E+38    1.70141E+38    1.70141E+38    1.70141E+38    1.70141E+38    1.70141E+38    1.70141E+38    1.70141E+38    1.70141E+38    1.70141E+38    1.70141E+38    1.70141E+38    1.70141E+38    1.70141E+38    1.70141E+38    1.70141E+38    

1.70141E+38    1.70141E+38    1.70141E+38    1.70141E+38    1.70141E+38    1.70141E+38    1.70141E+38    1.70141E+38    1.70141E+38    1.70141E+38    1.70141E+38    1.70141E+38    1.70141E+38    1.70141E+38    1.70141E+38    1.70141E+38    1.70141E+38    1.70141E+38    1.70141E+38    1.70141E+38    1.70141E+38    1.70141E+38    1.70141E+38    

1.70141E+38    1.70141E+38    1.70141E+38    1.70141E+38    1.70141E+38    1.70141E+38    1.70141E+38    1.70141E+38    1.70141E+38    1.70141E+38    1.70141E+38    1.70141E+38    1.70141E+38    1.70141E+38    1.70141E+38    1.70141E+38    1.70141E+38    1.70141E+38    1.70141E+38    1.70141E+38    1.70141E+38    1.70141E+38    1.70141E+38    

1.70141E+38    1.70141E+38    1.70141E+38    1.70141E+38    1.70141E+38    1.70141E+38    1.70141E+38    1.70141E+38    1.70141E+38    1.70141E+38    1.70141E+38    1.70141E+38    1.70141E+38    1.70141E+38    1.70141E+38    1.70141E+38    1.70141E+38    1.70141E+38    1.70141E+38    1.70141E+38    1.70141E+38    1.70141E+38    1.70141E+38    

1.70141E+38    1.70141E+38    1.70141E+38    1.70141E+38    1.70141E+38    1.70141E+38    1.70141E+38    1.70141E+38    1.70141E+38    1.70141E+38    1.70141E+38    1.70141E+38    1.70141E+38    1.70141E+38    1.70141E+38    1.70141E+38    1.70141E+38    1.70141E+38    1.70141E+38    1.70141E+38    1.70141E+38    1.70141E+38    1.70141E+38    

