py_wake/examples/data/ParqueFicticio/Ridge area   Sector 5   Height 200m   Weibull-k.grd
DSAA
23  33
 262878   265078
 6504214   6507414
 2.767578   2.994141
1.70141E+38    1.70141E+38    1.70141E+38    1.70141E+38    1.70141E+38    1.70141E+38    1.70141E+38    1.70141E+38    1.70141E+38    1.70141E+38    1.70141E+38    1.70141E+38    1.70141E+38    1.70141E+38    1.70141E+38    1.70141E+38    1.70141E+38    1.70141E+38    1.70141E+38    1.70141E+38    1.70141E+38    1.70141E+38    1.70141E+38    

1.70141E+38    1.70141E+38    1.70141E+38    1.70141E+38    1.70141E+38    1.70141E+38    1.70141E+38    1.70141E+38    1.70141E+38    1.70141E+38    1.70141E+38    1.70141E+38    1.70141E+38    1.70141E+38    1.70141E+38    1.70141E+38    1.70141E+38    1.70141E+38    1.70141E+38    1.70141E+38    1.70141E+38    1.70141E+38    1.70141E+38    

1.70141E+38    1.70141E+38    1.70141E+38    1.70141E+38    1.70141E+38    1.70141E+38    1.70141E+38    1.70141E+38    1.70141E+38    1.70141E+38    1.70141E+38    1.70141E+38    1.70141E+38    1.70141E+38    1.70141E+38    1.70141E+38    1.70141E+38    1.70141E+38    1.70141E+38    1.70141E+38    1.70141E+38    1.70141E+38    1.70141E+38    

1.70141E+38    1.70141E+38    1.70141E+38    1.70141E+38    1.70141E+38    1.70141E+38    1.70141E+38    1.70141E+38    1.70141E+38    1.70141E+38    1.70141E+38    1.70141E+38    1.70141E+38    1.70141E+38    1.70141E+38    1.70141E+38    1.70141E+38    1.70141E+38    1.70141E+38    1.70141E+38    1.70141E+38    1.70141E+38    1.70141E+38    

1.70141E+38    1.70141E+38    1.70141E+38    1.70141E+38    1.70141E+38    1.70141E+38    1.70141E+38    1.70141E+38    1.70141E+38    1.70141E+38    1.70141E+38    1.70141E+38    1.70141E+38    1.70141E+38    1.70141E+38    1.70141E+38    1.70141E+38    1.70141E+38    1.70141E+38    1.70141E+38    1.70141E+38    1.70141E+38    1.70141E+38    

2.935547       2.935547       2.935547       2.931641       2.927734       2.916016       2.904297       2.880859       2.853516       2.822266       2.794922       2.775391       2.767578       2.775391       2.802734       2.845703       2.884766       2.896484       2.888672       2.869141       1.70141E+38    1.70141E+38    1.70141E+38    

2.939453       2.939453       2.939453       2.939453       2.935547       2.923828       2.908203       2.888672       2.861328       2.830078       2.802734       2.783203       2.775391       2.783203       2.818359       2.861328       2.892578       2.900391       2.880859       2.865234       1.70141E+38    1.70141E+38    1.70141E+38    

2.935547       2.943359       2.943359       2.939453       2.931641       2.919922       2.904297       2.876953       2.853516       2.822266       2.798828       2.783203       2.779297       2.791016       2.833984       2.876953       2.904297       2.904297       2.880859       2.869141       1.70141E+38    1.70141E+38    1.70141E+38    

2.927734       2.939453       2.943359       2.939453       2.931641       2.916016       2.892578       2.865234       2.837891       2.810547       2.794922       2.791016       2.787109       2.806641       2.849609       2.892578       2.912109       2.904297       2.888672       2.876953       1.70141E+38    1.70141E+38    1.70141E+38    

2.927734       2.943359       2.947266       2.947266       2.939453       2.927734       2.904297       2.880859       2.849609       2.822266       2.802734       2.802734       2.806641       2.830078       2.876953       2.912109       2.923828       2.912109       2.896484       2.892578       1.70141E+38    1.70141E+38    1.70141E+38    

2.935547       2.951172       2.958984       2.958984       2.951172       2.943359       2.927734       2.904297       2.880859       2.853516       2.830078       2.826172       2.830078       2.853516       2.896484       2.931641       2.935547       2.927734       2.916016       2.916016       1.70141E+38    1.70141E+38    1.70141E+38    

2.943359       2.955078       2.966797       2.966797       2.962891       2.951172       2.939453       2.916016       2.896484       2.873047       2.853516       2.841797       2.845703       2.869141       2.912109       2.947266       2.955078       2.951172       2.947266       2.943359       1.70141E+38    1.70141E+38    1.70141E+38    

2.951172       2.958984       2.970703       2.974609       2.966797       2.955078       2.943359       2.919922       2.900391       2.876953       2.857422       2.849609       2.857422       2.880859       2.927734       2.962891       2.970703       2.970703       2.966797       2.970703       1.70141E+38    1.70141E+38    1.70141E+38    

2.958984       2.962891       2.974609       2.974609       2.970703       2.958984       2.939453       2.919922       2.896484       2.873047       2.857422       2.857422       2.865234       2.888672       2.935547       2.970703       2.978516       2.978516       2.982422       2.986328       1.70141E+38    1.70141E+38    1.70141E+38    

2.970703       2.970703       2.978516       2.978516       2.970703       2.962891       2.943359       2.923828       2.904297       2.884766       2.869141       2.869141       2.876953       2.900391       2.939453       2.970703       2.982422       2.986328       2.986328       2.994141       1.70141E+38    1.70141E+38    1.70141E+38    

2.978516       2.982422       2.986328       2.986328       2.978516       2.970703       2.958984       2.939453       2.919922       2.904297       2.884766       2.880859       2.884766       2.904297       2.935547       2.966797       2.982422       2.986328       2.990234       2.994141       1.70141E+38    1.70141E+38    1.70141E+38    

2.986328       2.986328       2.990234       2.990234       2.982422       2.974609       2.962891       2.947266       2.931641       2.912109       2.896484       2.884766       2.888672       2.904297       2.927734       2.958984       2.982422       2.986328       2.986328       2.990234       1.70141E+38    1.70141E+38    1.70141E+38    

2.986328       2.986328       2.990234       2.990234       2.982422       2.974609       2.962891       2.947266       2.927734       2.908203       2.888672       2.876953       2.880859       2.896484       2.919922       2.951172       2.974609       2.982422       2.982422       2.986328       1.70141E+38    1.70141E+38    1.70141E+38    

2.982422       2.982422       2.986328       2.986328       2.978516       2.966797       2.951172       2.935547       2.912109       2.888672       2.865234       2.857422       2.869141       2.884766       2.912109       2.943359       2.966797       2.978516       2.978516       2.978516       1.70141E+38    1.70141E+38    1.70141E+38    

2.978516       2.974609       2.974609       2.970703       2.958984       2.947266       2.931641       2.912109       2.884766       2.861328       2.845703       2.845703       2.857422       2.873047       2.904297       2.935547       2.958984       2.974609       2.974609       2.970703       1.70141E+38    1.70141E+38    1.70141E+38    

2.974609       2.966797       2.962891       2.955078       2.947266       2.935547       2.919922       2.896484       2.876953       2.857422       2.849609       2.849609       2.853516       2.869141       2.896484       2.927734       2.951172       2.962891       2.966797       2.962891       1.70141E+38    1.70141E+38    1.70141E+38    

2.970703       2.966797       2.958984       2.951172       2.943359       2.931641       2.916016       2.896484       2.876953       2.865234       2.861328       2.861328       2.865234       2.876953       2.904297       2.923828       2.939453       2.951172       2.951172       2.951172       1.70141E+38    1.70141E+38    1.70141E+38    

2.970703       2.962891       2.955078       2.947266       2.935547       2.923828       2.908203       2.892578       2.880859       2.869141       2.865234       2.865234       2.876953       2.892578       2.916016       2.927734       2.935547       2.935547       2.939453       2.939453       1.70141E+38    1.70141E+38    1.70141E+38    

2.966797       2.958984       2.951172       2.939453       2.927734       2.912109       2.900391       2.884766       2.876953       2.869141       2.865234       2.865234       2.876953       2.896484       2.916016       2.927734       2.931641       2.931641       2.927734       2.927734       1.70141E+38    1.70141E+38    1.70141E+38    

2.958984       2.951172       2.943359       2.935547       2.923828       2.908203       2.896484       2.880859       2.869141       2.861328       2.857422       2.857422       2.869141       2.892578       2.908203       2.923828       2.931641       2.935547       2.935547       2.931641       1.70141E+38    1.70141E+38    1.70141E+38    

1.70141E+38    1.70141E+38    1.70141E+38    1.70141E+38    1.70141E+38    1.70141E+38    1.70141E+38    1.70141E+38    1.70141E+38    1.70141E+38    1.70141E+38    1.70141E+38    1.70141E+38    1.70141E+38    1.70141E+38    1.70141E+38    1.70141E+38    1.70141E+38    1.70141E+38    1.70141E+38    1.70141E+38    1.70141E+38    1.70141E+38    

1.70141E+38    1.70141E+38    1.70141E+38    1.70141E+38    1.70141E+38    1.70141E+38    1.70141E+38    1.70141E+38    1.70141E+38    1.70141E+38    1.70141E+38    1.70141E+38    1.70141E+38    1.70141E+38    1.70141E+38    1.70141E+38    1.70141E+38    1.70141E+38    1.70141E+38    1.70141E+38    1.70141E+38    1.70141E+38    1.70141E+38    

1.70141E+38    1.70141E+38    1.70141E+38    1.70141E+38    1.70141E+38    1.70141E+38    1.70141E+38    1.70141E+38    1.70141E+38    1.70141E+38    1.70141E+38    1.70141E+38    1.70141E+38    1.70141E+38    1.70141E+38    1.70141E+38    1.70141E+38    1.70141E+38    1.70141E+38    1.70141E+38    1.70141E+38    1.70141E+38    1.70141E+38    

1.70141E+38    1.70141E+38    1.70141E+38    1.70141E+38    1.70141E+38    1.70141E+38    1.70141E+38    1.70141E+38    1.70141E+38    1.70141E+38    1.70141E+38    1.70141E+38    1.70141E+38    1.70141E+38    1.70141E+38    1.70141E+38    1.70141E+38    1.70141E+38    1.70141E+38    1.70141E+38    1.70141E+38    1.70141E+38    1.70141E+38    

1.70141E+38    1.70141E+38    1.70141E+38    1.70141E+38    1.70141E+38    1.70141E+38    1.70141E+38    1.70141E+38    1.70141E+38    1.70141E+38    1.70141E+38    1.70141E+38    1.70141E+38    1.70141E+38    1.70141E+38    1.70141E+38    1.70141E+38    1.70141E+38    1.70141E+38    1.70141E+38    1.70141E+38    1.70141E+38    1.70141E+38    

1.70141E+38    1.70141E+38    1.70141E+38    1.70141E+38    1.70141E+38    1.70141E+38    1.70141E+38    1.70141E+38    1.70141E+38    1.70141E+38    1.70141E+38    1.70141E+38    1.70141E+38    1.70141E+38    1.70141E+38    1.70141E+38    1.70141E+38    1.70141E+38    1.70141E+38    1.70141E+38    1.70141E+38    1.70141E+38    1.70141E+38    

1.70141E+38    1.70141E+38    1.70141E+38    1.70141E+38    1.70141E+38    1.70141E+38    1.70141E+38    1.70141E+38    1.70141E+38    1.70141E+38    1.70141E+38    1.70141E+38    1.70141E+38    1.70141E+38    1.70141E+38    1.70141E+38    1.70141E+38    1.70141E+38    1.70141E+38    1.70141E+38    1.70141E+38    1.70141E+38    1.70141E+38    

1.70141E+38    1.70141E+38    1.70141E+38    1.70141E+38    1.70141E+38    1.70141E+38    1.70141E+38    1.70141E+38    1.70141E+38    1.70141E+38    1.70141E+38    1.70141E+38    1.70141E+38    1.70141E+38    1.70141E+38    1.70141E+38    1.70141E+38    1.70141E+38    1.70141E+38    1.70141E+38    1.70141E+38    1.70141E+38    1.70141E+38    

