py_wake/examples/data/ParqueFicticio/Ridge area   Sector 2   Height 30m   Turbulence intensity.grd
DSAA
23  33
 262878   265078
 6504214   6507414
 12.16343   100
1.70141E+38    1.70141E+38    1.70141E+38    1.70141E+38    1.70141E+38    1.70141E+38    1.70141E+38    1.70141E+38    1.70141E+38    1.70141E+38    1.70141E+38    1.70141E+38    1.70141E+38    1.70141E+38    1.70141E+38    1.70141E+38    1.70141E+38    1.70141E+38    1.70141E+38    1.70141E+38    1.70141E+38    1.70141E+38    1.70141E+38    

1.70141E+38    1.70141E+38    1.70141E+38    1.70141E+38    1.70141E+38    1.70141E+38    1.70141E+38    1.70141E+38    1.70141E+38    1.70141E+38    1.70141E+38    1.70141E+38    1.70141E+38    1.70141E+38    1.70141E+38    1.70141E+38    1.70141E+38    1.70141E+38    1.70141E+38    1.70141E+38    1.70141E+38    1.70141E+38    1.70141E+38    

1.70141E+38    1.70141E+38    1.70141E+38    1.70141E+38    1.70141E+38    1.70141E+38    1.70141E+38    1.70141E+38    1.70141E+38    1.70141E+38    1.70141E+38    1.70141E+38    1.70141E+38    1.70141E+38    1.70141E+38    1.70141E+38    1.70141E+38    1.70141E+38    1.70141E+38    1.70141E+38    1.70141E+38    1.70141E+38    1.70141E+38    

1.70141E+38    1.70141E+38    1.70141E+38    1.70141E+38    1.70141E+38    1.70141E+38    1.70141E+38    1.70141E+38    1.70141E+38    1.70141E+38    1.70141E+38    1.70141E+38    1.70141E+38    1.70141E+38    1.70141E+38    1.70141E+38    1.70141E+38    1.70141E+38    1.70141E+38    1.70141E+38    1.70141E+38    1.70141E+38    1.70141E+38    

1.70141E+38    1.70141E+38    1.70141E+38    1.70141E+38    1.70141E+38    1.70141E+38    1.70141E+38    1.70141E+38    1.70141E+38    1.70141E+38    1.70141E+38    1.70141E+38    1.70141E+38    1.70141E+38    1.70141E+38    1.70141E+38    1.70141E+38    1.70141E+38    1.70141E+38    1.70141E+38    1.70141E+38    1.70141E+38    1.70141E+38    

37.35436       37.02497       36.8187        36.29771       35.56068       33.15373       30.55886       26.83046       25.47053       23.52831       21.33472       20.79806       21.94968       27.47408       53.13148       59.29836       68.8541        74.15205       90.79818       64.50979       1.70141E+38    1.70141E+38    1.70141E+38    

38.2986        37.10247       36.48895       37.15084       37.77199       36.58525       32.12367       26.52799       23.20086       21.74714       20.85014       20.76586       23.64079       33.18246       59.94361       72.88221       90.19321       100            83.56127       28.89226       1.70141E+38    1.70141E+38    1.70141E+38    

40.63663       37.08595       34.25373       35.60242       40.54445       44.60632       44.35995       36.3563        28.31626       23.78347       21.88867       21.94925       26.68591       39.39412       57.65243       86.92831       100            100            41.95795       23.05479       1.70141E+38    1.70141E+38    1.70141E+38    

45.35685       39.9721        36.66171       36.59176       39.94532       44.43352       48.59027       45.85076       36.88268       29.09182       22.99556       21.72507       27.95097       40.66721       51.44631       69.80299       100            95.16687       29.05594       21.27656       1.70141E+38    1.70141E+38    1.70141E+38    

53.04767       43.72961       38.78897       37.17022       38.03638       37.26858       34.74193       30.71931       27.8184        25.10663       21.64927       20.1887        24.15843       33.89475       49.49298       44.08855       94.22882       85.51754       28.17043       20.42863       1.70141E+38    1.70141E+38    1.70141E+38    

58.14645       48.1314        39.35345       34.05947       31.80445       29.73795       25.56217       20.97858       18.57432       17.6945        17.06965       16.65596       19.18967       27.83882       69.79208       39.76514       93.38495       70.59667       24.88703       18.04254       1.70141E+38    1.70141E+38    1.70141E+38    

52.41256       57.83316       43.23184       33.63818       29.20668       26.59944       23.9768        20.02402       17.8899        16.50322       15.51471       15.01114       16.46886       23.90184       74.50577       37.75504       80.62466       36.01033       17.85603       14.94556       1.70141E+38    1.70141E+38    1.70141E+38    

35.33631       59.75141       61.88141       48.53304       38.49844       33.88294       33.45797       29.00449       23.81192       19.76495       16.78014       15.12018       15.28509       19.58182       47.30322       32.61561       32.23358       15.65647       13.83154       13.46936       1.70141E+38    1.70141E+38    1.70141E+38    

25.95022       35.76785       60.29119       80.5471        98.13621       81.05692       49.29088       49.91206       39.61416       27.81824       18.70792       15.0093        14.59863       16.64109       21.87523       20.37318       14.1951        13.24006       13.12064       13.51494       1.70141E+38    1.70141E+38    1.70141E+38    

22.03885       26.64435       35.46003       37.5019        57.56408       52.06928       40.66762       37.53272       30.86518       24.39363       17.48968       14.11397       13.5876        13.93623       13.58848       13.36911       13.14737       13.2662        13.7084        14.50447       1.70141E+38    1.70141E+38    1.70141E+38    

19.97427       21.7538        25.20312       25.61129       28.50021       31.35985       27.45122       23.65115       19.25883       16.1948        14.1991        13.29456       12.90588       12.64461       12.16343       12.83927       14.33878       15.26004       15.70966       16.2154        1.70141E+38    1.70141E+38    1.70141E+38    

18.55285       19.74421       22.54816       24.3557        24.44776       23.52694       21.6339        20.12186       17.653         15.64048       14.36373       13.70264       13.42799       12.70064       12.51633       13.80725       17.23533       19.14326       18.72456       17.93695       1.70141E+38    1.70141E+38    1.70141E+38    

19.84657       21.49753       26.51585       31.1231        28.53666       27.49121       25.31064       23.17267       20.98681       19.96779       17.69056       15.08463       13.85142       13.19943       13.31357       14.27234       18.17966       31.18749       21.31868       24.24411       1.70141E+38    1.70141E+38    1.70141E+38    

24.34478       31.1977        43.14285       46.83483       43.74739       43.38891       44.43883       48.07794       45.67208       44.13982       26.44525       15.86207       14.02993       13.9033        14.58461       15.63607       18.48594       22.76073       24.24946       23.37478       1.70141E+38    1.70141E+38    1.70141E+38    

38.48878       57.0536        69.75577       68.1637        60.39518       59.0831        89.17859       100            100            75.14626       22.58433       14.60575       14.19543       14.93082       16.1005        16.80648       17.7976        39.02911       21.94234       23.50812       1.70141E+38    1.70141E+38    1.70141E+38    

44.09503       47.02675       34.81931       30.96187       32.17566       38.15286       46.21571       68.39458       100            29.6631        14.41477       13.16967       13.87401       16.76427       18.89127       18.79319       18.15579       17.73019       17.59913       17.8819        1.70141E+38    1.70141E+38    1.70141E+38    

20.49477       19.67698       20.48222       20.97938       25.36659       28.83222       30.54966       24.24177       20.38441       14.64811       12.97157       12.78213       13.80722       16.15861       20.1728        23.04033       21.79359       19.31948       17.91208       17.24334       1.70141E+38    1.70141E+38    1.70141E+38    

17.9191        18.53308       22.84937       31.34869       41.63894       51.47198       42.10553       16.19125       13.24163       13.11515       12.95419       13.7271        14.75828       15.94774       16.99128       19.62716       26.62566       27.92657       23.35057       20.4703        1.70141E+38    1.70141E+38    1.70141E+38    

20.1153        24.65937       35.41802       57.03896       100            74.15408       21.75309       13.14321       12.28716       12.83262       14.31521       15.92774       16.61065       17.43532       17.33238       17.0656        18.39262       26.60686       34.88731       29.96627       1.70141E+38    1.70141E+38    1.70141E+38    

27.35914       29.92989       30.17414       23.5452        18.14549       15.10585       13.15298       12.43225       12.69022       13.70618       15.60048       17.92636       18.60059       19.28609       19.34645       17.71773       17.33057       18.57543       22.52054       27.52459       1.70141E+38    1.70141E+38    1.70141E+38    

1.70141E+38    1.70141E+38    1.70141E+38    1.70141E+38    1.70141E+38    1.70141E+38    1.70141E+38    1.70141E+38    1.70141E+38    1.70141E+38    1.70141E+38    1.70141E+38    1.70141E+38    1.70141E+38    1.70141E+38    1.70141E+38    1.70141E+38    1.70141E+38    1.70141E+38    1.70141E+38    1.70141E+38    1.70141E+38    1.70141E+38    

1.70141E+38    1.70141E+38    1.70141E+38    1.70141E+38    1.70141E+38    1.70141E+38    1.70141E+38    1.70141E+38    1.70141E+38    1.70141E+38    1.70141E+38    1.70141E+38    1.70141E+38    1.70141E+38    1.70141E+38    1.70141E+38    1.70141E+38    1.70141E+38    1.70141E+38    1.70141E+38    1.70141E+38    1.70141E+38    1.70141E+38    

1.70141E+38    1.70141E+38    1.70141E+38    1.70141E+38    1.70141E+38    1.70141E+38    1.70141E+38    1.70141E+38    1.70141E+38    1.70141E+38    1.70141E+38    1.70141E+38    1.70141E+38    1.70141E+38    1.70141E+38    1.70141E+38    1.70141E+38    1.70141E+38    1.70141E+38    1.70141E+38    1.70141E+38    1.70141E+38    1.70141E+38    

1.70141E+38    1.70141E+38    1.70141E+38    1.70141E+38    1.70141E+38    1.70141E+38    1.70141E+38    1.70141E+38    1.70141E+38    1.70141E+38    1.70141E+38    1.70141E+38    1.70141E+38    1.70141E+38    1.70141E+38    1.70141E+38    1.70141E+38    1.70141E+38    1.70141E+38    1.70141E+38    1.70141E+38    1.70141E+38    1.70141E+38    

1.70141E+38    1.70141E+38    1.70141E+38    1.70141E+38    1.70141E+38    1.70141E+38    1.70141E+38    1.70141E+38    1.70141E+38    1.70141E+38    1.70141E+38    1.70141E+38    1.70141E+38    1.70141E+38    1.70141E+38    1.70141E+38    1.70141E+38    1.70141E+38    1.70141E+38    1.70141E+38    1.70141E+38    1.70141E+38    1.70141E+38    

1.70141E+38    1.70141E+38    1.70141E+38    1.70141E+38    1.70141E+38    1.70141E+38    1.70141E+38    1.70141E+38    1.70141E+38    1.70141E+38    1.70141E+38    1.70141E+38    1.70141E+38    1.70141E+38    1.70141E+38    1.70141E+38    1.70141E+38    1.70141E+38    1.70141E+38    1.70141E+38    1.70141E+38    1.70141E+38    1.70141E+38    

1.70141E+38    1.70141E+38    1.70141E+38    1.70141E+38    1.70141E+38    1.70141E+38    1.70141E+38    1.70141E+38    1.70141E+38    1.70141E+38    1.70141E+38    1.70141E+38    1.70141E+38    1.70141E+38    1.70141E+38    1.70141E+38    1.70141E+38    1.70141E+38    1.70141E+38    1.70141E+38    1.70141E+38    1.70141E+38    1.70141E+38    

1.70141E+38    1.70141E+38    1.70141E+38    1.70141E+38    1.70141E+38    1.70141E+38    1.70141E+38    1.70141E+38    1.70141E+38    1.70141E+38    1.70141E+38    1.70141E+38    1.70141E+38    1.70141E+38    1.70141E+38    1.70141E+38    1.70141E+38    1.70141E+38    1.70141E+38    1.70141E+38    1.70141E+38    1.70141E+38    1.70141E+38    

