py_wake/examples/data/ParqueFicticio/Ridge area   Sector 9   Height 30m   Orographic turn.grd
DSAA
23  33
 262878   265078
 6504214   6507414
-179.3601   177.1747
1.70141E+38    1.70141E+38    1.70141E+38    1.70141E+38    1.70141E+38    1.70141E+38    1.70141E+38    1.70141E+38    1.70141E+38    1.70141E+38    1.70141E+38    1.70141E+38    1.70141E+38    1.70141E+38    1.70141E+38    1.70141E+38    1.70141E+38    1.70141E+38    1.70141E+38    1.70141E+38    1.70141E+38    1.70141E+38    1.70141E+38    

1.70141E+38    1.70141E+38    1.70141E+38    1.70141E+38    1.70141E+38    1.70141E+38    1.70141E+38    1.70141E+38    1.70141E+38    1.70141E+38    1.70141E+38    1.70141E+38    1.70141E+38    1.70141E+38    1.70141E+38    1.70141E+38    1.70141E+38    1.70141E+38    1.70141E+38    1.70141E+38    1.70141E+38    1.70141E+38    1.70141E+38    

1.70141E+38    1.70141E+38    1.70141E+38    1.70141E+38    1.70141E+38    1.70141E+38    1.70141E+38    1.70141E+38    1.70141E+38    1.70141E+38    1.70141E+38    1.70141E+38    1.70141E+38    1.70141E+38    1.70141E+38    1.70141E+38    1.70141E+38    1.70141E+38    1.70141E+38    1.70141E+38    1.70141E+38    1.70141E+38    1.70141E+38    

1.70141E+38    1.70141E+38    1.70141E+38    1.70141E+38    1.70141E+38    1.70141E+38    1.70141E+38    1.70141E+38    1.70141E+38    1.70141E+38    1.70141E+38    1.70141E+38    1.70141E+38    1.70141E+38    1.70141E+38    1.70141E+38    1.70141E+38    1.70141E+38    1.70141E+38    1.70141E+38    1.70141E+38    1.70141E+38    1.70141E+38    

1.70141E+38    1.70141E+38    1.70141E+38    1.70141E+38    1.70141E+38    1.70141E+38    1.70141E+38    1.70141E+38    1.70141E+38    1.70141E+38    1.70141E+38    1.70141E+38    1.70141E+38    1.70141E+38    1.70141E+38    1.70141E+38    1.70141E+38    1.70141E+38    1.70141E+38    1.70141E+38    1.70141E+38    1.70141E+38    1.70141E+38    

4.894622       5.562242       5.447964       5.05425        5.043248       6.1223         7.000897       8.294356       8.630019       9.786523       8.940002       6.978327       5.476333       4.944721       86.40812       -98.14252      -94.94386      -98.00623      -77.39602      -20.85612      1.70141E+38    1.70141E+38    1.70141E+38    

3.606028       4.606324       4.45801        3.502649       3.558475       4.217553       5.071441       6.447944       7.815725       8.992425       9.824174       8.226167       6.232332       6.319169       -143.7839      -109.3725      -105.8147      -99.14179      -58.05038      -12.37712      1.70141E+38    1.70141E+38    1.70141E+38    

1.727583       2.799468       4.027769       3.784691       4.68007        5.943887       7.166314       8.307261       9.281784       10.63612       12.59801       10.85063       8.513454       -1.759311      -115.7812      -109.3997      -107.2965      -95.00685      -38.12965      -5.360611      1.70141E+38    1.70141E+38    1.70141E+38    

.4205222       1.398704       3.44048        4.979039       5.736707       7.58437        9.203234       10.4189        10.7144        11.42492       13.17702       13.01487       11.02858       -32.21349      -97.23525      -101.8047      -102.9849      -84.14036      -20.58564      -.3762846      1.70141E+38    1.70141E+38    1.70141E+38    

-.3072199      -.2431442      2.02338        4.252473       4.628761       5.722764       7.457674       9.585725       9.506209       9.328982       11.20547       12.49193       9.425324       -22.92799      -72.74955      -87.24154      -91.3372       -65.38722      -15.23573      1.595903       1.70141E+38    1.70141E+38    1.70141E+38    

.1044153       -3.792775      -2.582889      -.3381045      .4169048       .4830629       1.337233       4.133794       5.866027       6.581755       8.315516       9.298008       6.158395       -9.853648      -67.11002      -83.03048      -79.44899      -44.65569      -14.84837      -1.089378      1.70141E+38    1.70141E+38    1.70141E+38    

1.447703       -5.605937      -6.82229       -5.020821      -3.914336      -3.08979       -2.54872       .5350228       4.008          6.382078       8.016008       8.760983       5.615343       -8.874056      -69.28767      -79.35167      -55.35774      -20.73689      -9.718868      -4.806581      1.70141E+38    1.70141E+38    1.70141E+38    

2.902788       -4.113492      -7.38916       -4.838294      -2.492817      -.1756224      1.173936       2.710686       6.000364       8.48979        10.30885       10.95375       7.835004       -4.882973      -55.09913      -53.13644      -18.36163      -6.705092      -5.45044       -6.198779      1.70141E+38    1.70141E+38    1.70141E+38    

3.37747        -2.489167      -6.613159      -2.634737      -1.317282      2.339937       5.540065       7.177215       9.06307        10.21696       11.79098       12.39495       9.038747       -.06150465     -33.14974      -22.83764      -9.809102      -5.363206      -4.173659      -5.440557      1.70141E+38    1.70141E+38    1.70141E+38    

3.202323       -1.189004      -6.13385       -3.092826      -3.671036      -1.657027      2.499155       4.232154       5.717348       6.803056       8.48616        9.892982       9.031962       3.980073       -14.73118      -13.95298      -10.16016      -5.73312       -3.29413       -3.37642       1.70141E+38    1.70141E+38    1.70141E+38    

.2454346       -1.953066      -6.882185      -6.813751      -6.918759      -6.82551       -4.18993       -2.467338      -.585977       .7579157       3.411816       6.847065       7.502415       4.984595       -3.246478      -12.14883      -11.99088      -4.864038      .8450869       2.782563       1.70141E+38    1.70141E+38    1.70141E+38    

-4.079733      -4.252803      -8.210987      -10.46274      -9.983994      -10.01969      -8.520359      -6.664115      -3.97192       -1.384648      2.476012       6.678947       7.946907       6.778298       2.853192       -7.28825       -2.258146      10.3089        12.25917       9.602192       1.70141E+38    1.70141E+38    1.70141E+38    

-3.407987      -2.646603      -5.019342      -8.254023      -6.982845      -6.8401        -6.324142      -5.048588      -2.215309      .973264        4.689243       8.222784       9.520661       9.407151       10.23628       14.83583       32.52708       33.98547       27.5733        19.71542       1.70141E+38    1.70141E+38    1.70141E+38    

-.2128092      2.513124       4.824086       5.62951        3.008399       2.135791       2.004114       3.681064       7.642571       12.21589       12.30954       9.881131       9.294589       12.87363       26.05876       53.91632       56.50636       44.54219       21.51418       5.06032        1.70141E+38    1.70141E+38    1.70141E+38    

5.613163       11.45865       15.96608       16.20235       14.6071        13.37092       15.50925       17.84508       19.11864       15.31437       9.626897       6.847581       8.775513       18.43927       79.41989       120.9125       125.1082       123.4211       -53.87289      -68.46719      1.70141E+38    1.70141E+38    1.70141E+38    

8.065507       9.274181       6.941242       4.883979       2.882573       4.172688       6.550061       8.840805       8.69759        5.525475       2.526219       2.349291       4.222736       137.2662       164.3036       164.2543       168.5725       -175.7454      -139.7969      -112.5798      1.70141E+38    1.70141E+38    1.70141E+38    

-2.430413      -2.949496      -4.298483      -4.031285      -3.756613      -2.340465      -1.024111      .8445542       .06055179      -1.936728      -2.310683      -1.774418      -3.956563      -150.516       -174.84        -178.2101      -177.9687      -173.3028      -161.3394      -144.6364      1.70141E+38    1.70141E+38    1.70141E+38    

-6.219162      -4.108933      -2.937159      -1.059281      .5472606       1.366161       -.451469       -2.245902      -3.172919      -3.944616      -3.509544      -3.703804      -10.3708       -92.49979      -159.2406      -170.9681      -174.1211      -173.9167      -169.4509      -161.3539      1.70141E+38    1.70141E+38    1.70141E+38    

-3.294924      -.1659874      2.491445       5.105175       4.434627       2.708437       -1.667432      -4.284064      -3.908381      -3.140162      -1.968032      -2.64621       -13.2701       -38.20272      -125.9356      -162.2132      -171.7719      -174.1868      -173.5032      -169.6847      1.70141E+38    1.70141E+38    1.70141E+38    

1.238644       3.863297       3.847637       1.252396       -2.124343      -4.286303      -4.631658      -4.19945       -3.044887      -1.170601      -.04741594     3.113935       -14.80456      -21.10663      -24.2777       -14.0886       171.6284       177.1747       -179.3601      -176.4335      1.70141E+38    1.70141E+38    1.70141E+38    

1.70141E+38    1.70141E+38    1.70141E+38    1.70141E+38    1.70141E+38    1.70141E+38    1.70141E+38    1.70141E+38    1.70141E+38    1.70141E+38    1.70141E+38    1.70141E+38    1.70141E+38    1.70141E+38    1.70141E+38    1.70141E+38    1.70141E+38    1.70141E+38    1.70141E+38    1.70141E+38    1.70141E+38    1.70141E+38    1.70141E+38    

1.70141E+38    1.70141E+38    1.70141E+38    1.70141E+38    1.70141E+38    1.70141E+38    1.70141E+38    1.70141E+38    1.70141E+38    1.70141E+38    1.70141E+38    1.70141E+38    1.70141E+38    1.70141E+38    1.70141E+38    1.70141E+38    1.70141E+38    1.70141E+38    1.70141E+38    1.70141E+38    1.70141E+38    1.70141E+38    1.70141E+38    

1.70141E+38    1.70141E+38    1.70141E+38    1.70141E+38    1.70141E+38    1.70141E+38    1.70141E+38    1.70141E+38    1.70141E+38    1.70141E+38    1.70141E+38    1.70141E+38    1.70141E+38    1.70141E+38    1.70141E+38    1.70141E+38    1.70141E+38    1.70141E+38    1.70141E+38    1.70141E+38    1.70141E+38    1.70141E+38    1.70141E+38    

1.70141E+38    1.70141E+38    1.70141E+38    1.70141E+38    1.70141E+38    1.70141E+38    1.70141E+38    1.70141E+38    1.70141E+38    1.70141E+38    1.70141E+38    1.70141E+38    1.70141E+38    1.70141E+38    1.70141E+38    1.70141E+38    1.70141E+38    1.70141E+38    1.70141E+38    1.70141E+38    1.70141E+38    1.70141E+38    1.70141E+38    

1.70141E+38    1.70141E+38    1.70141E+38    1.70141E+38    1.70141E+38    1.70141E+38    1.70141E+38    1.70141E+38    1.70141E+38    1.70141E+38    1.70141E+38    1.70141E+38    1.70141E+38    1.70141E+38    1.70141E+38    1.70141E+38    1.70141E+38    1.70141E+38    1.70141E+38    1.70141E+38    1.70141E+38    1.70141E+38    1.70141E+38    

1.70141E+38    1.70141E+38    1.70141E+38    1.70141E+38    1.70141E+38    1.70141E+38    1.70141E+38    1.70141E+38    1.70141E+38    1.70141E+38    1.70141E+38    1.70141E+38    1.70141E+38    1.70141E+38    1.70141E+38    1.70141E+38    1.70141E+38    1.70141E+38    1.70141E+38    1.70141E+38    1.70141E+38    1.70141E+38    1.70141E+38    

1.70141E+38    1.70141E+38    1.70141E+38    1.70141E+38    1.70141E+38    1.70141E+38    1.70141E+38    1.70141E+38    1.70141E+38    1.70141E+38    1.70141E+38    1.70141E+38    1.70141E+38    1.70141E+38    1.70141E+38    1.70141E+38    1.70141E+38    1.70141E+38    1.70141E+38    1.70141E+38    1.70141E+38    1.70141E+38    1.70141E+38    

1.70141E+38    1.70141E+38    1.70141E+38    1.70141E+38    1.70141E+38    1.70141E+38    1.70141E+38    1.70141E+38    1.70141E+38    1.70141E+38    1.70141E+38    1.70141E+38    1.70141E+38    1.70141E+38    1.70141E+38    1.70141E+38    1.70141E+38    1.70141E+38    1.70141E+38    1.70141E+38    1.70141E+38    1.70141E+38    1.70141E+38    

