py_wake/examples/data/ParqueFicticio/Ridge area   Sector 11   Height 200m   Weibull-k.grd
DSAA
23  33
 262878   265078
 6504214   6507414
 1.517578   1.986328
1.70141E+38    1.70141E+38    1.70141E+38    1.70141E+38    1.70141E+38    1.70141E+38    1.70141E+38    1.70141E+38    1.70141E+38    1.70141E+38    1.70141E+38    1.70141E+38    1.70141E+38    1.70141E+38    1.70141E+38    1.70141E+38    1.70141E+38    1.70141E+38    1.70141E+38    1.70141E+38    1.70141E+38    1.70141E+38    1.70141E+38    

1.70141E+38    1.70141E+38    1.70141E+38    1.70141E+38    1.70141E+38    1.70141E+38    1.70141E+38    1.70141E+38    1.70141E+38    1.70141E+38    1.70141E+38    1.70141E+38    1.70141E+38    1.70141E+38    1.70141E+38    1.70141E+38    1.70141E+38    1.70141E+38    1.70141E+38    1.70141E+38    1.70141E+38    1.70141E+38    1.70141E+38    

1.70141E+38    1.70141E+38    1.70141E+38    1.70141E+38    1.70141E+38    1.70141E+38    1.70141E+38    1.70141E+38    1.70141E+38    1.70141E+38    1.70141E+38    1.70141E+38    1.70141E+38    1.70141E+38    1.70141E+38    1.70141E+38    1.70141E+38    1.70141E+38    1.70141E+38    1.70141E+38    1.70141E+38    1.70141E+38    1.70141E+38    

1.70141E+38    1.70141E+38    1.70141E+38    1.70141E+38    1.70141E+38    1.70141E+38    1.70141E+38    1.70141E+38    1.70141E+38    1.70141E+38    1.70141E+38    1.70141E+38    1.70141E+38    1.70141E+38    1.70141E+38    1.70141E+38    1.70141E+38    1.70141E+38    1.70141E+38    1.70141E+38    1.70141E+38    1.70141E+38    1.70141E+38    

1.70141E+38    1.70141E+38    1.70141E+38    1.70141E+38    1.70141E+38    1.70141E+38    1.70141E+38    1.70141E+38    1.70141E+38    1.70141E+38    1.70141E+38    1.70141E+38    1.70141E+38    1.70141E+38    1.70141E+38    1.70141E+38    1.70141E+38    1.70141E+38    1.70141E+38    1.70141E+38    1.70141E+38    1.70141E+38    1.70141E+38    

1.978516       1.982422       1.986328       1.986328       1.982422       1.978516       1.966797       1.955078       1.935547       1.912109       1.896484       1.888672       1.888672       1.884766       1.888672       1.888672       1.935547       1.857422       1.919922       1.935547       1.70141E+38    1.70141E+38    1.70141E+38    

1.978516       1.982422       1.982422       1.982422       1.978516       1.974609       1.966797       1.951172       1.931641       1.912109       1.896484       1.892578       1.888672       1.884766       1.880859       1.904297       1.923828       1.919922       1.927734       1.904297       1.70141E+38    1.70141E+38    1.70141E+38    

1.974609       1.978516       1.974609       1.974609       1.970703       1.962891       1.955078       1.939453       1.923828       1.904297       1.896484       1.888672       1.884766       1.880859       1.873047       1.896484       1.923828       1.916016       1.896484       1.900391       1.70141E+38    1.70141E+38    1.70141E+38    

1.970703       1.970703       1.970703       1.970703       1.966797       1.958984       1.943359       1.927734       1.908203       1.896484       1.888672       1.888672       1.880859       1.876953       1.869141       1.869141       1.880859       1.888672       1.900391       1.908203       1.70141E+38    1.70141E+38    1.70141E+38    

1.958984       1.962891       1.966797       1.966797       1.966797       1.962891       1.951172       1.935547       1.912109       1.900391       1.892578       1.888672       1.884766       1.880859       1.880859       1.880859       1.888672       1.900391       1.912109       1.916016       1.70141E+38    1.70141E+38    1.70141E+38    

1.951172       1.955078       1.958984       1.966797       1.966797       1.962891       1.958984       1.943359       1.923828       1.912109       1.900391       1.892578       1.888672       1.892578       1.896484       1.896484       1.908203       1.919922       1.923828       1.927734       1.70141E+38    1.70141E+38    1.70141E+38    

1.955078       1.951172       1.955078       1.958984       1.962891       1.962891       1.958984       1.947266       1.931641       1.916016       1.908203       1.900391       1.896484       1.900391       1.908203       1.916016       1.927734       1.935547       1.935547       1.939453       1.70141E+38    1.70141E+38    1.70141E+38    

1.962891       1.958984       1.955078       1.955078       1.955078       1.958984       1.955078       1.947266       1.931641       1.919922       1.908203       1.900391       1.900391       1.904297       1.916016       1.931641       1.939453       1.943359       1.943359       1.947266       1.70141E+38    1.70141E+38    1.70141E+38    

1.966797       1.966797       1.958984       1.958984       1.955078       1.958984       1.958984       1.943359       1.931641       1.916016       1.908203       1.900391       1.904297       1.908203       1.919922       1.935547       1.943359       1.947266       1.947266       1.951172       1.70141E+38    1.70141E+38    1.70141E+38    

1.966797       1.966797       1.962891       1.962891       1.958984       1.958984       1.955078       1.943359       1.931641       1.919922       1.908203       1.904297       1.908203       1.912109       1.923828       1.939453       1.943359       1.947266       1.947266       1.951172       1.70141E+38    1.70141E+38    1.70141E+38    

1.966797       1.966797       1.962891       1.962891       1.958984       1.958984       1.951172       1.947266       1.935547       1.923828       1.912109       1.908203       1.912109       1.916016       1.923828       1.935547       1.943359       1.943359       1.943359       1.947266       1.70141E+38    1.70141E+38    1.70141E+38    

1.962891       1.962891       1.962891       1.958984       1.955078       1.951172       1.955078       1.947266       1.935547       1.923828       1.916016       1.908203       1.908203       1.912109       1.919922       1.931641       1.935547       1.935547       1.939453       1.939453       1.70141E+38    1.70141E+38    1.70141E+38    

1.958984       1.958984       1.958984       1.958984       1.951172       1.951172       1.951172       1.943359       1.931641       1.919922       1.908203       1.904297       1.904297       1.908203       1.916016       1.923828       1.927734       1.927734       1.931641       1.935547       1.70141E+38    1.70141E+38    1.70141E+38    

1.951172       1.951172       1.951172       1.951172       1.951172       1.943359       1.939453       1.931641       1.923828       1.908203       1.896484       1.892578       1.896484       1.904297       1.908203       1.916016       1.923828       1.927734       1.923828       1.896484       1.70141E+38    1.70141E+38    1.70141E+38    

1.943359       1.939453       1.939453       1.939453       1.935547       1.935547       1.927734       1.919922       1.908203       1.900391       1.888672       1.888672       1.892578       1.896484       1.904297       1.912109       1.919922       1.927734       1.931641       1.837891       1.70141E+38    1.70141E+38    1.70141E+38    

1.943359       1.939453       1.939453       1.939453       1.939453       1.935547       1.927734       1.916016       1.908203       1.896484       1.888672       1.888672       1.888672       1.892578       1.900391       1.912109       1.919922       1.927734       1.931641       1.900391       1.70141E+38    1.70141E+38    1.70141E+38    

1.947266       1.947266       1.943359       1.939453       1.939453       1.935547       1.927734       1.916016       1.908203       1.900391       1.892578       1.896484       1.892578       1.896484       1.904297       1.912109       1.919922       1.923828       1.927734       1.916016       1.70141E+38    1.70141E+38    1.70141E+38    

1.951172       1.947266       1.943359       1.939453       1.935547       1.931641       1.923828       1.916016       1.908203       1.900391       1.896484       1.896484       1.896484       1.904297       1.912109       1.916016       1.919922       1.919922       1.517578       1.923828       1.70141E+38    1.70141E+38    1.70141E+38    

1.947266       1.943359       1.939453       1.935547       1.931641       1.927734       1.916016       1.912109       1.904297       1.900391       1.896484       1.892578       1.896484       1.904297       1.912109       1.916016       1.916016       1.916016       1.919922       1.919922       1.70141E+38    1.70141E+38    1.70141E+38    

1.943359       1.939453       1.935547       1.935547       1.927734       1.923828       1.916016       1.908203       1.900391       1.892578       1.892578       1.888672       1.888672       1.896484       1.904297       1.912109       1.916016       1.916016       1.916016       1.916016       1.70141E+38    1.70141E+38    1.70141E+38    

1.70141E+38    1.70141E+38    1.70141E+38    1.70141E+38    1.70141E+38    1.70141E+38    1.70141E+38    1.70141E+38    1.70141E+38    1.70141E+38    1.70141E+38    1.70141E+38    1.70141E+38    1.70141E+38    1.70141E+38    1.70141E+38    1.70141E+38    1.70141E+38    1.70141E+38    1.70141E+38    1.70141E+38    1.70141E+38    1.70141E+38    

1.70141E+38    1.70141E+38    1.70141E+38    1.70141E+38    1.70141E+38    1.70141E+38    1.70141E+38    1.70141E+38    1.70141E+38    1.70141E+38    1.70141E+38    1.70141E+38    1.70141E+38    1.70141E+38    1.70141E+38    1.70141E+38    1.70141E+38    1.70141E+38    1.70141E+38    1.70141E+38    1.70141E+38    1.70141E+38    1.70141E+38    

1.70141E+38    1.70141E+38    1.70141E+38    1.70141E+38    1.70141E+38    1.70141E+38    1.70141E+38    1.70141E+38    1.70141E+38    1.70141E+38    1.70141E+38    1.70141E+38    1.70141E+38    1.70141E+38    1.70141E+38    1.70141E+38    1.70141E+38    1.70141E+38    1.70141E+38    1.70141E+38    1.70141E+38    1.70141E+38    1.70141E+38    

1.70141E+38    1.70141E+38    1.70141E+38    1.70141E+38    1.70141E+38    1.70141E+38    1.70141E+38    1.70141E+38    1.70141E+38    1.70141E+38    1.70141E+38    1.70141E+38    1.70141E+38    1.70141E+38    1.70141E+38    1.70141E+38    1.70141E+38    1.70141E+38    1.70141E+38    1.70141E+38    1.70141E+38    1.70141E+38    1.70141E+38    

1.70141E+38    1.70141E+38    1.70141E+38    1.70141E+38    1.70141E+38    1.70141E+38    1.70141E+38    1.70141E+38    1.70141E+38    1.70141E+38    1.70141E+38    1.70141E+38    1.70141E+38    1.70141E+38    1.70141E+38    1.70141E+38    1.70141E+38    1.70141E+38    1.70141E+38    1.70141E+38    1.70141E+38    1.70141E+38    1.70141E+38    

1.70141E+38    1.70141E+38    1.70141E+38    1.70141E+38    1.70141E+38    1.70141E+38    1.70141E+38    1.70141E+38    1.70141E+38    1.70141E+38    1.70141E+38    1.70141E+38    1.70141E+38    1.70141E+38    1.70141E+38    1.70141E+38    1.70141E+38    1.70141E+38    1.70141E+38    1.70141E+38    1.70141E+38    1.70141E+38    1.70141E+38    

1.70141E+38    1.70141E+38    1.70141E+38    1.70141E+38    1.70141E+38    1.70141E+38    1.70141E+38    1.70141E+38    1.70141E+38    1.70141E+38    1.70141E+38    1.70141E+38    1.70141E+38    1.70141E+38    1.70141E+38    1.70141E+38    1.70141E+38    1.70141E+38    1.70141E+38    1.70141E+38    1.70141E+38    1.70141E+38    1.70141E+38    

1.70141E+38    1.70141E+38    1.70141E+38    1.70141E+38    1.70141E+38    1.70141E+38    1.70141E+38    1.70141E+38    1.70141E+38    1.70141E+38    1.70141E+38    1.70141E+38    1.70141E+38    1.70141E+38    1.70141E+38    1.70141E+38    1.70141E+38    1.70141E+38    1.70141E+38    1.70141E+38    1.70141E+38    1.70141E+38    1.70141E+38    

