py_wake/examples/data/ParqueFicticio/Ridge area   Sector 12   Height 30m   Orographic turn.grd
DSAA
23  33
 262878   265078
 6504214   6507414
-32.42113   53.38568
1.70141E+38    1.70141E+38    1.70141E+38    1.70141E+38    1.70141E+38    1.70141E+38    1.70141E+38    1.70141E+38    1.70141E+38    1.70141E+38    1.70141E+38    1.70141E+38    1.70141E+38    1.70141E+38    1.70141E+38    1.70141E+38    1.70141E+38    1.70141E+38    1.70141E+38    1.70141E+38    1.70141E+38    1.70141E+38    1.70141E+38    

1.70141E+38    1.70141E+38    1.70141E+38    1.70141E+38    1.70141E+38    1.70141E+38    1.70141E+38    1.70141E+38    1.70141E+38    1.70141E+38    1.70141E+38    1.70141E+38    1.70141E+38    1.70141E+38    1.70141E+38    1.70141E+38    1.70141E+38    1.70141E+38    1.70141E+38    1.70141E+38    1.70141E+38    1.70141E+38    1.70141E+38    

1.70141E+38    1.70141E+38    1.70141E+38    1.70141E+38    1.70141E+38    1.70141E+38    1.70141E+38    1.70141E+38    1.70141E+38    1.70141E+38    1.70141E+38    1.70141E+38    1.70141E+38    1.70141E+38    1.70141E+38    1.70141E+38    1.70141E+38    1.70141E+38    1.70141E+38    1.70141E+38    1.70141E+38    1.70141E+38    1.70141E+38    

1.70141E+38    1.70141E+38    1.70141E+38    1.70141E+38    1.70141E+38    1.70141E+38    1.70141E+38    1.70141E+38    1.70141E+38    1.70141E+38    1.70141E+38    1.70141E+38    1.70141E+38    1.70141E+38    1.70141E+38    1.70141E+38    1.70141E+38    1.70141E+38    1.70141E+38    1.70141E+38    1.70141E+38    1.70141E+38    1.70141E+38    

1.70141E+38    1.70141E+38    1.70141E+38    1.70141E+38    1.70141E+38    1.70141E+38    1.70141E+38    1.70141E+38    1.70141E+38    1.70141E+38    1.70141E+38    1.70141E+38    1.70141E+38    1.70141E+38    1.70141E+38    1.70141E+38    1.70141E+38    1.70141E+38    1.70141E+38    1.70141E+38    1.70141E+38    1.70141E+38    1.70141E+38    

-3.06545       -3.114177      -2.233187      -1.09806       -.5453261      -1.532167      -2.938005      -4.855171      -6.888971      -8.781278      -10.71307      -11.10123      -10.75363      -5.280004      5.216631       16.31277       20.5648        14.84935       6.811762       1.066342       1.70141E+38    1.70141E+38    1.70141E+38    

-2.122398      -3.199536      -3.389292      -1.412077      .1477473       -.06561141     -.133799       -2.042209      -4.698145      -7.517116      -10.91208      -12.28863      -11.33782      -1.412887      13.93507       27.24427       23.93414       14.60355       5.579191       -.5206562      1.70141E+38    1.70141E+38    1.70141E+38    

-1.268719      -2.278448      -3.595482      -3.14539       -3.494277      -4.423523      -5.59008       -7.740009      -8.889831      -10.16226      -13.10662      -15.72546      -13.80847      -.1149613      18.37858       30.59158       22.60197       13.34988       2.777352       -3.452839      1.70141E+38    1.70141E+38    1.70141E+38    

-2.021012      -3.20627       -3.792737      -3.925545      -4.02158       -6.962244      -11.0485       -15.73912      -18.20509      -17.61925      -16.53339      -17.3756       -15.96705      -.1419786      14.93323       20.26192       17.0383        11.58332       .7647001       -5.451319      1.70141E+38    1.70141E+38    1.70141E+38    

-4.406127      -5.230986      -3.25149       -2.498985      -3.001372      -5.225005      -7.543581      -10.96991      -14.23916      -16.60874      -17.30428      -17.67418      -15.12172      -2.59236       9.286143       11.20983       9.656111       5.221137       -1.600535      -6.253313      1.70141E+38    1.70141E+38    1.70141E+38    

-5.253117      -4.279409      5.28622        3.2613         -.1345542      -1.257377      -1.588399      -3.641816      -6.347977      -8.896894      -11.45317      -13.87681      -11.91156      -3.285347      7.895119       8.779563       4.074363       .05970415      -2.034179      -3.399502      1.70141E+38    1.70141E+38    1.70141E+38    

.6604111       29.00719       23.64927       8.727275       4.259709       2.60111        2.90493        .7529387       -2.345372      -5.212522      -8.311925      -11.58477      -11.02293      -4.108399      8.026773       9.227034       3.962881       2.142808       2.259132       2.215044       1.70141E+38    1.70141E+38    1.70141E+38    

-.2130795      53.38568       41.49507       11.48135       .3562226       -2.584782      -3.163506      -4.129948      -5.655738      -6.909841      -9.300497      -12.31287      -11.73862      -4.920461      9.475657       11.63253       8.368851       6.636174       5.865668       5.568874       1.70141E+38    1.70141E+38    1.70141E+38    

-3.207674      -2.539679      7.19887        1.092449       -25.28526      -24.75273      -18.15832      -19.1265       -16.6915       -12.78943      -11.65204      -12.92792      -11.85956      -5.174143      10.75157       16.14415       13.7755        9.798547       6.94414        6.431689       1.70141E+38    1.70141E+38    1.70141E+38    

-3.267061      -2.422109      -.07076444     .7267583       -12.95689      -32.42113      -12.44213      -9.196908      -9.887901      -10.16775      -9.753151      -11.11493      -10.02133      -4.118171      10.12441       18.49653       17.65137       11.87175       7.271245       5.992931       1.70141E+38    1.70141E+38    1.70141E+38    

-.8246951      -.4782704      3.314582       4.077684       3.509364       -.2891947      -.5716742      -.3398497      -1.248883      -2.1878        -4.279192      -7.189976      -7.264669      -3.603589      6.277526       17.0239        20.59195       13.76817       6.78353        4.726214       1.70141E+38    1.70141E+38    1.70141E+38    

3.650394       2.912332       6.110045       7.39464        5.374602       4.590656       4.155163       4.038064       3.021616       1.408059       -1.991357      -6.216159      -7.089525      -4.671928      1.970011       12.40884       22.71753       21.24876       10.91714       5.765229       1.70141E+38    1.70141E+38    1.70141E+38    

4.197078       3.125586       4.610529       5.825885       4.351306       4.322114       4.568683       4.345453       2.375458       -.3150672      -4.141427      -7.910408      -8.395029      -6.128717      -.948702       5.451643       13.17168       22.82125       20.29285       11.24403       1.70141E+38    1.70141E+38    1.70141E+38    

.5760822       -3.102174      -5.303718      -5.13589       -5.232799      -4.494843      -3.524175      -4.313683      -7.390366      -10.42153      -11.5736       -11.21101      -9.370756      -6.976621      -2.949904      1.643223       5.796112       12.93297       23.19033       24.1934        1.70141E+38    1.70141E+38    1.70141E+38    

-7.77884       -13.0303       -15.80706      -18.79946      -22.05851      -17.99553      -17.62779      -17.31136      -16.2003       -12.999        -11.77528      -11.08978      -9.685178      -7.222252      -4.528366      -1.14313       1.75149        7.078063       16.16854       32.15216       1.70141E+38    1.70141E+38    1.70141E+38    

-8.807552      -9.277989      -5.966491      -3.882093      -2.398778      -4.316643      -5.945346      -8.250061      -8.220701      -6.493516      -6.529347      -7.82337       -8.679307      -7.032952      -5.781158      -3.987379      -1.521591      2.28589        7.633889       11.46429       1.70141E+38    1.70141E+38    1.70141E+38    

1.359592       1.913363       3.506227       3.861002       2.548785       .6501553       -.8742565      -3.370485      -3.550144      -1.78795       -2.339832      -4.548347      -6.23304       -4.541441      -2.723862      -3.872153      -2.261078      .9884375       3.590401       3.632407       1.70141E+38    1.70141E+38    1.70141E+38    

5.964811       4.540624       3.195717       .2204271       -2.301716      -3.525322      -2.43268       -1.048782      -.7232001      -.3014218      -.880674       -3.427418      -6.044984      -4.638738      -1.203163      .8066103       6.565977       15.4555        6.49212        -.3227747      1.70141E+38    1.70141E+38    1.70141E+38    

3.826939       -.4118806      -3.480227      -5.839683      -6.380823      -5.418752      -2.442601      .5003287       .5187215       -1.16775       -3.102147      -4.536296      -7.210206      -6.987455      -3.956318      -3.14981       -.1761756      6.556084       13.4328        6.010163       1.70141E+38    1.70141E+38    1.70141E+38    

-1.799809      -4.374219      -4.125113      -2.722961      -1.094993      .1997179       .738664        1.004072       -.1756014      -3.745051      -6.567602      -6.382601      -8.332749      -9.223226      -6.006147      -5.781482      -5.056463      -3.697814      -.5455832      12.79607       1.70141E+38    1.70141E+38    1.70141E+38    

1.70141E+38    1.70141E+38    1.70141E+38    1.70141E+38    1.70141E+38    1.70141E+38    1.70141E+38    1.70141E+38    1.70141E+38    1.70141E+38    1.70141E+38    1.70141E+38    1.70141E+38    1.70141E+38    1.70141E+38    1.70141E+38    1.70141E+38    1.70141E+38    1.70141E+38    1.70141E+38    1.70141E+38    1.70141E+38    1.70141E+38    

1.70141E+38    1.70141E+38    1.70141E+38    1.70141E+38    1.70141E+38    1.70141E+38    1.70141E+38    1.70141E+38    1.70141E+38    1.70141E+38    1.70141E+38    1.70141E+38    1.70141E+38    1.70141E+38    1.70141E+38    1.70141E+38    1.70141E+38    1.70141E+38    1.70141E+38    1.70141E+38    1.70141E+38    1.70141E+38    1.70141E+38    

1.70141E+38    1.70141E+38    1.70141E+38    1.70141E+38    1.70141E+38    1.70141E+38    1.70141E+38    1.70141E+38    1.70141E+38    1.70141E+38    1.70141E+38    1.70141E+38    1.70141E+38    1.70141E+38    1.70141E+38    1.70141E+38    1.70141E+38    1.70141E+38    1.70141E+38    1.70141E+38    1.70141E+38    1.70141E+38    1.70141E+38    

1.70141E+38    1.70141E+38    1.70141E+38    1.70141E+38    1.70141E+38    1.70141E+38    1.70141E+38    1.70141E+38    1.70141E+38    1.70141E+38    1.70141E+38    1.70141E+38    1.70141E+38    1.70141E+38    1.70141E+38    1.70141E+38    1.70141E+38    1.70141E+38    1.70141E+38    1.70141E+38    1.70141E+38    1.70141E+38    1.70141E+38    

1.70141E+38    1.70141E+38    1.70141E+38    1.70141E+38    1.70141E+38    1.70141E+38    1.70141E+38    1.70141E+38    1.70141E+38    1.70141E+38    1.70141E+38    1.70141E+38    1.70141E+38    1.70141E+38    1.70141E+38    1.70141E+38    1.70141E+38    1.70141E+38    1.70141E+38    1.70141E+38    1.70141E+38    1.70141E+38    1.70141E+38    

1.70141E+38    1.70141E+38    1.70141E+38    1.70141E+38    1.70141E+38    1.70141E+38    1.70141E+38    1.70141E+38    1.70141E+38    1.70141E+38    1.70141E+38    1.70141E+38    1.70141E+38    1.70141E+38    1.70141E+38    1.70141E+38    1.70141E+38    1.70141E+38    1.70141E+38    1.70141E+38    1.70141E+38    1.70141E+38    1.70141E+38    

1.70141E+38    1.70141E+38    1.70141E+38    1.70141E+38    1.70141E+38    1.70141E+38    1.70141E+38    1.70141E+38    1.70141E+38    1.70141E+38    1.70141E+38    1.70141E+38    1.70141E+38    1.70141E+38    1.70141E+38    1.70141E+38    1.70141E+38    1.70141E+38    1.70141E+38    1.70141E+38    1.70141E+38    1.70141E+38    1.70141E+38    

1.70141E+38    1.70141E+38    1.70141E+38    1.70141E+38    1.70141E+38    1.70141E+38    1.70141E+38    1.70141E+38    1.70141E+38    1.70141E+38    1.70141E+38    1.70141E+38    1.70141E+38    1.70141E+38    1.70141E+38    1.70141E+38    1.70141E+38    1.70141E+38    1.70141E+38    1.70141E+38    1.70141E+38    1.70141E+38    1.70141E+38    

