py_wake/examples/data/ParqueFicticio/Ridge area   Sector 5   Height 200m   Weibull-A.grd
DSAA
23  33
 262878   265078
 6504214   6507414
 9.427571   13.09433
1.70141E+38    1.70141E+38    1.70141E+38    1.70141E+38    1.70141E+38    1.70141E+38    1.70141E+38    1.70141E+38    1.70141E+38    1.70141E+38    1.70141E+38    1.70141E+38    1.70141E+38    1.70141E+38    1.70141E+38    1.70141E+38    1.70141E+38    1.70141E+38    1.70141E+38    1.70141E+38    1.70141E+38    1.70141E+38    1.70141E+38    

1.70141E+38    1.70141E+38    1.70141E+38    1.70141E+38    1.70141E+38    1.70141E+38    1.70141E+38    1.70141E+38    1.70141E+38    1.70141E+38    1.70141E+38    1.70141E+38    1.70141E+38    1.70141E+38    1.70141E+38    1.70141E+38    1.70141E+38    1.70141E+38    1.70141E+38    1.70141E+38    1.70141E+38    1.70141E+38    1.70141E+38    

1.70141E+38    1.70141E+38    1.70141E+38    1.70141E+38    1.70141E+38    1.70141E+38    1.70141E+38    1.70141E+38    1.70141E+38    1.70141E+38    1.70141E+38    1.70141E+38    1.70141E+38    1.70141E+38    1.70141E+38    1.70141E+38    1.70141E+38    1.70141E+38    1.70141E+38    1.70141E+38    1.70141E+38    1.70141E+38    1.70141E+38    

1.70141E+38    1.70141E+38    1.70141E+38    1.70141E+38    1.70141E+38    1.70141E+38    1.70141E+38    1.70141E+38    1.70141E+38    1.70141E+38    1.70141E+38    1.70141E+38    1.70141E+38    1.70141E+38    1.70141E+38    1.70141E+38    1.70141E+38    1.70141E+38    1.70141E+38    1.70141E+38    1.70141E+38    1.70141E+38    1.70141E+38    

1.70141E+38    1.70141E+38    1.70141E+38    1.70141E+38    1.70141E+38    1.70141E+38    1.70141E+38    1.70141E+38    1.70141E+38    1.70141E+38    1.70141E+38    1.70141E+38    1.70141E+38    1.70141E+38    1.70141E+38    1.70141E+38    1.70141E+38    1.70141E+38    1.70141E+38    1.70141E+38    1.70141E+38    1.70141E+38    1.70141E+38    

10.39569       10.55548       10.76815       11.04827       11.35333       11.65555       11.91385       12.14952       12.32452       12.45363       12.45637       12.30645       12.01901       11.53102       10.88915       10.33488       9.952858       9.800289       9.955055       10.2962        1.70141E+38    1.70141E+38    1.70141E+38    

10.36604       10.50865       10.66079       10.87333       11.15915       11.47929       11.82136       12.14392       12.41374       12.6023        12.65113       12.51062       12.14837       11.49688       10.7134        10.13668       9.815543       9.823295       10.20015       10.57801       1.70141E+38    1.70141E+38    1.70141E+38    

10.25154       10.45952       10.66568       10.79977       10.9483        11.18686       11.49873       11.87848       12.27196       12.59029       12.7421        12.64331       12.24684       11.50135       10.66208       10.0706        9.796372       9.972426       10.48151       10.81593       1.70141E+38    1.70141E+38    1.70141E+38    

10.08946       10.3036        10.56143       10.75587       10.91709       11.12274       11.37161       11.69176       12.0679        12.46861       12.75154       12.73381       12.35472       11.59571       10.77689       10.21742       9.92967        10.17972       10.74314       11.03188       1.70141E+38    1.70141E+38    1.70141E+38    

9.948042       10.12593       10.41442       10.68189       10.91445       11.20755       11.54692       11.91654       12.22441       12.52385       12.78885       12.81204       12.50239       11.86752       11.11018       10.53755       10.27311       10.4741        10.94227       11.21076       1.70141E+38    1.70141E+38    1.70141E+38    

9.953906       9.952525       10.25583       10.63348       10.96344       11.29511       11.69137       12.12829       12.48405       12.74362       12.92752       12.93094       12.66123       12.11444       11.39038       10.84034       10.72503       10.94028       11.22548       11.40654       1.70141E+38    1.70141E+38    1.70141E+38    

10.1337        9.811123       9.996538       10.45236       10.88356       11.28253       11.66159       12.10516       12.50985       12.82619       13.02784       13.04023       12.7951        12.24834       11.53742       11.12915       11.24747       11.47157       11.61691       11.65538       1.70141E+38    1.70141E+38    1.70141E+38    

10.52206       9.97891        9.735965       10.05712       10.50634       10.93107       11.31626       11.78592       12.29176       12.72176       13.01944       13.09433       12.89093       12.35489       11.66208       11.39947       11.62692       11.84371       11.92884       11.89386       1.70141E+38    1.70141E+38    1.70141E+38    

10.92308       10.50581       9.999745       9.99017        10.12824       10.50997       10.95824       11.391         11.92224       12.47584       12.92327       13.09299       12.94976       12.46309       11.82934       11.63973       11.80325       11.96662       12.04835       12.02883       1.70141E+38    1.70141E+38    1.70141E+38    

11.17358       10.95425       10.58894       10.53106       10.43153       10.56189       10.99057       11.44611       11.92028       12.39384       12.84813       13.0789        13.0083        12.62806       12.08651       11.80247       11.75647       11.84199       11.93427       11.97335       1.70141E+38    1.70141E+38    1.70141E+38    

11.28648       11.24635       11.05925       11.02228       10.98979       10.99866       11.27479       11.66461       12.09547       12.49961       12.86236       13.07664       13.06439       12.79452       12.32426       11.85461       11.5287        11.48234       11.57387       11.65383       1.70141E+38    1.70141E+38    1.70141E+38    

11.27248       11.3401        11.26235       11.22991       11.29693       11.39084       11.55759       11.8006        12.13054       12.48234       12.81894       13.04793       13.07732       12.89212       12.4705        11.85528       11.21671       10.93064       10.99987       11.14126       1.70141E+38    1.70141E+38    1.70141E+38    

11.00288       11.14485       11.09284       11.02439       11.17233       11.31842       11.50012       11.72307       12.00094       12.30343       12.65294       12.94958       13.03844       12.91178       12.55509       11.95627       11.25992       10.6951        10.50643       10.60841       1.70141E+38    1.70141E+38    1.70141E+38    

10.52622       10.62925       10.522         10.45736       10.66038       10.911         11.1455        11.35616       11.62099       11.93336       12.38443       12.79823       12.942         12.85566       12.53815       12.00028       11.38896       10.78598       10.31373       10.18671       1.70141E+38    1.70141E+38    1.70141E+38    

9.902963       9.982984       10.04216       10.09381       10.2751        10.58258       10.76491       10.95383       11.29211       11.79738       12.30018       12.69104       12.81228       12.72047       12.43966       12.00585       11.4983        10.95929       10.48672       10.11239       1.70141E+38    1.70141E+38    1.70141E+38    

9.741332       10.02209       10.32212       10.55917       10.68747       10.80467       10.97339       11.16061       11.46235       11.94795       12.39401       12.66225       12.72279       12.53242       12.21292       11.90838       11.58515       11.23877       10.88075       10.50056       1.70141E+38    1.70141E+38    1.70141E+38    

10.15297       10.47607       10.66568       10.82725       10.91053       11.03542       11.18981       11.44594       11.73577       12.10194       12.43227       12.63754       12.68327       12.49201       12.07295       11.70289       11.44817       11.25236       11.06934       10.80491       1.70141E+38    1.70141E+38    1.70141E+38    

10.25438       10.46822       10.53891       10.58268       10.67362       10.8477        11.10874       11.52035       11.89646       12.16801       12.3724        12.52398       12.61562       12.54292       12.25701       11.83143       11.38688       11.05904       10.90388       10.77635       1.70141E+38    1.70141E+38    1.70141E+38    

9.980658       10.09433       10.1486        10.26485       10.48039       10.76113       11.14827       11.56589       11.89326       12.11398       12.22266       12.28143       12.40527       12.45639       12.33557       12.12308       11.7656        11.2311        10.78107       10.53486       1.70141E+38    1.70141E+38    1.70141E+38    

9.427571       9.657044       9.914076       10.26803       10.63817       11.01235       11.36844       11.61829       11.80426       11.95158       12.02385       11.98198       12.05116       12.15954       12.14644       12.15105       12.03861       11.71804       11.21454       10.72479       1.70141E+38    1.70141E+38    1.70141E+38    

1.70141E+38    1.70141E+38    1.70141E+38    1.70141E+38    1.70141E+38    1.70141E+38    1.70141E+38    1.70141E+38    1.70141E+38    1.70141E+38    1.70141E+38    1.70141E+38    1.70141E+38    1.70141E+38    1.70141E+38    1.70141E+38    1.70141E+38    1.70141E+38    1.70141E+38    1.70141E+38    1.70141E+38    1.70141E+38    1.70141E+38    

1.70141E+38    1.70141E+38    1.70141E+38    1.70141E+38    1.70141E+38    1.70141E+38    1.70141E+38    1.70141E+38    1.70141E+38    1.70141E+38    1.70141E+38    1.70141E+38    1.70141E+38    1.70141E+38    1.70141E+38    1.70141E+38    1.70141E+38    1.70141E+38    1.70141E+38    1.70141E+38    1.70141E+38    1.70141E+38    1.70141E+38    

1.70141E+38    1.70141E+38    1.70141E+38    1.70141E+38    1.70141E+38    1.70141E+38    1.70141E+38    1.70141E+38    1.70141E+38    1.70141E+38    1.70141E+38    1.70141E+38    1.70141E+38    1.70141E+38    1.70141E+38    1.70141E+38    1.70141E+38    1.70141E+38    1.70141E+38    1.70141E+38    1.70141E+38    1.70141E+38    1.70141E+38    

1.70141E+38    1.70141E+38    1.70141E+38    1.70141E+38    1.70141E+38    1.70141E+38    1.70141E+38    1.70141E+38    1.70141E+38    1.70141E+38    1.70141E+38    1.70141E+38    1.70141E+38    1.70141E+38    1.70141E+38    1.70141E+38    1.70141E+38    1.70141E+38    1.70141E+38    1.70141E+38    1.70141E+38    1.70141E+38    1.70141E+38    

1.70141E+38    1.70141E+38    1.70141E+38    1.70141E+38    1.70141E+38    1.70141E+38    1.70141E+38    1.70141E+38    1.70141E+38    1.70141E+38    1.70141E+38    1.70141E+38    1.70141E+38    1.70141E+38    1.70141E+38    1.70141E+38    1.70141E+38    1.70141E+38    1.70141E+38    1.70141E+38    1.70141E+38    1.70141E+38    1.70141E+38    

1.70141E+38    1.70141E+38    1.70141E+38    1.70141E+38    1.70141E+38    1.70141E+38    1.70141E+38    1.70141E+38    1.70141E+38    1.70141E+38    1.70141E+38    1.70141E+38    1.70141E+38    1.70141E+38    1.70141E+38    1.70141E+38    1.70141E+38    1.70141E+38    1.70141E+38    1.70141E+38    1.70141E+38    1.70141E+38    1.70141E+38    

1.70141E+38    1.70141E+38    1.70141E+38    1.70141E+38    1.70141E+38    1.70141E+38    1.70141E+38    1.70141E+38    1.70141E+38    1.70141E+38    1.70141E+38    1.70141E+38    1.70141E+38    1.70141E+38    1.70141E+38    1.70141E+38    1.70141E+38    1.70141E+38    1.70141E+38    1.70141E+38    1.70141E+38    1.70141E+38    1.70141E+38    

1.70141E+38    1.70141E+38    1.70141E+38    1.70141E+38    1.70141E+38    1.70141E+38    1.70141E+38    1.70141E+38    1.70141E+38    1.70141E+38    1.70141E+38    1.70141E+38    1.70141E+38    1.70141E+38    1.70141E+38    1.70141E+38    1.70141E+38    1.70141E+38    1.70141E+38    1.70141E+38    1.70141E+38    1.70141E+38    1.70141E+38    

