py_wake/examples/data/ParqueFicticio/Ridge area   Sector 11   Height 30m   Weibull-k.grd
DSAA
23  33
 262878   265078
 6504214   6507414
 .9589844   2.380859
1.70141E+38    1.70141E+38    1.70141E+38    1.70141E+38    1.70141E+38    1.70141E+38    1.70141E+38    1.70141E+38    1.70141E+38    1.70141E+38    1.70141E+38    1.70141E+38    1.70141E+38    1.70141E+38    1.70141E+38    1.70141E+38    1.70141E+38    1.70141E+38    1.70141E+38    1.70141E+38    1.70141E+38    1.70141E+38    1.70141E+38    

1.70141E+38    1.70141E+38    1.70141E+38    1.70141E+38    1.70141E+38    1.70141E+38    1.70141E+38    1.70141E+38    1.70141E+38    1.70141E+38    1.70141E+38    1.70141E+38    1.70141E+38    1.70141E+38    1.70141E+38    1.70141E+38    1.70141E+38    1.70141E+38    1.70141E+38    1.70141E+38    1.70141E+38    1.70141E+38    1.70141E+38    

1.70141E+38    1.70141E+38    1.70141E+38    1.70141E+38    1.70141E+38    1.70141E+38    1.70141E+38    1.70141E+38    1.70141E+38    1.70141E+38    1.70141E+38    1.70141E+38    1.70141E+38    1.70141E+38    1.70141E+38    1.70141E+38    1.70141E+38    1.70141E+38    1.70141E+38    1.70141E+38    1.70141E+38    1.70141E+38    1.70141E+38    

1.70141E+38    1.70141E+38    1.70141E+38    1.70141E+38    1.70141E+38    1.70141E+38    1.70141E+38    1.70141E+38    1.70141E+38    1.70141E+38    1.70141E+38    1.70141E+38    1.70141E+38    1.70141E+38    1.70141E+38    1.70141E+38    1.70141E+38    1.70141E+38    1.70141E+38    1.70141E+38    1.70141E+38    1.70141E+38    1.70141E+38    

1.70141E+38    1.70141E+38    1.70141E+38    1.70141E+38    1.70141E+38    1.70141E+38    1.70141E+38    1.70141E+38    1.70141E+38    1.70141E+38    1.70141E+38    1.70141E+38    1.70141E+38    1.70141E+38    1.70141E+38    1.70141E+38    1.70141E+38    1.70141E+38    1.70141E+38    1.70141E+38    1.70141E+38    1.70141E+38    1.70141E+38    

1.830078       1.837891       1.849609       1.857422       1.861328       1.861328       1.857422       1.833984       1.775391       1.724609       1.662109       1.638672       1.642578       1.564453       1.158203       2.177734       2.177734       1.955078       2.177734       2.177734       1.70141E+38    1.70141E+38    1.70141E+38    

1.837891       1.837891       1.822266       1.822266       1.830078       1.841797       1.845703       1.841797       1.822266       1.759766       1.677734       1.650391       1.693359       1.576172       2.181641       2.099609       1.837891       1.763672       1.806641       1.423828       1.70141E+38    1.70141E+38    1.70141E+38    

1.833984       1.837891       1.830078       1.798828       1.771484       1.740234       1.720703       1.708984       1.708984       1.705078       1.666016       1.626953       1.708984       1.908203       1.576172       1.759766       1.759766       1.763672       1.759766       1.759766       1.70141E+38    1.70141E+38    1.70141E+38    

1.806641       1.818359       1.806641       1.806641       1.791016       1.732422       1.662109       1.591797       1.556641       1.572266       1.595703       1.595703       1.701172       1.841797       1.576172       1.759766       1.759766       1.564453       1.759766       1.732422       1.70141E+38    1.70141E+38    1.70141E+38    

1.724609       1.740234       1.787109       1.798828       1.794922       1.779297       1.751953       1.677734       1.607422       1.548828       1.552734       1.560547       1.568359       1.607422       1.576172       1.759766       2.177734       1.404297       1.771484       1.689453       1.70141E+38    1.70141E+38    1.70141E+38    

1.662109       1.634766       1.771484       1.802734       1.810547       1.802734       1.810547       1.791016       1.728516       1.677734       1.638672       1.599609       1.599609       1.666016       1.462891       2.177734       2.177734       1.845703       1.779297       1.705078       1.70141E+38    1.70141E+38    1.70141E+38    

1.716797       1.771484       1.771484       1.771484       1.771484       1.779297       1.787109       1.794922       1.783203       1.751953       1.689453       1.642578       1.646484       1.728516       1.763672       2.177734       1.888672       1.791016       1.759766       1.748047       1.70141E+38    1.70141E+38    1.70141E+38    

1.771484       1.771484       1.611328       1.634766       1.708984       1.708984       1.705078       1.701172       1.705078       1.705078       1.685547       1.654297       1.666016       1.509766       1.794922       1.787109       1.830078       1.767578       1.759766       1.759766       1.70141E+38    1.70141E+38    1.70141E+38    

1.802734       1.607422       1.580078       1.580078       1.576172       1.396484       1.505859       1.470703       1.517578       1.611328       1.654297       1.654297       1.666016       1.654297       1.759766       1.759766       1.763672       1.759766       1.759766       1.771484       1.70141E+38    1.70141E+38    1.70141E+38    

1.810547       1.779297       1.513672       1.642578       1.615234       1.291016       1.560547       1.646484       1.658203       1.650391       1.654297       1.646484       1.662109       1.708984       1.759766       1.763672       1.763672       1.759766       1.759766       1.818359       1.70141E+38    1.70141E+38    1.70141E+38    

1.814453       1.791016       1.783203       1.779297       1.767578       1.744141       1.751953       1.755859       1.748047       1.732422       1.708984       1.681641       1.685547       1.708984       1.759766       1.798828       1.630859       1.705078       1.802734       1.841797       1.70141E+38    1.70141E+38    1.70141E+38    

1.810547       1.806641       1.806641       1.810547       1.798828       1.783203       1.767578       1.767578       1.767578       1.759766       1.736328       1.697266       1.685547       1.705078       1.755859       1.853516       2.177734       1.732422       1.650391       1.759766       1.70141E+38    1.70141E+38    1.70141E+38    

1.771484       1.783203       1.810547       1.810547       1.798828       1.783203       1.767578       1.767578       1.767578       1.744141       1.712891       1.677734       1.669922       1.689453       1.736328       2.380859       2.380859       2.380859       1.759766       2.380859       1.70141E+38    1.70141E+38    1.70141E+38    

1.755859       1.736328       1.744141       1.728516       1.708984       1.701172       1.705078       1.693359       1.662109       1.623047       1.611328       1.619141       1.634766       1.677734       1.728516       1.763672       2.380859       2.380859       2.380859       2.380859       1.70141E+38    1.70141E+38    1.70141E+38    

1.673828       1.630859       1.591797       1.509766       1.455078       1.490234       1.478516       1.478516       1.509766       1.591797       1.595703       1.583984       1.607422       1.662109       1.193359       1.755859       1.759766       2.380859       1.482422       2.177734       1.70141E+38    1.70141E+38    1.70141E+38    

1.681641       1.673828       1.705078       1.720703       1.720703       1.705078       1.697266       1.673828       1.658203       1.669922       1.646484       1.615234       1.615234       1.095703       .9667969       .9589844       1.212891       2.177734       2.177734       2.177734       1.70141E+38    1.70141E+38    1.70141E+38    

1.775391       1.771484       1.771484       1.767578       1.771484       1.771484       1.775391       1.736328       1.708984       1.693359       1.677734       1.669922       1.669922       1.708984       1.748047       1.740234       1.705078       1.681641       1.712891       1.830078       1.70141E+38    1.70141E+38    1.70141E+38    

1.771484       1.771484       1.771484       1.767578       1.751953       1.744141       1.744141       1.740234       1.720703       1.701172       1.685547       1.685547       1.693359       1.732422       1.728516       1.708984       1.763672       1.763672       1.767578       1.673828       1.70141E+38    1.70141E+38    1.70141E+38    

1.771484       1.751953       1.744141       1.736328       1.712891       1.712891       1.712891       1.712891       1.697266       1.681641       1.681641       1.681641       1.681641       1.712891       1.767578       1.767578       1.791016       1.126953       1.693359       1.642578       1.70141E+38    1.70141E+38    1.70141E+38    

1.728516       1.724609       1.736328       1.744141       1.748047       1.748047       1.728516       1.701172       1.681641       1.666016       1.662109       1.677734       1.673828       1.697266       1.783203       1.806641       1.509766       1.568359       1.591797       1.759766       1.70141E+38    1.70141E+38    1.70141E+38    

1.70141E+38    1.70141E+38    1.70141E+38    1.70141E+38    1.70141E+38    1.70141E+38    1.70141E+38    1.70141E+38    1.70141E+38    1.70141E+38    1.70141E+38    1.70141E+38    1.70141E+38    1.70141E+38    1.70141E+38    1.70141E+38    1.70141E+38    1.70141E+38    1.70141E+38    1.70141E+38    1.70141E+38    1.70141E+38    1.70141E+38    

1.70141E+38    1.70141E+38    1.70141E+38    1.70141E+38    1.70141E+38    1.70141E+38    1.70141E+38    1.70141E+38    1.70141E+38    1.70141E+38    1.70141E+38    1.70141E+38    1.70141E+38    1.70141E+38    1.70141E+38    1.70141E+38    1.70141E+38    1.70141E+38    1.70141E+38    1.70141E+38    1.70141E+38    1.70141E+38    1.70141E+38    

1.70141E+38    1.70141E+38    1.70141E+38    1.70141E+38    1.70141E+38    1.70141E+38    1.70141E+38    1.70141E+38    1.70141E+38    1.70141E+38    1.70141E+38    1.70141E+38    1.70141E+38    1.70141E+38    1.70141E+38    1.70141E+38    1.70141E+38    1.70141E+38    1.70141E+38    1.70141E+38    1.70141E+38    1.70141E+38    1.70141E+38    

1.70141E+38    1.70141E+38    1.70141E+38    1.70141E+38    1.70141E+38    1.70141E+38    1.70141E+38    1.70141E+38    1.70141E+38    1.70141E+38    1.70141E+38    1.70141E+38    1.70141E+38    1.70141E+38    1.70141E+38    1.70141E+38    1.70141E+38    1.70141E+38    1.70141E+38    1.70141E+38    1.70141E+38    1.70141E+38    1.70141E+38    

1.70141E+38    1.70141E+38    1.70141E+38    1.70141E+38    1.70141E+38    1.70141E+38    1.70141E+38    1.70141E+38    1.70141E+38    1.70141E+38    1.70141E+38    1.70141E+38    1.70141E+38    1.70141E+38    1.70141E+38    1.70141E+38    1.70141E+38    1.70141E+38    1.70141E+38    1.70141E+38    1.70141E+38    1.70141E+38    1.70141E+38    

1.70141E+38    1.70141E+38    1.70141E+38    1.70141E+38    1.70141E+38    1.70141E+38    1.70141E+38    1.70141E+38    1.70141E+38    1.70141E+38    1.70141E+38    1.70141E+38    1.70141E+38    1.70141E+38    1.70141E+38    1.70141E+38    1.70141E+38    1.70141E+38    1.70141E+38    1.70141E+38    1.70141E+38    1.70141E+38    1.70141E+38    

1.70141E+38    1.70141E+38    1.70141E+38    1.70141E+38    1.70141E+38    1.70141E+38    1.70141E+38    1.70141E+38    1.70141E+38    1.70141E+38    1.70141E+38    1.70141E+38    1.70141E+38    1.70141E+38    1.70141E+38    1.70141E+38    1.70141E+38    1.70141E+38    1.70141E+38    1.70141E+38    1.70141E+38    1.70141E+38    1.70141E+38    

1.70141E+38    1.70141E+38    1.70141E+38    1.70141E+38    1.70141E+38    1.70141E+38    1.70141E+38    1.70141E+38    1.70141E+38    1.70141E+38    1.70141E+38    1.70141E+38    1.70141E+38    1.70141E+38    1.70141E+38    1.70141E+38    1.70141E+38    1.70141E+38    1.70141E+38    1.70141E+38    1.70141E+38    1.70141E+38    1.70141E+38    

