py_wake/examples/data/ParqueFicticio/Ridge area   Sector All   Height 30m   Elevation.grd
DSAA
23  33
 262878   265078
 6504214   6507414
 200.1461   600.0005
1.70141E+38    1.70141E+38    1.70141E+38    1.70141E+38    1.70141E+38    1.70141E+38    1.70141E+38    1.70141E+38    1.70141E+38    1.70141E+38    1.70141E+38    1.70141E+38    1.70141E+38    1.70141E+38    1.70141E+38    1.70141E+38    1.70141E+38    1.70141E+38    1.70141E+38    1.70141E+38    1.70141E+38    1.70141E+38    1.70141E+38    

1.70141E+38    1.70141E+38    1.70141E+38    1.70141E+38    1.70141E+38    1.70141E+38    1.70141E+38    1.70141E+38    1.70141E+38    1.70141E+38    1.70141E+38    1.70141E+38    1.70141E+38    1.70141E+38    1.70141E+38    1.70141E+38    1.70141E+38    1.70141E+38    1.70141E+38    1.70141E+38    1.70141E+38    1.70141E+38    1.70141E+38    

1.70141E+38    1.70141E+38    1.70141E+38    1.70141E+38    1.70141E+38    1.70141E+38    1.70141E+38    1.70141E+38    1.70141E+38    1.70141E+38    1.70141E+38    1.70141E+38    1.70141E+38    1.70141E+38    1.70141E+38    1.70141E+38    1.70141E+38    1.70141E+38    1.70141E+38    1.70141E+38    1.70141E+38    1.70141E+38    1.70141E+38    

1.70141E+38    1.70141E+38    1.70141E+38    1.70141E+38    1.70141E+38    1.70141E+38    1.70141E+38    1.70141E+38    1.70141E+38    1.70141E+38    1.70141E+38    1.70141E+38    1.70141E+38    1.70141E+38    1.70141E+38    1.70141E+38    1.70141E+38    1.70141E+38    1.70141E+38    1.70141E+38    1.70141E+38    1.70141E+38    1.70141E+38    

1.70141E+38    1.70141E+38    1.70141E+38    1.70141E+38    1.70141E+38    1.70141E+38    1.70141E+38    1.70141E+38    1.70141E+38    1.70141E+38    1.70141E+38    1.70141E+38    1.70141E+38    1.70141E+38    1.70141E+38    1.70141E+38    1.70141E+38    1.70141E+38    1.70141E+38    1.70141E+38    1.70141E+38    1.70141E+38    1.70141E+38    

200.1461       216.0637       237.8054       266.8228       298.6215       331.4991       359.0297       386.5821       407.3951       430.2673       448.1665       453.291        447.0169       416.9243       372.8612       331.913        296.8758       275.1674       280.0299       307.7074       1.70141E+38    1.70141E+38    1.70141E+38    

211.3806       227.8285       245.8029       269.9379       300.231        332.9305       367.8087       402.9844       433.2051       456.527        473.554        477.2267       461.1186       418.4648       369.0787       328.9438       298.664        288.9467       312.6801       345.9684       1.70141E+38    1.70141E+38    1.70141E+38    

216.7504       240.1532       264.5759       282.2715       300.2942       324.9359       354.9161       390.1331       427.2961       460.4535       485.9171       490.8995       467.9392       421.8369       373.9534       335.8989       310.7963       314.3054       349.1742       379.4446       1.70141E+38    1.70141E+38    1.70141E+38    

218.9552       243.313        271.6635       294.9826       314.2595       336.5532       361.0332       389.431        420.4168       453.199        487.6533       503.8341       477.4396       432.3238       389.7184       356.1895       332.1742       342.9637       383.1187       409.483        1.70141E+38    1.70141E+38    1.70141E+38    

221.9789       245.853        276.2836       305.0369       330.1403       359.6092       390.8713       423.5846       448.051        470.1845       496.2886       514.43         497.6058       461.3179       420.42         385.2209       364.3752       374.926        408.2836       432.8661       1.70141E+38    1.70141E+38    1.70141E+38    

236.6775       251.6964       283.982        321.4011       354.308        386.0212       420.8401       459.6281       490.2901       507.6778       523.1893       535.3511       522.2267       490.6444       446.6091       410.6441       401.7227       417.2573       438.8549       456.6003       1.70141E+38    1.70141E+38    1.70141E+38    

264.0807       261.899        286.9857       328.0029       368.6788       405.9113       437.1687       473.3934       506.207        529.8701       545.9579       555.1393       541.3307       506.1174       462.7669       437.7625       449.0063       468.2555       480.4821       483.9761       1.70141E+38    1.70141E+38    1.70141E+38    

303.7396       287.1707       288.9326       318.1417       355.2695       390.4255       420.0613       454.0814       491.4167       523.3703       549.8398       565.8082       556.0801       519.5424       480.0627       469.1879       492.7774       514.7783       519.6639       508.3405       1.70141E+38    1.70141E+38    1.70141E+38    

344.7513       329.7176       313.7282       325.0643       340.5324       369.6515       402.9193       432.6367       468.3126       506.3905       544.6618       572.2172       567.5213       534.0217       501.925        501.4576       523.0811       538.1968       538.8685       521.9174       1.70141E+38    1.70141E+38    1.70141E+38    

373.6709       368.6669       355.4482       364.6398       366.0352       380.834        415.4116       450.1685       484.0322       515.35         550.6331       581.47         582.6298       555.9893       530.416        525.4222       527.3663       530.686        527.3082       513.8671       1.70141E+38    1.70141E+38    1.70141E+38    

391.94         401.3646       396.1428       405.8331       411.5452       418.7626       445.7952       479.45         514.9496       545.2111       572.9541       593.6506       597.4568       579.74         554.8071       531.5106       509.3117       499.3643       492.6724       480.0989       1.70141E+38    1.70141E+38    1.70141E+38    

404.4561       421.7514       423.1968       429.7006       444.8849       460.4332       480.0948       502.7503       530.3175       555.8888       579.3082       598.0967       599.9985       592.9113       565.2371       524.8286       480.7814       454.4304       445.2851       437.5401       1.70141E+38    1.70141E+38    1.70141E+38    

391.2755       411.7757       414.2614       415.7935       438.92         459.7281       481.1768       502.444        524.3931       542.4175       562.5415       587.2184       600.0005       595.6838       569.2618       524.4133       475.3349       431.1541       405.6498       396.4956       1.70141E+38    1.70141E+38    1.70141E+38    

364.5281       375.6418       374.537        379.5665       402.4424       428.3408       451.98         470.6413       489.8918       507.75         536.4836       575.3264       595.8475       590.4862       559.9509       516.0541       471.3469       424.7601       383.3887       362.3623       1.70141E+38    1.70141E+38    1.70141E+38    

328.3335       336.4097       346.539        358.2238       376.7716       403.7563       422.0929       438.9182       463.5855       500.4252       537.7296       575.0962       585.7947       573.4365       544.2604       505.509        463.6758       420.0377       382.1294       349.7209       1.70141E+38    1.70141E+38    1.70141E+38    

315.8711       337.0106       362.8284       387.5133       404.6053       420.0376       438.0848       455.8888       480.9231       520.8458       559.4845       581.4681       578.2484       544.3605       511.9636       486.1241       459.4148       430.4418       400.0009       367.4409       1.70141E+38    1.70141E+38    1.70141E+38    

341.7181       371.2922       392.9145       414.1371       426.7752       442.336        458.3437       483.8579       510.5505       543.2996       571.2421       581.6452       570.2131       531.8596       486.1934       454.3209       434.0699       419.412        405.4132       381.5205       1.70141E+38    1.70141E+38    1.70141E+38    

351.5331       374.5161       385.6382       394.205        406.5802       426.5672       453.6519       494.3727       532.7629       555.4082       564.6947       562.1736       554.5048       530.1215       490.3204       449.5983       413.4817       389.287        377.3826       366.5138       1.70141E+38    1.70141E+38    1.70141E+38    

334.0321       348.5209       358.2693       372.8223       395.9159       424.9711       462.524        502.6941       533.1561       547.4778       541.7258       524.8375       517.8992       509.2057       487.6039       464.5179       428.5003       385.3816       354.3783       335.2133       1.70141E+38    1.70141E+38    1.70141E+38    

303.8015       325.0637       348.1394       380.168        415.3252       451.1874       486.0306       507.9113       518.7979       520.3829       510.0196       485.9325       474.7137       468.2369       454.371        454.4528       442.9048       408.3483       367.9754       334.9369       1.70141E+38    1.70141E+38    1.70141E+38    

1.70141E+38    1.70141E+38    1.70141E+38    1.70141E+38    1.70141E+38    1.70141E+38    1.70141E+38    1.70141E+38    1.70141E+38    1.70141E+38    1.70141E+38    1.70141E+38    1.70141E+38    1.70141E+38    1.70141E+38    1.70141E+38    1.70141E+38    1.70141E+38    1.70141E+38    1.70141E+38    1.70141E+38    1.70141E+38    1.70141E+38    

1.70141E+38    1.70141E+38    1.70141E+38    1.70141E+38    1.70141E+38    1.70141E+38    1.70141E+38    1.70141E+38    1.70141E+38    1.70141E+38    1.70141E+38    1.70141E+38    1.70141E+38    1.70141E+38    1.70141E+38    1.70141E+38    1.70141E+38    1.70141E+38    1.70141E+38    1.70141E+38    1.70141E+38    1.70141E+38    1.70141E+38    

1.70141E+38    1.70141E+38    1.70141E+38    1.70141E+38    1.70141E+38    1.70141E+38    1.70141E+38    1.70141E+38    1.70141E+38    1.70141E+38    1.70141E+38    1.70141E+38    1.70141E+38    1.70141E+38    1.70141E+38    1.70141E+38    1.70141E+38    1.70141E+38    1.70141E+38    1.70141E+38    1.70141E+38    1.70141E+38    1.70141E+38    

1.70141E+38    1.70141E+38    1.70141E+38    1.70141E+38    1.70141E+38    1.70141E+38    1.70141E+38    1.70141E+38    1.70141E+38    1.70141E+38    1.70141E+38    1.70141E+38    1.70141E+38    1.70141E+38    1.70141E+38    1.70141E+38    1.70141E+38    1.70141E+38    1.70141E+38    1.70141E+38    1.70141E+38    1.70141E+38    1.70141E+38    

1.70141E+38    1.70141E+38    1.70141E+38    1.70141E+38    1.70141E+38    1.70141E+38    1.70141E+38    1.70141E+38    1.70141E+38    1.70141E+38    1.70141E+38    1.70141E+38    1.70141E+38    1.70141E+38    1.70141E+38    1.70141E+38    1.70141E+38    1.70141E+38    1.70141E+38    1.70141E+38    1.70141E+38    1.70141E+38    1.70141E+38    

1.70141E+38    1.70141E+38    1.70141E+38    1.70141E+38    1.70141E+38    1.70141E+38    1.70141E+38    1.70141E+38    1.70141E+38    1.70141E+38    1.70141E+38    1.70141E+38    1.70141E+38    1.70141E+38    1.70141E+38    1.70141E+38    1.70141E+38    1.70141E+38    1.70141E+38    1.70141E+38    1.70141E+38    1.70141E+38    1.70141E+38    

1.70141E+38    1.70141E+38    1.70141E+38    1.70141E+38    1.70141E+38    1.70141E+38    1.70141E+38    1.70141E+38    1.70141E+38    1.70141E+38    1.70141E+38    1.70141E+38    1.70141E+38    1.70141E+38    1.70141E+38    1.70141E+38    1.70141E+38    1.70141E+38    1.70141E+38    1.70141E+38    1.70141E+38    1.70141E+38    1.70141E+38    

1.70141E+38    1.70141E+38    1.70141E+38    1.70141E+38    1.70141E+38    1.70141E+38    1.70141E+38    1.70141E+38    1.70141E+38    1.70141E+38    1.70141E+38    1.70141E+38    1.70141E+38    1.70141E+38    1.70141E+38    1.70141E+38    1.70141E+38    1.70141E+38    1.70141E+38    1.70141E+38    1.70141E+38    1.70141E+38    1.70141E+38    

