py_wake/examples/data/ParqueFicticio/Ridge area   Sector 3   Height 200m   Weibull-k.grd
DSAA
23  33
 262878   265078
 6504214   6507414
 2.712891   2.943359
1.70141E+38    1.70141E+38    1.70141E+38    1.70141E+38    1.70141E+38    1.70141E+38    1.70141E+38    1.70141E+38    1.70141E+38    1.70141E+38    1.70141E+38    1.70141E+38    1.70141E+38    1.70141E+38    1.70141E+38    1.70141E+38    1.70141E+38    1.70141E+38    1.70141E+38    1.70141E+38    1.70141E+38    1.70141E+38    1.70141E+38    

1.70141E+38    1.70141E+38    1.70141E+38    1.70141E+38    1.70141E+38    1.70141E+38    1.70141E+38    1.70141E+38    1.70141E+38    1.70141E+38    1.70141E+38    1.70141E+38    1.70141E+38    1.70141E+38    1.70141E+38    1.70141E+38    1.70141E+38    1.70141E+38    1.70141E+38    1.70141E+38    1.70141E+38    1.70141E+38    1.70141E+38    

1.70141E+38    1.70141E+38    1.70141E+38    1.70141E+38    1.70141E+38    1.70141E+38    1.70141E+38    1.70141E+38    1.70141E+38    1.70141E+38    1.70141E+38    1.70141E+38    1.70141E+38    1.70141E+38    1.70141E+38    1.70141E+38    1.70141E+38    1.70141E+38    1.70141E+38    1.70141E+38    1.70141E+38    1.70141E+38    1.70141E+38    

1.70141E+38    1.70141E+38    1.70141E+38    1.70141E+38    1.70141E+38    1.70141E+38    1.70141E+38    1.70141E+38    1.70141E+38    1.70141E+38    1.70141E+38    1.70141E+38    1.70141E+38    1.70141E+38    1.70141E+38    1.70141E+38    1.70141E+38    1.70141E+38    1.70141E+38    1.70141E+38    1.70141E+38    1.70141E+38    1.70141E+38    

1.70141E+38    1.70141E+38    1.70141E+38    1.70141E+38    1.70141E+38    1.70141E+38    1.70141E+38    1.70141E+38    1.70141E+38    1.70141E+38    1.70141E+38    1.70141E+38    1.70141E+38    1.70141E+38    1.70141E+38    1.70141E+38    1.70141E+38    1.70141E+38    1.70141E+38    1.70141E+38    1.70141E+38    1.70141E+38    1.70141E+38    

2.904297       2.896484       2.884766       2.869141       2.857422       2.841797       2.826172       2.810547       2.794922       2.783203       2.779297       2.783203       2.794922       2.814453       2.783203       2.822266       2.845703       2.837891       2.779297       2.716797       1.70141E+38    1.70141E+38    1.70141E+38    

2.904297       2.896484       2.888672       2.873047       2.861328       2.845703       2.830078       2.814453       2.798828       2.787109       2.779297       2.783203       2.798828       2.818359       2.837891       2.845703       2.845703       2.837891       2.767578       2.712891       1.70141E+38    1.70141E+38    1.70141E+38    

2.908203       2.896484       2.888672       2.873047       2.857422       2.841797       2.826172       2.806641       2.791016       2.779297       2.775391       2.779297       2.794922       2.822266       2.845703       2.849609       2.849609       2.833984       2.783203       2.732422       1.70141E+38    1.70141E+38    1.70141E+38    

2.916016       2.904297       2.896484       2.884766       2.869141       2.849609       2.830078       2.806641       2.787109       2.771484       2.767578       2.779297       2.794922       2.826172       2.857422       2.869141       2.861328       2.841797       2.810547       2.763672       1.70141E+38    1.70141E+38    1.70141E+38    

2.923828       2.916016       2.904297       2.896484       2.880859       2.869141       2.849609       2.830078       2.806641       2.783203       2.775391       2.783203       2.802734       2.837891       2.873047       2.884766       2.876953       2.861328       2.826172       2.787109       1.70141E+38    1.70141E+38    1.70141E+38    

2.923828       2.923828       2.912109       2.904297       2.892578       2.880859       2.865234       2.845703       2.826172       2.806641       2.794922       2.798828       2.818359       2.849609       2.888672       2.884766       2.892578       2.869141       2.822266       2.791016       1.70141E+38    1.70141E+38    1.70141E+38    

2.916016       2.923828       2.916016       2.908203       2.896484       2.884766       2.869141       2.853516       2.833984       2.814453       2.802734       2.806641       2.822266       2.857422       2.869141       2.849609       2.853516       2.837891       2.810547       2.794922       1.70141E+38    1.70141E+38    1.70141E+38    

2.919922       2.923828       2.923828       2.908203       2.896484       2.884766       2.869141       2.849609       2.830078       2.814453       2.802734       2.806641       2.822266       2.857422       2.830078       2.806641       2.810547       2.810547       2.810547       2.806641       1.70141E+38    1.70141E+38    1.70141E+38    

2.927734       2.927734       2.931641       2.919922       2.904297       2.888672       2.869141       2.849609       2.826172       2.810547       2.798828       2.806641       2.822266       2.853516       2.814453       2.779297       2.787109       2.791016       2.798828       2.806641       1.70141E+38    1.70141E+38    1.70141E+38    

2.935547       2.935547       2.939453       2.935547       2.923828       2.908203       2.888672       2.869141       2.845703       2.826172       2.810547       2.814453       2.826172       2.849609       2.822266       2.771484       2.775391       2.779297       2.791016       2.806641       1.70141E+38    1.70141E+38    1.70141E+38    

2.939453       2.943359       2.943359       2.943359       2.935547       2.927734       2.908203       2.888672       2.865234       2.845703       2.830078       2.822266       2.830078       2.849609       2.853516       2.775391       2.767578       2.767578       2.787109       2.814453       1.70141E+38    1.70141E+38    1.70141E+38    

2.939453       2.939453       2.943359       2.943359       2.935547       2.923828       2.912109       2.892578       2.873047       2.853516       2.833984       2.826172       2.826172       2.845703       2.869141       2.794922       2.763672       2.771484       2.798828       2.841797       1.70141E+38    1.70141E+38    1.70141E+38    

2.931641       2.931641       2.935547       2.935547       2.927734       2.916016       2.904297       2.884766       2.865234       2.845703       2.826172       2.818359       2.822266       2.837891       2.857422       2.880859       2.822266       2.802734       2.822266       2.880859       1.70141E+38    1.70141E+38    1.70141E+38    

2.919922       2.916016       2.916016       2.916016       2.912109       2.900391       2.888672       2.869141       2.849609       2.830078       2.814453       2.810547       2.818359       2.830078       2.849609       2.876953       2.896484       2.912109       2.912109       2.912109       1.70141E+38    1.70141E+38    1.70141E+38    

2.908203       2.904297       2.904297       2.904297       2.896484       2.888672       2.873047       2.857422       2.841797       2.826172       2.814453       2.810547       2.814453       2.822266       2.841797       2.865234       2.884766       2.896484       2.900391       2.900391       1.70141E+38    1.70141E+38    1.70141E+38    

2.908203       2.908203       2.908203       2.900391       2.880859       2.865234       2.857422       2.845703       2.841797       2.833984       2.822266       2.814453       2.810547       2.814453       2.830078       2.853516       2.873047       2.888672       2.892578       2.896484       1.70141E+38    1.70141E+38    1.70141E+38    

2.876953       2.888672       2.888672       2.876953       2.861328       2.841797       2.822266       2.810547       2.802734       2.826172       2.830078       2.822266       2.814453       2.810547       2.822266       2.841797       2.861328       2.876953       2.884766       2.892578       1.70141E+38    1.70141E+38    1.70141E+38    

2.849609       2.861328       2.861328       2.853516       2.833984       2.806641       2.787109       2.783203       2.794922       2.826172       2.830078       2.822266       2.814453       2.814453       2.822266       2.837891       2.845703       2.861328       2.869141       2.876953       1.70141E+38    1.70141E+38    1.70141E+38    

2.830078       2.833984       2.833984       2.830078       2.818359       2.798828       2.779297       2.775391       2.802734       2.833984       2.822266       2.810547       2.806641       2.814453       2.822266       2.833984       2.841797       2.845703       2.853516       2.857422       1.70141E+38    1.70141E+38    1.70141E+38    

2.826172       2.822266       2.830078       2.833984       2.833984       2.822266       2.810547       2.810547       2.830078       2.814453       2.798828       2.787109       2.787109       2.798828       2.814453       2.830078       2.837891       2.845703       2.845703       2.849609       1.70141E+38    1.70141E+38    1.70141E+38    

1.70141E+38    1.70141E+38    1.70141E+38    1.70141E+38    1.70141E+38    1.70141E+38    1.70141E+38    1.70141E+38    1.70141E+38    1.70141E+38    1.70141E+38    1.70141E+38    1.70141E+38    1.70141E+38    1.70141E+38    1.70141E+38    1.70141E+38    1.70141E+38    1.70141E+38    1.70141E+38    1.70141E+38    1.70141E+38    1.70141E+38    

1.70141E+38    1.70141E+38    1.70141E+38    1.70141E+38    1.70141E+38    1.70141E+38    1.70141E+38    1.70141E+38    1.70141E+38    1.70141E+38    1.70141E+38    1.70141E+38    1.70141E+38    1.70141E+38    1.70141E+38    1.70141E+38    1.70141E+38    1.70141E+38    1.70141E+38    1.70141E+38    1.70141E+38    1.70141E+38    1.70141E+38    

1.70141E+38    1.70141E+38    1.70141E+38    1.70141E+38    1.70141E+38    1.70141E+38    1.70141E+38    1.70141E+38    1.70141E+38    1.70141E+38    1.70141E+38    1.70141E+38    1.70141E+38    1.70141E+38    1.70141E+38    1.70141E+38    1.70141E+38    1.70141E+38    1.70141E+38    1.70141E+38    1.70141E+38    1.70141E+38    1.70141E+38    

1.70141E+38    1.70141E+38    1.70141E+38    1.70141E+38    1.70141E+38    1.70141E+38    1.70141E+38    1.70141E+38    1.70141E+38    1.70141E+38    1.70141E+38    1.70141E+38    1.70141E+38    1.70141E+38    1.70141E+38    1.70141E+38    1.70141E+38    1.70141E+38    1.70141E+38    1.70141E+38    1.70141E+38    1.70141E+38    1.70141E+38    

1.70141E+38    1.70141E+38    1.70141E+38    1.70141E+38    1.70141E+38    1.70141E+38    1.70141E+38    1.70141E+38    1.70141E+38    1.70141E+38    1.70141E+38    1.70141E+38    1.70141E+38    1.70141E+38    1.70141E+38    1.70141E+38    1.70141E+38    1.70141E+38    1.70141E+38    1.70141E+38    1.70141E+38    1.70141E+38    1.70141E+38    

1.70141E+38    1.70141E+38    1.70141E+38    1.70141E+38    1.70141E+38    1.70141E+38    1.70141E+38    1.70141E+38    1.70141E+38    1.70141E+38    1.70141E+38    1.70141E+38    1.70141E+38    1.70141E+38    1.70141E+38    1.70141E+38    1.70141E+38    1.70141E+38    1.70141E+38    1.70141E+38    1.70141E+38    1.70141E+38    1.70141E+38    

1.70141E+38    1.70141E+38    1.70141E+38    1.70141E+38    1.70141E+38    1.70141E+38    1.70141E+38    1.70141E+38    1.70141E+38    1.70141E+38    1.70141E+38    1.70141E+38    1.70141E+38    1.70141E+38    1.70141E+38    1.70141E+38    1.70141E+38    1.70141E+38    1.70141E+38    1.70141E+38    1.70141E+38    1.70141E+38    1.70141E+38    

1.70141E+38    1.70141E+38    1.70141E+38    1.70141E+38    1.70141E+38    1.70141E+38    1.70141E+38    1.70141E+38    1.70141E+38    1.70141E+38    1.70141E+38    1.70141E+38    1.70141E+38    1.70141E+38    1.70141E+38    1.70141E+38    1.70141E+38    1.70141E+38    1.70141E+38    1.70141E+38    1.70141E+38    1.70141E+38    1.70141E+38    

