py_wake/examples/data/ParqueFicticio/Ridge area   Sector 6   Height 30m   Weibull-A.grd
DSAA
23  33
 262878   265078
 6504214   6507414
 .7291983   7.614705
1.70141E+38    1.70141E+38    1.70141E+38    1.70141E+38    1.70141E+38    1.70141E+38    1.70141E+38    1.70141E+38    1.70141E+38    1.70141E+38    1.70141E+38    1.70141E+38    1.70141E+38    1.70141E+38    1.70141E+38    1.70141E+38    1.70141E+38    1.70141E+38    1.70141E+38    1.70141E+38    1.70141E+38    1.70141E+38    1.70141E+38    

1.70141E+38    1.70141E+38    1.70141E+38    1.70141E+38    1.70141E+38    1.70141E+38    1.70141E+38    1.70141E+38    1.70141E+38    1.70141E+38    1.70141E+38    1.70141E+38    1.70141E+38    1.70141E+38    1.70141E+38    1.70141E+38    1.70141E+38    1.70141E+38    1.70141E+38    1.70141E+38    1.70141E+38    1.70141E+38    1.70141E+38    

1.70141E+38    1.70141E+38    1.70141E+38    1.70141E+38    1.70141E+38    1.70141E+38    1.70141E+38    1.70141E+38    1.70141E+38    1.70141E+38    1.70141E+38    1.70141E+38    1.70141E+38    1.70141E+38    1.70141E+38    1.70141E+38    1.70141E+38    1.70141E+38    1.70141E+38    1.70141E+38    1.70141E+38    1.70141E+38    1.70141E+38    

1.70141E+38    1.70141E+38    1.70141E+38    1.70141E+38    1.70141E+38    1.70141E+38    1.70141E+38    1.70141E+38    1.70141E+38    1.70141E+38    1.70141E+38    1.70141E+38    1.70141E+38    1.70141E+38    1.70141E+38    1.70141E+38    1.70141E+38    1.70141E+38    1.70141E+38    1.70141E+38    1.70141E+38    1.70141E+38    1.70141E+38    

1.70141E+38    1.70141E+38    1.70141E+38    1.70141E+38    1.70141E+38    1.70141E+38    1.70141E+38    1.70141E+38    1.70141E+38    1.70141E+38    1.70141E+38    1.70141E+38    1.70141E+38    1.70141E+38    1.70141E+38    1.70141E+38    1.70141E+38    1.70141E+38    1.70141E+38    1.70141E+38    1.70141E+38    1.70141E+38    1.70141E+38    

4.802269       4.955124       5.335976       5.829124       6.243708       6.636586       6.710082       6.628678       6.358282       6.405122       6.373865       6.051074       5.708408       5.202565       4.77914        4.546857       3.673265       3.693278       4.269744       4.692918       1.70141E+38    1.70141E+38    1.70141E+38    

5.071793       5.038289       4.890891       4.993323       5.349674       5.791399       6.298687       6.6822         6.944741       6.955469       6.84457        6.473488       5.886645       5.0369         1.945891       3.03611        3.570962       3.62802        4.736223       4.965546       1.70141E+38    1.70141E+38    1.70141E+38    

4.864112       5.161407       5.264121       4.878319       4.380658       4.10028        4.213313       4.920307       5.821237       6.474867       6.919221       6.568192       5.793123       4.894066       2.461216       3.124941       3.404164       3.517611       4.848533       5.124344       1.70141E+38    1.70141E+38    1.70141E+38    

4.334208       4.636072       4.969069       4.977257       4.531668       4.030083       3.713362       3.797264       4.362928       5.274989       6.316257       6.700631       5.770594       4.759913       2.430247       3.228086       3.342026       3.221001       5.087003       5.403318       1.70141E+38    1.70141E+38    1.70141E+38    

3.726584       4.080174       4.558206       4.736651       4.605355       4.738589       5.01503        5.274445       5.101246       5.194051       5.909657       6.551607       6.088622       5.314011       2.274525       3.598681       4.012206       3.757926       4.918178       5.50604        1.70141E+38    1.70141E+38    1.70141E+38    

3.562121       3.47764        4.151163       4.863712       5.196259       5.436229       5.977269       6.531358       6.740743       6.521851       6.573417       6.795188       6.454338       5.959004       3.758307       5.151123       4.49184        4.677022       4.970272       5.537439       1.70141E+38    1.70141E+38    1.70141E+38    

3.770199       2.860757       3.183074       4.15981        5.040631       5.756039       6.085334       6.646546       7.061389       7.356582       7.32191        7.227266       6.744135       6.092797       5.843217       5.482642       5.576385       5.595601       5.632405       5.841875       1.70141E+38    1.70141E+38    1.70141E+38    

4.579064       2.948649       1.989274       2.265039       3.104716       3.855397       4.151736       4.552298       5.677328       6.536444       7.12552        7.394734       6.996188       6.158198       5.821512       5.597081       6.471257       6.845903       6.74478        6.543687       1.70141E+38    1.70141E+38    1.70141E+38    

5.701972       4.110983       2.38169        1.737679       1.171186       1.527025       2.026809       1.915514       2.963668       4.821218       6.37374        7.244182       6.965758       6.170156       5.753597       5.858906       6.863479       7.394392       7.614705       7.537863       1.70141E+38    1.70141E+38    1.70141E+38    

6.391409       5.303018       3.842201       3.366717       2.072481       1.629067       2.461313       3.225221       4.103696       4.849319       6.065761       7.065402       7.214883       6.459238       5.975909       6.050136       6.372631       6.700963       7.07259        7.509455       1.70141E+38    1.70141E+38    1.70141E+38    

6.633233       6.304689       5.311499       5.107378       4.304722       3.433005       3.837763       4.768848       5.793387       6.359668       6.862639       7.327309       7.495844       6.993039       6.241281       5.771737       5.027446       4.771248       5.406135       5.903248       1.70141E+38    1.70141E+38    1.70141E+38    

6.766199       6.908064       6.446901       6.143687       6.06707        5.800281       5.70697        5.833083       6.313035       6.686265       7.064853       7.399629       7.351629       7.191848       6.322814       5.138745       2.947489       1.509506       1.973088       2.754393       1.70141E+38    1.70141E+38    1.70141E+38    

5.606988       6.06882        5.840389       5.163183       5.435701       5.559949       5.643397       5.742736       5.924941       5.87119        6.112274       6.806977       7.163572       7.078708       6.582287       5.395474       3.394495       1.41236        .7635167       .8234658       1.70141E+38    1.70141E+38    1.70141E+38    

3.689532       3.565161       3.260452       2.642127       3.041931       3.691332       3.95414        3.823288       3.751463       3.415476       4.162359       6.038522       6.753362       6.888965       6.346056       5.308396       3.948728       2.17991        .950586        .7291983       1.70141E+38    1.70141E+38    1.70141E+38    

1.792054       2.113531       2.287597       1.857121       1.804871       2.192672       2.031116       1.789655       2.099175       3.234577       4.42378        5.791502       6.171748       6.209612       6.046419       5.334655       4.141341       2.731883       1.735057       1.133911       1.70141E+38    1.70141E+38    1.70141E+38    

2.159248       2.75312        3.164358       3.512099       3.500926       3.323535       3.344451       3.188586       3.410213       4.522305       5.527198       6.050901       5.985676       5.009876       4.666618       4.789472       4.687757       2.749076       2.536883       2.350818       1.70141E+38    1.70141E+38    1.70141E+38    

3.737983       4.542013       4.83329        5.149225       5.124954       5.056921       4.92654        4.944496       4.876671       5.312533       5.943772       6.358018       6.25933        3.025728       2.257848       2.398203       2.590599       2.860444       2.987271       3.100521       1.70141E+38    1.70141E+38    1.70141E+38    

4.384979       4.74175        4.572588       4.293061       4.086589       4.144937       4.383827       5.091508       5.677983       5.756018       5.717196       5.861905       6.288269       6.103566       3.019542       2.573451       2.258326       2.363784       2.582558       2.841083       1.70141E+38    1.70141E+38    1.70141E+38    

3.784211       3.762738       3.579137       3.498936       3.557826       3.792723       4.282888       4.888901       5.360204       5.493443       5.188807       4.673849       5.156211       5.821993       4.34441        3.284107       2.807443       2.301485       2.17984        2.233267       1.70141E+38    1.70141E+38    1.70141E+38    

2.756578       3.055722       3.351352       3.875873       4.349688       4.793107       5.100034       4.973612       4.821415       4.74645        4.437626       2.572394       2.882078       4.416852       4.841105       5.775383       5.976976       4.76822        2.424196       2.126452       1.70141E+38    1.70141E+38    1.70141E+38    

1.70141E+38    1.70141E+38    1.70141E+38    1.70141E+38    1.70141E+38    1.70141E+38    1.70141E+38    1.70141E+38    1.70141E+38    1.70141E+38    1.70141E+38    1.70141E+38    1.70141E+38    1.70141E+38    1.70141E+38    1.70141E+38    1.70141E+38    1.70141E+38    1.70141E+38    1.70141E+38    1.70141E+38    1.70141E+38    1.70141E+38    

1.70141E+38    1.70141E+38    1.70141E+38    1.70141E+38    1.70141E+38    1.70141E+38    1.70141E+38    1.70141E+38    1.70141E+38    1.70141E+38    1.70141E+38    1.70141E+38    1.70141E+38    1.70141E+38    1.70141E+38    1.70141E+38    1.70141E+38    1.70141E+38    1.70141E+38    1.70141E+38    1.70141E+38    1.70141E+38    1.70141E+38    

1.70141E+38    1.70141E+38    1.70141E+38    1.70141E+38    1.70141E+38    1.70141E+38    1.70141E+38    1.70141E+38    1.70141E+38    1.70141E+38    1.70141E+38    1.70141E+38    1.70141E+38    1.70141E+38    1.70141E+38    1.70141E+38    1.70141E+38    1.70141E+38    1.70141E+38    1.70141E+38    1.70141E+38    1.70141E+38    1.70141E+38    

1.70141E+38    1.70141E+38    1.70141E+38    1.70141E+38    1.70141E+38    1.70141E+38    1.70141E+38    1.70141E+38    1.70141E+38    1.70141E+38    1.70141E+38    1.70141E+38    1.70141E+38    1.70141E+38    1.70141E+38    1.70141E+38    1.70141E+38    1.70141E+38    1.70141E+38    1.70141E+38    1.70141E+38    1.70141E+38    1.70141E+38    

1.70141E+38    1.70141E+38    1.70141E+38    1.70141E+38    1.70141E+38    1.70141E+38    1.70141E+38    1.70141E+38    1.70141E+38    1.70141E+38    1.70141E+38    1.70141E+38    1.70141E+38    1.70141E+38    1.70141E+38    1.70141E+38    1.70141E+38    1.70141E+38    1.70141E+38    1.70141E+38    1.70141E+38    1.70141E+38    1.70141E+38    

1.70141E+38    1.70141E+38    1.70141E+38    1.70141E+38    1.70141E+38    1.70141E+38    1.70141E+38    1.70141E+38    1.70141E+38    1.70141E+38    1.70141E+38    1.70141E+38    1.70141E+38    1.70141E+38    1.70141E+38    1.70141E+38    1.70141E+38    1.70141E+38    1.70141E+38    1.70141E+38    1.70141E+38    1.70141E+38    1.70141E+38    

1.70141E+38    1.70141E+38    1.70141E+38    1.70141E+38    1.70141E+38    1.70141E+38    1.70141E+38    1.70141E+38    1.70141E+38    1.70141E+38    1.70141E+38    1.70141E+38    1.70141E+38    1.70141E+38    1.70141E+38    1.70141E+38    1.70141E+38    1.70141E+38    1.70141E+38    1.70141E+38    1.70141E+38    1.70141E+38    1.70141E+38    

1.70141E+38    1.70141E+38    1.70141E+38    1.70141E+38    1.70141E+38    1.70141E+38    1.70141E+38    1.70141E+38    1.70141E+38    1.70141E+38    1.70141E+38    1.70141E+38    1.70141E+38    1.70141E+38    1.70141E+38    1.70141E+38    1.70141E+38    1.70141E+38    1.70141E+38    1.70141E+38    1.70141E+38    1.70141E+38    1.70141E+38    

