py_wake/examples/data/ParqueFicticio/Ridge area   Sector 9   Height 30m   Weibull-A.grd
DSAA
23  33
 262878   265078
 6504214   6507414
 .4657267   10.82827
1.70141E+38    1.70141E+38    1.70141E+38    1.70141E+38    1.70141E+38    1.70141E+38    1.70141E+38    1.70141E+38    1.70141E+38    1.70141E+38    1.70141E+38    1.70141E+38    1.70141E+38    1.70141E+38    1.70141E+38    1.70141E+38    1.70141E+38    1.70141E+38    1.70141E+38    1.70141E+38    1.70141E+38    1.70141E+38    1.70141E+38    

1.70141E+38    1.70141E+38    1.70141E+38    1.70141E+38    1.70141E+38    1.70141E+38    1.70141E+38    1.70141E+38    1.70141E+38    1.70141E+38    1.70141E+38    1.70141E+38    1.70141E+38    1.70141E+38    1.70141E+38    1.70141E+38    1.70141E+38    1.70141E+38    1.70141E+38    1.70141E+38    1.70141E+38    1.70141E+38    1.70141E+38    

1.70141E+38    1.70141E+38    1.70141E+38    1.70141E+38    1.70141E+38    1.70141E+38    1.70141E+38    1.70141E+38    1.70141E+38    1.70141E+38    1.70141E+38    1.70141E+38    1.70141E+38    1.70141E+38    1.70141E+38    1.70141E+38    1.70141E+38    1.70141E+38    1.70141E+38    1.70141E+38    1.70141E+38    1.70141E+38    1.70141E+38    

1.70141E+38    1.70141E+38    1.70141E+38    1.70141E+38    1.70141E+38    1.70141E+38    1.70141E+38    1.70141E+38    1.70141E+38    1.70141E+38    1.70141E+38    1.70141E+38    1.70141E+38    1.70141E+38    1.70141E+38    1.70141E+38    1.70141E+38    1.70141E+38    1.70141E+38    1.70141E+38    1.70141E+38    1.70141E+38    1.70141E+38    

1.70141E+38    1.70141E+38    1.70141E+38    1.70141E+38    1.70141E+38    1.70141E+38    1.70141E+38    1.70141E+38    1.70141E+38    1.70141E+38    1.70141E+38    1.70141E+38    1.70141E+38    1.70141E+38    1.70141E+38    1.70141E+38    1.70141E+38    1.70141E+38    1.70141E+38    1.70141E+38    1.70141E+38    1.70141E+38    1.70141E+38    

4.916957       4.912354       4.998494       5.333223       5.764798       6.263455       6.551098       7.073147       7.448703       8.080133       8.933621       9.522109       9.505774       7.067519       3.712751       1.369858       1.335271       1.213731       1.870457       3.333538       1.70141E+38    1.70141E+38    1.70141E+38    

5.007423       5.036815       5.150094       5.463035       5.859947       6.220902       6.683138       7.27185        7.835451       8.43711        9.200633       9.667917       8.953941       3.612698       1.240048       1.58327        1.501691       1.397988       2.348546       4.520955       1.70141E+38    1.70141E+38    1.70141E+38    

4.950894       5.174483       5.53722        5.679584       5.692891       5.869263       6.170412       6.692499       7.390429       8.129622       8.986285       9.48231        8.120087       1.317214       .9220428       2.197094       2.132365       2.060963       3.006477       5.292908       1.70141E+38    1.70141E+38    1.70141E+38    

4.889729       5.129555       5.53636        5.661973       5.623458       5.746742       5.923344       6.36129        6.901154       7.504908       8.580793       9.309724       7.217565       1.318022       .6870141       1.671193       1.967199       2.471136       2.748452       6.080763       1.70141E+38    1.70141E+38    1.70141E+38    

4.843194       5.013783       5.344766       5.595197       5.658238       5.90792        6.205643       6.850977       7.360264       7.812252       8.552317       9.230424       7.771172       1.919722       .5385792       .6729323       2.32989        2.331361       4.143553       7.191256       1.70141E+38    1.70141E+38    1.70141E+38    

5.226128       5.169252       5.41           5.811867       6.097213       6.431318       6.783385       7.53353        8.257039       8.594824       8.972367       9.547985       8.634521       3.706462       1.087244       1.970421       1.993994       2.539816       4.318441       7.060399       1.70141E+38    1.70141E+38    1.70141E+38    

5.881322       5.396935       5.536842       6.188183       6.778402       7.250793       7.525764       7.965256       8.453945       8.768604       9.177804       9.686466       8.909868       5.231725       1.969905       1.732218       2.895968       3.469302       5.10613        6.702777       1.70141E+38    1.70141E+38    1.70141E+38    

6.604882       5.750458       5.118784       6.050946       6.690018       7.013275       7.051217       7.313046       7.756324       8.176655       8.830935       9.556683       9.019311       5.257606       1.99201        2.018501       3.785981       5.579098       6.605963       6.709917       1.70141E+38    1.70141E+38    1.70141E+38    

7.188668       6.451615       3.870451       4.928681       5.457504       6.088535       6.21654        6.281686       6.603693       7.218025       8.26701        9.464841       9.138577       5.541065       1.125317       2.560112       5.913826       7.450568       7.544673       6.637892       1.70141E+38    1.70141E+38    1.70141E+38    

7.46805        6.912707       5.343853       5.721601       5.198926       5.392577       6.119397       6.638312       7.175982       7.60464        8.449672       9.742278       9.396292       7.107225       2.747715       4.318061       5.874599       6.969478       6.935115       6.003701       1.70141E+38    1.70141E+38    1.70141E+38    

7.620859       7.504179       6.770353       6.766419       6.305218       5.77195        6.484078       7.259879       8.077789       8.666302       9.320872       9.866262       9.68549        8.686644       6.268448       4.869003       4.565014       4.980375       5.339044       4.879123       1.70141E+38    1.70141E+38    1.70141E+38    

8.121855       8.211725       7.738856       7.394266       7.417999       7.489183       7.776028       8.088127       8.664975       9.051827       9.287847       9.668827       9.401803       9.069155       7.107594       3.435376       2.029661       1.862146       2.188743       2.464698       1.70141E+38    1.70141E+38    1.70141E+38    

8.145023       8.137012       7.30531        6.510452       7.196044       7.552563       7.919679       8.166975       8.403192       8.184372       8.171167       8.851783       9.190134       8.87593        6.851725       3.480012       2.588454       1.384114       1.602518       1.326866       1.70141E+38    1.70141E+38    1.70141E+38    

7.676273       6.980261       4.992237       3.319667       4.309376       5.486429       6.296297       6.225445       5.87082        5.198309       5.899087       8.101611       8.886061       7.785693       4.659884       3.084882       2.619961       1.341501       .5372826       .6927407       1.70141E+38    1.70141E+38    1.70141E+38    

6.19742        4.371991       3.010496       2.980243       3.000727       2.810026       2.648192       2.413968       2.354469       4.654988       6.608983       8.713685       8.235374       5.570749       4.929348       2.401994       2.010842       1.533238       .6728606       .4657267       1.70141E+38    1.70141E+38    1.70141E+38    

5.386797       5.235147       5.766279       6.327692       6.46332        6.187434       5.787463       5.389318       5.410598       6.669661       8.739435       9.557523       7.679309       3.962147       2.391217       3.345568       2.475492       2.888994       3.182355       2.630586       1.70141E+38    1.70141E+38    1.70141E+38    

6.691787       7.399182       7.664253       7.912469       7.532969       7.412752       7.022407       7.155327       7.798427       9.165649       10.2081        9.616202       7.156749       3.709171       2.169112       2.153073       2.535136       2.942234       3.512175       3.745722       1.70141E+38    1.70141E+38    1.70141E+38    

7.579686       7.911266       7.489411       6.812692       6.233779       6.161977       6.518687       8.011455       9.713836       10.60226       10.51994       9.073748       6.877783       7.254158       4.079314       2.813799       2.221313       2.312927       3.054698       3.788851       1.70141E+38    1.70141E+38    1.70141E+38    

7.179421       6.697367       5.762225       5.282674       5.487161       5.863585       7.370874       9.445038       10.75988       10.82827       9.405046       6.661798       5.856091       5.729152       7.291315       6.609828       5.314009       3.452291       2.868223       2.978826       1.70141E+38    1.70141E+38    1.70141E+38    

5.857519       5.6175         5.474258       5.94553        6.876694       7.969576       9.523413       10.58757       10.60212       9.767325       8.195436       2.844361       5.112686       4.513849       3.098597       1.718109       2.46794        1.861116       4.584563       3.608471       1.70141E+38    1.70141E+38    1.70141E+38    

1.70141E+38    1.70141E+38    1.70141E+38    1.70141E+38    1.70141E+38    1.70141E+38    1.70141E+38    1.70141E+38    1.70141E+38    1.70141E+38    1.70141E+38    1.70141E+38    1.70141E+38    1.70141E+38    1.70141E+38    1.70141E+38    1.70141E+38    1.70141E+38    1.70141E+38    1.70141E+38    1.70141E+38    1.70141E+38    1.70141E+38    

1.70141E+38    1.70141E+38    1.70141E+38    1.70141E+38    1.70141E+38    1.70141E+38    1.70141E+38    1.70141E+38    1.70141E+38    1.70141E+38    1.70141E+38    1.70141E+38    1.70141E+38    1.70141E+38    1.70141E+38    1.70141E+38    1.70141E+38    1.70141E+38    1.70141E+38    1.70141E+38    1.70141E+38    1.70141E+38    1.70141E+38    

1.70141E+38    1.70141E+38    1.70141E+38    1.70141E+38    1.70141E+38    1.70141E+38    1.70141E+38    1.70141E+38    1.70141E+38    1.70141E+38    1.70141E+38    1.70141E+38    1.70141E+38    1.70141E+38    1.70141E+38    1.70141E+38    1.70141E+38    1.70141E+38    1.70141E+38    1.70141E+38    1.70141E+38    1.70141E+38    1.70141E+38    

1.70141E+38    1.70141E+38    1.70141E+38    1.70141E+38    1.70141E+38    1.70141E+38    1.70141E+38    1.70141E+38    1.70141E+38    1.70141E+38    1.70141E+38    1.70141E+38    1.70141E+38    1.70141E+38    1.70141E+38    1.70141E+38    1.70141E+38    1.70141E+38    1.70141E+38    1.70141E+38    1.70141E+38    1.70141E+38    1.70141E+38    

1.70141E+38    1.70141E+38    1.70141E+38    1.70141E+38    1.70141E+38    1.70141E+38    1.70141E+38    1.70141E+38    1.70141E+38    1.70141E+38    1.70141E+38    1.70141E+38    1.70141E+38    1.70141E+38    1.70141E+38    1.70141E+38    1.70141E+38    1.70141E+38    1.70141E+38    1.70141E+38    1.70141E+38    1.70141E+38    1.70141E+38    

1.70141E+38    1.70141E+38    1.70141E+38    1.70141E+38    1.70141E+38    1.70141E+38    1.70141E+38    1.70141E+38    1.70141E+38    1.70141E+38    1.70141E+38    1.70141E+38    1.70141E+38    1.70141E+38    1.70141E+38    1.70141E+38    1.70141E+38    1.70141E+38    1.70141E+38    1.70141E+38    1.70141E+38    1.70141E+38    1.70141E+38    

1.70141E+38    1.70141E+38    1.70141E+38    1.70141E+38    1.70141E+38    1.70141E+38    1.70141E+38    1.70141E+38    1.70141E+38    1.70141E+38    1.70141E+38    1.70141E+38    1.70141E+38    1.70141E+38    1.70141E+38    1.70141E+38    1.70141E+38    1.70141E+38    1.70141E+38    1.70141E+38    1.70141E+38    1.70141E+38    1.70141E+38    

1.70141E+38    1.70141E+38    1.70141E+38    1.70141E+38    1.70141E+38    1.70141E+38    1.70141E+38    1.70141E+38    1.70141E+38    1.70141E+38    1.70141E+38    1.70141E+38    1.70141E+38    1.70141E+38    1.70141E+38    1.70141E+38    1.70141E+38    1.70141E+38    1.70141E+38    1.70141E+38    1.70141E+38    1.70141E+38    1.70141E+38    

