py_wake/examples/data/ParqueFicticio/Ridge area   Sector 1   Height 30m   Weibull-A.grd
DSAA
23  33
 262878   265078
 6504214   6507414
 .4541442   5.774716
1.70141E+38    1.70141E+38    1.70141E+38    1.70141E+38    1.70141E+38    1.70141E+38    1.70141E+38    1.70141E+38    1.70141E+38    1.70141E+38    1.70141E+38    1.70141E+38    1.70141E+38    1.70141E+38    1.70141E+38    1.70141E+38    1.70141E+38    1.70141E+38    1.70141E+38    1.70141E+38    1.70141E+38    1.70141E+38    1.70141E+38    

1.70141E+38    1.70141E+38    1.70141E+38    1.70141E+38    1.70141E+38    1.70141E+38    1.70141E+38    1.70141E+38    1.70141E+38    1.70141E+38    1.70141E+38    1.70141E+38    1.70141E+38    1.70141E+38    1.70141E+38    1.70141E+38    1.70141E+38    1.70141E+38    1.70141E+38    1.70141E+38    1.70141E+38    1.70141E+38    1.70141E+38    

1.70141E+38    1.70141E+38    1.70141E+38    1.70141E+38    1.70141E+38    1.70141E+38    1.70141E+38    1.70141E+38    1.70141E+38    1.70141E+38    1.70141E+38    1.70141E+38    1.70141E+38    1.70141E+38    1.70141E+38    1.70141E+38    1.70141E+38    1.70141E+38    1.70141E+38    1.70141E+38    1.70141E+38    1.70141E+38    1.70141E+38    

1.70141E+38    1.70141E+38    1.70141E+38    1.70141E+38    1.70141E+38    1.70141E+38    1.70141E+38    1.70141E+38    1.70141E+38    1.70141E+38    1.70141E+38    1.70141E+38    1.70141E+38    1.70141E+38    1.70141E+38    1.70141E+38    1.70141E+38    1.70141E+38    1.70141E+38    1.70141E+38    1.70141E+38    1.70141E+38    1.70141E+38    

1.70141E+38    1.70141E+38    1.70141E+38    1.70141E+38    1.70141E+38    1.70141E+38    1.70141E+38    1.70141E+38    1.70141E+38    1.70141E+38    1.70141E+38    1.70141E+38    1.70141E+38    1.70141E+38    1.70141E+38    1.70141E+38    1.70141E+38    1.70141E+38    1.70141E+38    1.70141E+38    1.70141E+38    1.70141E+38    1.70141E+38    

2.279956       2.197967       2.476887       2.860165       3.115961       3.38871        3.305947       3.25872        3.234453       3.366862       3.415058       3.383908       3.428839       3.04246        2.074501       1.478448       1.218772       1.384347       1.566694       1.95409        1.70141E+38    1.70141E+38    1.70141E+38    

2.317578       2.197305       2.341488       2.575415       2.814053       3.060078       3.185796       3.417989       3.729234       3.821966       3.737449       3.635345       3.438614       2.818748       1.504139       1.202211       1.100118       1.488849       1.644199       2.163533       1.70141E+38    1.70141E+38    1.70141E+38    

2.129596       2.219487       2.563942       2.580655       2.431654       2.355972       2.219899       2.328295       2.823426       3.346203       3.628365       3.536669       3.175529       2.561836       1.80347        .9778999       1.153889       1.464838       1.456174       2.49907        1.70141E+38    1.70141E+38    1.70141E+38    

1.753718       1.906651       2.400951       2.585648       2.517389       2.340879       2.030782       1.736545       1.81283        2.364352       3.140618       3.526739       3.018716       2.423043       1.858084       .890061        1.174646       1.724774       1.726021       2.812477       1.70141E+38    1.70141E+38    1.70141E+38    

1.292886       1.558632       2.186271       2.496678       2.615648       2.736186       2.791051       2.766997       2.503663       2.568964       3.01952        3.458721       3.313834       3.029501       2.478355       1.494977       1.484859       .8678915       1.475128       3.010468       1.70141E+38    1.70141E+38    1.70141E+38    

1.074181       1.241544       2.072565       2.718824       3.095002       3.388024       3.687527       3.987506       4.074837       3.919973       3.817166       3.918753       3.844372       3.685181       3.049502       1.407054       .7904444       .6299197       1.564961       3.417719       1.70141E+38    1.70141E+38    1.70141E+38    

1.347079       .6445251       1.518186       2.640681       3.40979        3.998663       4.24924        4.398948       4.526792       4.582463       4.448052       4.337775       4.143398       3.767017       3.072636       2.657135       1.486195       1.959125       3.311522       4.181931       1.70141E+38    1.70141E+38    1.70141E+38    

2.366734       .4541442       .8519611       1.559983       2.222839       2.824144       3.031682       3.205832       3.532058       3.909779       4.214177       4.371839       4.282226       3.814136       2.846381       3.394444       3.944915       4.692246       4.976642       5.000679       1.70141E+38    1.70141E+38    1.70141E+38    

3.681497       2.299259       .9179564       .9648583       .9188104       1.38383        1.961505       1.965973       2.161448       2.733371       3.625508       4.282111       4.298653       3.882919       3.520447       4.146904       5.04257        5.587389       5.774716       5.663379       1.70141E+38    1.70141E+38    1.70141E+38    

4.319989       3.676004       2.341963       1.93078        .7204561       1.205262       2.321164       2.790552       2.917638       3.055483       3.727765       4.435343       4.59783        4.346505       4.225161       4.594239       5.008345       5.294739       5.482814       5.60882        1.70141E+38    1.70141E+38    1.70141E+38    

4.728745       4.608847       4.193254       4.05877        3.446396       2.926557       3.60972        4.037304       4.321705       4.498513       4.728192       4.917704       5.036066       4.929955       4.853846       4.486714       3.999473       4.10589        4.368871       4.58118        1.70141E+38    1.70141E+38    1.70141E+38    

5.294425       5.329298       5.280603       5.144004       5.00016        4.955044       4.99627        4.996355       5.020653       5.021936       5.022663       5.067283       5.012692       5.123002       4.931118       4.024422       2.037181       2.304655       2.981492       3.531312       1.70141E+38    1.70141E+38    1.70141E+38    

4.807179       4.939626       4.735394       4.304636       4.593812       4.787219       4.904333       4.896702       4.700423       4.322734       4.229414       4.624698       4.942936       5.0603         4.979774       3.051059       2.08132        1.90123        2.049743       2.355737       1.70141E+38    1.70141E+38    1.70141E+38    

3.891756       3.490902       2.815517       2.291291       2.633144       3.158959       3.313416       3.175972       2.872005       2.485807       2.787          4.163928       4.828296       4.952806       4.677367       4.185191       2.641007       2.175878       1.752842       1.898429       1.70141E+38    1.70141E+38    1.70141E+38    

2.725931       2.091067       1.527087       1.0618         1.159513       2.073119       1.875363       1.268529       1.067542       2.012432       2.993088       4.358641       4.68204        4.651454       4.45843        4.077267       3.571611       2.945855       2.373484       1.495929       1.70141E+38    1.70141E+38    1.70141E+38    

2.544605       2.23068        2.636013       2.96306        3.173453       3.161244       2.958576       2.545668       2.447196       3.469658       4.428037       4.819129       4.704556       3.981432       3.617709       3.694165       3.780561       3.698231       3.266146       2.708516       1.70141E+38    1.70141E+38    1.70141E+38    

3.999244       4.298222       4.491388       4.638392       4.487416       4.343697       4.067125       4.126969       4.166907       4.711833       5.17851        5.213074       4.856157       4.150889       3.16325        2.691007       2.916543       3.426634       3.818368       3.789843       1.70141E+38    1.70141E+38    1.70141E+38    

4.522023       4.534813       4.255054       3.757825       3.393301       3.27663        3.526691       4.461678       5.044921       5.285402       5.265568       5.00041        4.875813       4.70424        4.139094       3.172504       1.881122       1.659949       2.550933       3.269646       1.70141E+38    1.70141E+38    1.70141E+38    

3.897778       3.585187       3.205343       2.885856       2.771649       3.052493       3.89535        4.732033       5.140059       5.178898       4.762121       4.202033       4.194239       4.465645       4.539815       4.34396        3.589651       1.810173       1.366454       1.68158        1.70141E+38    1.70141E+38    1.70141E+38    

2.957794       2.999351       3.078007       3.554245       4.081947       4.513928       4.910463       5.012362       4.896826       4.598384       4.114746       3.53494        3.411797       3.616431       3.851619       4.343348       4.478529       3.891568       2.489549       1.378837       1.70141E+38    1.70141E+38    1.70141E+38    

1.70141E+38    1.70141E+38    1.70141E+38    1.70141E+38    1.70141E+38    1.70141E+38    1.70141E+38    1.70141E+38    1.70141E+38    1.70141E+38    1.70141E+38    1.70141E+38    1.70141E+38    1.70141E+38    1.70141E+38    1.70141E+38    1.70141E+38    1.70141E+38    1.70141E+38    1.70141E+38    1.70141E+38    1.70141E+38    1.70141E+38    

1.70141E+38    1.70141E+38    1.70141E+38    1.70141E+38    1.70141E+38    1.70141E+38    1.70141E+38    1.70141E+38    1.70141E+38    1.70141E+38    1.70141E+38    1.70141E+38    1.70141E+38    1.70141E+38    1.70141E+38    1.70141E+38    1.70141E+38    1.70141E+38    1.70141E+38    1.70141E+38    1.70141E+38    1.70141E+38    1.70141E+38    

1.70141E+38    1.70141E+38    1.70141E+38    1.70141E+38    1.70141E+38    1.70141E+38    1.70141E+38    1.70141E+38    1.70141E+38    1.70141E+38    1.70141E+38    1.70141E+38    1.70141E+38    1.70141E+38    1.70141E+38    1.70141E+38    1.70141E+38    1.70141E+38    1.70141E+38    1.70141E+38    1.70141E+38    1.70141E+38    1.70141E+38    

1.70141E+38    1.70141E+38    1.70141E+38    1.70141E+38    1.70141E+38    1.70141E+38    1.70141E+38    1.70141E+38    1.70141E+38    1.70141E+38    1.70141E+38    1.70141E+38    1.70141E+38    1.70141E+38    1.70141E+38    1.70141E+38    1.70141E+38    1.70141E+38    1.70141E+38    1.70141E+38    1.70141E+38    1.70141E+38    1.70141E+38    

1.70141E+38    1.70141E+38    1.70141E+38    1.70141E+38    1.70141E+38    1.70141E+38    1.70141E+38    1.70141E+38    1.70141E+38    1.70141E+38    1.70141E+38    1.70141E+38    1.70141E+38    1.70141E+38    1.70141E+38    1.70141E+38    1.70141E+38    1.70141E+38    1.70141E+38    1.70141E+38    1.70141E+38    1.70141E+38    1.70141E+38    

1.70141E+38    1.70141E+38    1.70141E+38    1.70141E+38    1.70141E+38    1.70141E+38    1.70141E+38    1.70141E+38    1.70141E+38    1.70141E+38    1.70141E+38    1.70141E+38    1.70141E+38    1.70141E+38    1.70141E+38    1.70141E+38    1.70141E+38    1.70141E+38    1.70141E+38    1.70141E+38    1.70141E+38    1.70141E+38    1.70141E+38    

1.70141E+38    1.70141E+38    1.70141E+38    1.70141E+38    1.70141E+38    1.70141E+38    1.70141E+38    1.70141E+38    1.70141E+38    1.70141E+38    1.70141E+38    1.70141E+38    1.70141E+38    1.70141E+38    1.70141E+38    1.70141E+38    1.70141E+38    1.70141E+38    1.70141E+38    1.70141E+38    1.70141E+38    1.70141E+38    1.70141E+38    

1.70141E+38    1.70141E+38    1.70141E+38    1.70141E+38    1.70141E+38    1.70141E+38    1.70141E+38    1.70141E+38    1.70141E+38    1.70141E+38    1.70141E+38    1.70141E+38    1.70141E+38    1.70141E+38    1.70141E+38    1.70141E+38    1.70141E+38    1.70141E+38    1.70141E+38    1.70141E+38    1.70141E+38    1.70141E+38    1.70141E+38    

