py_wake/examples/data/ParqueFicticio/Ridge area   Sector 9   Height 30m   Turbulence intensity.grd
DSAA
23  33
 262878   265078
 6504214   6507414
 9.206082   100
1.70141E+38    1.70141E+38    1.70141E+38    1.70141E+38    1.70141E+38    1.70141E+38    1.70141E+38    1.70141E+38    1.70141E+38    1.70141E+38    1.70141E+38    1.70141E+38    1.70141E+38    1.70141E+38    1.70141E+38    1.70141E+38    1.70141E+38    1.70141E+38    1.70141E+38    1.70141E+38    1.70141E+38    1.70141E+38    1.70141E+38    

1.70141E+38    1.70141E+38    1.70141E+38    1.70141E+38    1.70141E+38    1.70141E+38    1.70141E+38    1.70141E+38    1.70141E+38    1.70141E+38    1.70141E+38    1.70141E+38    1.70141E+38    1.70141E+38    1.70141E+38    1.70141E+38    1.70141E+38    1.70141E+38    1.70141E+38    1.70141E+38    1.70141E+38    1.70141E+38    1.70141E+38    

1.70141E+38    1.70141E+38    1.70141E+38    1.70141E+38    1.70141E+38    1.70141E+38    1.70141E+38    1.70141E+38    1.70141E+38    1.70141E+38    1.70141E+38    1.70141E+38    1.70141E+38    1.70141E+38    1.70141E+38    1.70141E+38    1.70141E+38    1.70141E+38    1.70141E+38    1.70141E+38    1.70141E+38    1.70141E+38    1.70141E+38    

1.70141E+38    1.70141E+38    1.70141E+38    1.70141E+38    1.70141E+38    1.70141E+38    1.70141E+38    1.70141E+38    1.70141E+38    1.70141E+38    1.70141E+38    1.70141E+38    1.70141E+38    1.70141E+38    1.70141E+38    1.70141E+38    1.70141E+38    1.70141E+38    1.70141E+38    1.70141E+38    1.70141E+38    1.70141E+38    1.70141E+38    

1.70141E+38    1.70141E+38    1.70141E+38    1.70141E+38    1.70141E+38    1.70141E+38    1.70141E+38    1.70141E+38    1.70141E+38    1.70141E+38    1.70141E+38    1.70141E+38    1.70141E+38    1.70141E+38    1.70141E+38    1.70141E+38    1.70141E+38    1.70141E+38    1.70141E+38    1.70141E+38    1.70141E+38    1.70141E+38    1.70141E+38    

18.13583       18.31262       18.44          17.80618       16.80667       15.51095       14.82965       13.80785       13.0182        12.09222       10.76933       9.923054       9.825409       15.88589       30.19899       100            100            100            100            59.98862       1.70141E+38    1.70141E+38    1.70141E+38    

17.87313       17.96417       17.65262       16.73094       15.70078       14.91856       14.00177       12.99777       12.03511       11.20107       10.25421       9.559376       10.14685       37.30358       100            84.83849       100            100            84.33807       42.29899       1.70141E+38    1.70141E+38    1.70141E+38    

17.99927       17.5453        16.44492       15.71569       15.5523        15.1603        14.5928        13.76518       12.55631       11.46524       10.51505       9.839149       11.76584       73.15925       88.14835       57.19639       69.79699       85.52916       62.43075       34.73841       1.70141E+38    1.70141E+38    1.70141E+38    

17.9575        17.47116       16.23823       15.72282       15.83886       15.74631       15.68809       15.19238       14.24659       13.072         11.45037       10.44172       14.87828       90.42737       100            67.86774       66.50625       64.47105       69.64248       28.28164       1.70141E+38    1.70141E+38    1.70141E+38    

17.84009       17.78443       16.94134       16.25115       16.18718       15.69229       15.31764       14.43447       13.5985        12.83635       11.86598       10.92765       13.71018       66.28335       100            100            69.32135       81.68586       49.26163       22.64393       1.70141E+38    1.70141E+38    1.70141E+38    

16.39213       17.49277       16.97268       16.03351       15.45168       14.7566        14.33688       13.11011       11.83535       11.2196        10.8457        10.19184       11.15248       43.49742       100            68.66212       80.69429       74.26008       45.68621       23.47321       1.70141E+38    1.70141E+38    1.70141E+38    

14.68412       16.84931       17.29522       15.4892        14.00546       13.00316       12.61514       12.04263       11.20979       10.71075       10.24586       9.711663       10.39855       27.70051       73.40582       93.4322        62.82973       54.59192       37.07946       25.64456       1.70141E+38    1.70141E+38    1.70141E+38    

13.43274       15.66095       22.13799       16.00487       13.96231       12.94236       12.84025       12.59032       12.01968       11.50034       10.73651       9.911602       10.31994       25.98571       79.60808       94.99308       50.51285       34.25776       27.38289       24.64211       1.70141E+38    1.70141E+38    1.70141E+38    

12.63892       13.78004       35.04099       26.78281       20.50528       15.51812       15.14501       16.12822       16.3343        14.67632       12.37001       10.55942       10.58369       23.67513       100            80.76155       30.8959        22.9472        21.88813       23.8625        1.70141E+38    1.70141E+38    1.70141E+38    

12.35565       12.92778       19.29882       17.89229       19.31348       18.7238        16.28659       15.05848       14.22646       13.83674       12.46657       10.45654       10.51229       17.01618       65.5699        42.1769        29.68115       23.22074       22.21121       24.69048       1.70141E+38    1.70141E+38    1.70141E+38    

12.25371       12.04704       14.27177       14.76625       16.05102       18.11502       15.9967        13.97987       12.36361       11.38551       10.5645        9.968979       9.925746       11.54383       22.62          31.11869       32.58088       29.45028       26.65638       28.30444       1.70141E+38    1.70141E+38    1.70141E+38    

11.53224       11.03873       11.9406        13.25899       13.35793       13.53608       13.2255        12.60827       11.50099       10.69493       10.20232       9.807442       10.03054       10.34466       15.79259       35.99974       55.09168       61.68595       55.19236       50.79358       1.70141E+38    1.70141E+38    1.70141E+38    

11.23001       10.92413       12.44878       15.27956       13.6786        13.02009       12.46493       12.05974       11.50065       11.6035        11.90934       10.99997       10.43826       10.57485       15.2895        33.55604       44.06639       84.28237       72.34689       86.6943        1.70141E+38    1.70141E+38    1.70141E+38    

11.46085       12.73765       22.53164       45.06446       31.19292       21.34967       16.9883        17.31814       20.60134       26.96094       22.96045       14.20174       11.53567       12.87821       20.82233       31.96704       42.01508       85.91134       100            100            1.70141E+38    1.70141E+38    1.70141E+38    

15.03838       26.18039       58.05516       48.18448       46.49828       47.46216       45.81241       46.52995       49.82382       35.73673       21.5613        13.70919       13.44646       19.73587       20.54043       31.3877        39.83799       75.87822       100            100            1.70141E+38    1.70141E+38    1.70141E+38    

19.1415        22.14513       20.18526       17.89024       18.0456        21.73899       25.85358       28.83481       27.35456       20.09843       13.86199       11.83075       15.11968       29.72404       47.10953       35.43798       43.10442       48.57214       42.47107       48.43161       1.70141E+38    1.70141E+38    1.70141E+38    

14.36273       13.08206       12.71897       12.30198       12.92846       12.99441       14.38226       14.9772        14.37179       12.16488       10.71014       11.21863       17.38307       37.23568       57.77163       61.33925       53.90813       47.44587       40.09849       37.36258       1.70141E+38    1.70141E+38    1.70141E+38    

12.26867       11.6473        12.38987       14.05351       16.37143       17.01409       16.27297       12.95437       10.45659       9.559866       9.90138        11.74152       18.73171       18.33537       30.59819       44.1595        58.6815        60.06165       47.57955       38.85144       1.70141E+38    1.70141E+38    1.70141E+38    

12.29317       13.31726       17.27995       20.86239       20.79014       19.84706       15.28595       11.17474       9.481115       9.206082       11.18085       20.71258       23.15987       22.01863       18.32701       20.06018       24.56445       38.76381       47.71583       47.37302       1.70141E+38    1.70141E+38    1.70141E+38    

15.2491        17.20038       18.9506        18.05097       15.62757       13.40582       10.98347       9.749029       9.585563       10.15573       13.49003       53.93388       33.7273        33.49065       45.99803       72.30815       51.77195       60.17445       30.51842       38.61609       1.70141E+38    1.70141E+38    1.70141E+38    

1.70141E+38    1.70141E+38    1.70141E+38    1.70141E+38    1.70141E+38    1.70141E+38    1.70141E+38    1.70141E+38    1.70141E+38    1.70141E+38    1.70141E+38    1.70141E+38    1.70141E+38    1.70141E+38    1.70141E+38    1.70141E+38    1.70141E+38    1.70141E+38    1.70141E+38    1.70141E+38    1.70141E+38    1.70141E+38    1.70141E+38    

1.70141E+38    1.70141E+38    1.70141E+38    1.70141E+38    1.70141E+38    1.70141E+38    1.70141E+38    1.70141E+38    1.70141E+38    1.70141E+38    1.70141E+38    1.70141E+38    1.70141E+38    1.70141E+38    1.70141E+38    1.70141E+38    1.70141E+38    1.70141E+38    1.70141E+38    1.70141E+38    1.70141E+38    1.70141E+38    1.70141E+38    

1.70141E+38    1.70141E+38    1.70141E+38    1.70141E+38    1.70141E+38    1.70141E+38    1.70141E+38    1.70141E+38    1.70141E+38    1.70141E+38    1.70141E+38    1.70141E+38    1.70141E+38    1.70141E+38    1.70141E+38    1.70141E+38    1.70141E+38    1.70141E+38    1.70141E+38    1.70141E+38    1.70141E+38    1.70141E+38    1.70141E+38    

1.70141E+38    1.70141E+38    1.70141E+38    1.70141E+38    1.70141E+38    1.70141E+38    1.70141E+38    1.70141E+38    1.70141E+38    1.70141E+38    1.70141E+38    1.70141E+38    1.70141E+38    1.70141E+38    1.70141E+38    1.70141E+38    1.70141E+38    1.70141E+38    1.70141E+38    1.70141E+38    1.70141E+38    1.70141E+38    1.70141E+38    

1.70141E+38    1.70141E+38    1.70141E+38    1.70141E+38    1.70141E+38    1.70141E+38    1.70141E+38    1.70141E+38    1.70141E+38    1.70141E+38    1.70141E+38    1.70141E+38    1.70141E+38    1.70141E+38    1.70141E+38    1.70141E+38    1.70141E+38    1.70141E+38    1.70141E+38    1.70141E+38    1.70141E+38    1.70141E+38    1.70141E+38    

1.70141E+38    1.70141E+38    1.70141E+38    1.70141E+38    1.70141E+38    1.70141E+38    1.70141E+38    1.70141E+38    1.70141E+38    1.70141E+38    1.70141E+38    1.70141E+38    1.70141E+38    1.70141E+38    1.70141E+38    1.70141E+38    1.70141E+38    1.70141E+38    1.70141E+38    1.70141E+38    1.70141E+38    1.70141E+38    1.70141E+38    

1.70141E+38    1.70141E+38    1.70141E+38    1.70141E+38    1.70141E+38    1.70141E+38    1.70141E+38    1.70141E+38    1.70141E+38    1.70141E+38    1.70141E+38    1.70141E+38    1.70141E+38    1.70141E+38    1.70141E+38    1.70141E+38    1.70141E+38    1.70141E+38    1.70141E+38    1.70141E+38    1.70141E+38    1.70141E+38    1.70141E+38    

1.70141E+38    1.70141E+38    1.70141E+38    1.70141E+38    1.70141E+38    1.70141E+38    1.70141E+38    1.70141E+38    1.70141E+38    1.70141E+38    1.70141E+38    1.70141E+38    1.70141E+38    1.70141E+38    1.70141E+38    1.70141E+38    1.70141E+38    1.70141E+38    1.70141E+38    1.70141E+38    1.70141E+38    1.70141E+38    1.70141E+38    

