py_wake/examples/data/ParqueFicticio/Ridge area   Sector 2   Height 30m   Flow inclination.grd
DSAA
23  33
 262878   265078
 6504214   6507414
-19.18418   19.50604
1.70141E+38    1.70141E+38    1.70141E+38    1.70141E+38    1.70141E+38    1.70141E+38    1.70141E+38    1.70141E+38    1.70141E+38    1.70141E+38    1.70141E+38    1.70141E+38    1.70141E+38    1.70141E+38    1.70141E+38    1.70141E+38    1.70141E+38    1.70141E+38    1.70141E+38    1.70141E+38    1.70141E+38    1.70141E+38    1.70141E+38    

1.70141E+38    1.70141E+38    1.70141E+38    1.70141E+38    1.70141E+38    1.70141E+38    1.70141E+38    1.70141E+38    1.70141E+38    1.70141E+38    1.70141E+38    1.70141E+38    1.70141E+38    1.70141E+38    1.70141E+38    1.70141E+38    1.70141E+38    1.70141E+38    1.70141E+38    1.70141E+38    1.70141E+38    1.70141E+38    1.70141E+38    

1.70141E+38    1.70141E+38    1.70141E+38    1.70141E+38    1.70141E+38    1.70141E+38    1.70141E+38    1.70141E+38    1.70141E+38    1.70141E+38    1.70141E+38    1.70141E+38    1.70141E+38    1.70141E+38    1.70141E+38    1.70141E+38    1.70141E+38    1.70141E+38    1.70141E+38    1.70141E+38    1.70141E+38    1.70141E+38    1.70141E+38    

1.70141E+38    1.70141E+38    1.70141E+38    1.70141E+38    1.70141E+38    1.70141E+38    1.70141E+38    1.70141E+38    1.70141E+38    1.70141E+38    1.70141E+38    1.70141E+38    1.70141E+38    1.70141E+38    1.70141E+38    1.70141E+38    1.70141E+38    1.70141E+38    1.70141E+38    1.70141E+38    1.70141E+38    1.70141E+38    1.70141E+38    

1.70141E+38    1.70141E+38    1.70141E+38    1.70141E+38    1.70141E+38    1.70141E+38    1.70141E+38    1.70141E+38    1.70141E+38    1.70141E+38    1.70141E+38    1.70141E+38    1.70141E+38    1.70141E+38    1.70141E+38    1.70141E+38    1.70141E+38    1.70141E+38    1.70141E+38    1.70141E+38    1.70141E+38    1.70141E+38    1.70141E+38    

-8.858685      -9.105619      -9.268604      -10.23606      -11.23271      -11.77761      -13.93904      -16.27346      -17.2114       -15.86096      -12.28117      -9.418445      -2.607738      5.239405       8.019698       10.24082       3.626158       -6.713753      -6.719347      -9.371462      1.70141E+38    1.70141E+38    1.70141E+38    

-8.904855      -11.0699       -12.10753      -10.70688      -8.949788      -7.951914      -7.816904      -9.204731      -10.73608      -11.59807      -9.191198      -5.536341      .4669268       5.617584       10.1649        9.402994       -7.359283      -14.2076       -9.880039      -12.46962      1.70141E+38    1.70141E+38    1.70141E+38    

-8.401493      -10.03053      -11.7686       -11.85621      -11.47697      -11.32611      -10.44724      -9.866856      -8.796743      -8.421388      -7.06925       -2.836042      2.966844       4.222863       5.590816       3.232425       -15.25795      -15.62263      -15.00638      -12.40851      1.70141E+38    1.70141E+38    1.70141E+38    

-8.523812      -9.521592      -9.742809      -10.98905      -13.08079      -15.77378      -17.75306      -17.44788      -14.66377      -11.68852      -9.089273      -2.996881      2.167245       1.230355       -5.568769      -8.798715      -8.022783      -18.08094      -14.89694      -10.70901      1.70141E+38    1.70141E+38    1.70141E+38    

-10.03684      -11.12731      -12.05439      -13.31208      -15.09823      -16.1581       -18.09714      -19.18418      -18.26847      -15.83895      -12.19291      -5.992443      -.991174       -1.033845      -3.688385      -15.12487      -2.820435      -17.61338      -14.76779      -9.736058      1.70141E+38    1.70141E+38    1.70141E+38    

-11.14481      -11.75572      -12.33298      -13.41152      -14.9313       -15.5688       -15.89346      -15.91978      -15.3331       -14.38861      -12.2284       -7.126963      -1.874566      .3716171       -3.632317      -14.72038      2.378151       -10.18896      -14.44815      -9.444487      1.70141E+38    1.70141E+38    1.70141E+38    

-11.97871      -11.8454       -11.75185      -11.44918      -10.61343      -10.20253      -9.685672      -9.117464      -8.226752      -8.574964      -8.673911      -5.44617       -.3115359      1.522341       -3.938257      -14.08618      2.623379       -12.84149      -12.46621      -7.066311      1.70141E+38    1.70141E+38    1.70141E+38    

-12.38373      -8.858233      -13.61417      -11.55559      -7.798749      -4.992786      -3.695438      -4.494354      -5.107952      -5.930195      -6.450754      -3.820424      .06972955      1.461894       -5.448224      -9.298289      -7.392492      -9.415839      -7.603067      -2.472248      1.70141E+38    1.70141E+38    1.70141E+38    

-12.66677      -11.52013      -13.22805      -11.30131      -12.6051       -6.060305      -11.85121      -12.12109      -12.46517      -10.90803      -9.114377      -6.263461      -.7249518      .4787518       -4.701074      -4.913686      -4.718893      -2.760065      .6092281       3.799435       1.70141E+38    1.70141E+38    1.70141E+38    

-11.89195      -11.47784      -14.60768      -15.44614      -11.62802      -18.69354      -17.45743      -16.49599      -16.03819      -15.33725      -12.66706      -7.119997      -2.06663       -1.414156      -3.863013      -2.060195      2.911512       7.53583        10.55607       12.5535        1.70141E+38    1.70141E+38    1.70141E+38    

-10.87926      -10.53395      -12.72313      -13.6971       -15.18737      -17.99826      -17.51112      -15.59928      -14.04438      -12.52293      -10.28485      -6.308063      -1.947769      -.4792181      .741519        6.403627       13.47477       16.76924       18.49722       18.7564        1.70141E+38    1.70141E+38    1.70141E+38    

-5.727005      -4.421865      -4.96085       -6.132535      -8.215877      -10.6588       -11.21946      -10.44344      -8.06966       -5.226101      -3.541575      -1.932184      .08185865      2.432916       6.112848       11.48125       16.54505       18.0186        19.50604       19.49585       1.70141E+38    1.70141E+38    1.70141E+38    

.7699781       3.920219       5.612048       3.399048       .5481152       -1.157146      -1.976137      -1.259572      .03190304      .9328677       .1806514       -.5476063      .8782168       5.112177       10.50671       13.09292       12.95672       10.23271       16.19312       13.50952       1.70141E+38    1.70141E+38    1.70141E+38    

4.495427       6.965988       6.580776       3.397591       2.4241         2.075078       1.093495       -.765326       -3.079262      -6.657757      -5.057147      -2.410093      2.538049       9.022795       13.80568       15.09678       12.93862       11.50917       12.15176       12.69691       1.70141E+38    1.70141E+38    1.70141E+38    

-1.074291      -5.319711      -8.49168       -9.472528      -9.187157      -7.824773      -9.507952      -10.65436      -2.829126      -10.51586      -8.807916      -4.03934       4.860694       13.1877        17.10261       15.94305       12.9395        6.852337       6.736259       5.694887       1.70141E+38    1.70141E+38    1.70141E+38    

-9.870713      -10.77392      -11.67096      -12.18858      -11.85502      -11.87201      -11.82039      -12.79272      -3.590624      -9.349496      -8.248681      -1.3215        7.741226       16.07047       18.55219       17.37558       13.46269       8.754484       4.622743       3.559395       1.70141E+38    1.70141E+38    1.70141E+38    

-10.69718      -9.210779      -7.544003      -4.626699      -4.854312      -6.098639      -8.154799      -10.79206      -10.79674      -8.395445      -2.721955      3.595263       10.21041       13.98265       14.18191       13.98991       14.45758       12.95954       10.08529       7.718558       1.70141E+38    1.70141E+38    1.70141E+38    

-4.594562      -.7446944      1.021659       -.4654274      -4.549978      -8.076629      -8.469721      -8.578501      -7.348114      -3.108294      5.750693       11.55968       13.77015       13.75171       11.0937        8.915534       8.276655       9.816529       12.2403        13.29977       1.70141E+38    1.70141E+38    1.70141E+38    

3.07778        3.012403       -2.485771      -7.008067      2.467995       -1.29571       -9.836677      -6.837729      -.2408587      6.495311       14.22122       17.73262       16.99991       17.35604       13.88941       8.250387       7.05762        6.044747       5.038122       7.110414       1.70141E+38    1.70141E+38    1.70141E+38    

-1.603749      -5.370667      -8.922589      -10.78927      -11.69724      -11.39886      -8.112364      -1.549112      6.620714       11.60184       15.22568       17.90504       17.20694       18.34775       16.67114       11.66565       7.184406       4.596039       2.963146       .7880942       1.70141E+38    1.70141E+38    1.70141E+38    

1.70141E+38    1.70141E+38    1.70141E+38    1.70141E+38    1.70141E+38    1.70141E+38    1.70141E+38    1.70141E+38    1.70141E+38    1.70141E+38    1.70141E+38    1.70141E+38    1.70141E+38    1.70141E+38    1.70141E+38    1.70141E+38    1.70141E+38    1.70141E+38    1.70141E+38    1.70141E+38    1.70141E+38    1.70141E+38    1.70141E+38    

1.70141E+38    1.70141E+38    1.70141E+38    1.70141E+38    1.70141E+38    1.70141E+38    1.70141E+38    1.70141E+38    1.70141E+38    1.70141E+38    1.70141E+38    1.70141E+38    1.70141E+38    1.70141E+38    1.70141E+38    1.70141E+38    1.70141E+38    1.70141E+38    1.70141E+38    1.70141E+38    1.70141E+38    1.70141E+38    1.70141E+38    

1.70141E+38    1.70141E+38    1.70141E+38    1.70141E+38    1.70141E+38    1.70141E+38    1.70141E+38    1.70141E+38    1.70141E+38    1.70141E+38    1.70141E+38    1.70141E+38    1.70141E+38    1.70141E+38    1.70141E+38    1.70141E+38    1.70141E+38    1.70141E+38    1.70141E+38    1.70141E+38    1.70141E+38    1.70141E+38    1.70141E+38    

1.70141E+38    1.70141E+38    1.70141E+38    1.70141E+38    1.70141E+38    1.70141E+38    1.70141E+38    1.70141E+38    1.70141E+38    1.70141E+38    1.70141E+38    1.70141E+38    1.70141E+38    1.70141E+38    1.70141E+38    1.70141E+38    1.70141E+38    1.70141E+38    1.70141E+38    1.70141E+38    1.70141E+38    1.70141E+38    1.70141E+38    

1.70141E+38    1.70141E+38    1.70141E+38    1.70141E+38    1.70141E+38    1.70141E+38    1.70141E+38    1.70141E+38    1.70141E+38    1.70141E+38    1.70141E+38    1.70141E+38    1.70141E+38    1.70141E+38    1.70141E+38    1.70141E+38    1.70141E+38    1.70141E+38    1.70141E+38    1.70141E+38    1.70141E+38    1.70141E+38    1.70141E+38    

1.70141E+38    1.70141E+38    1.70141E+38    1.70141E+38    1.70141E+38    1.70141E+38    1.70141E+38    1.70141E+38    1.70141E+38    1.70141E+38    1.70141E+38    1.70141E+38    1.70141E+38    1.70141E+38    1.70141E+38    1.70141E+38    1.70141E+38    1.70141E+38    1.70141E+38    1.70141E+38    1.70141E+38    1.70141E+38    1.70141E+38    

1.70141E+38    1.70141E+38    1.70141E+38    1.70141E+38    1.70141E+38    1.70141E+38    1.70141E+38    1.70141E+38    1.70141E+38    1.70141E+38    1.70141E+38    1.70141E+38    1.70141E+38    1.70141E+38    1.70141E+38    1.70141E+38    1.70141E+38    1.70141E+38    1.70141E+38    1.70141E+38    1.70141E+38    1.70141E+38    1.70141E+38    

1.70141E+38    1.70141E+38    1.70141E+38    1.70141E+38    1.70141E+38    1.70141E+38    1.70141E+38    1.70141E+38    1.70141E+38    1.70141E+38    1.70141E+38    1.70141E+38    1.70141E+38    1.70141E+38    1.70141E+38    1.70141E+38    1.70141E+38    1.70141E+38    1.70141E+38    1.70141E+38    1.70141E+38    1.70141E+38    1.70141E+38    

