py_wake/examples/data/ParqueFicticio/Ridge area   Sector 3   Height 200m   Turbulence intensity.grd
DSAA
23  33
 262878   265078
 6504214   6507414
 11.33983   22.4769
1.70141E+38    1.70141E+38    1.70141E+38    1.70141E+38    1.70141E+38    1.70141E+38    1.70141E+38    1.70141E+38    1.70141E+38    1.70141E+38    1.70141E+38    1.70141E+38    1.70141E+38    1.70141E+38    1.70141E+38    1.70141E+38    1.70141E+38    1.70141E+38    1.70141E+38    1.70141E+38    1.70141E+38    1.70141E+38    1.70141E+38    

1.70141E+38    1.70141E+38    1.70141E+38    1.70141E+38    1.70141E+38    1.70141E+38    1.70141E+38    1.70141E+38    1.70141E+38    1.70141E+38    1.70141E+38    1.70141E+38    1.70141E+38    1.70141E+38    1.70141E+38    1.70141E+38    1.70141E+38    1.70141E+38    1.70141E+38    1.70141E+38    1.70141E+38    1.70141E+38    1.70141E+38    

1.70141E+38    1.70141E+38    1.70141E+38    1.70141E+38    1.70141E+38    1.70141E+38    1.70141E+38    1.70141E+38    1.70141E+38    1.70141E+38    1.70141E+38    1.70141E+38    1.70141E+38    1.70141E+38    1.70141E+38    1.70141E+38    1.70141E+38    1.70141E+38    1.70141E+38    1.70141E+38    1.70141E+38    1.70141E+38    1.70141E+38    

1.70141E+38    1.70141E+38    1.70141E+38    1.70141E+38    1.70141E+38    1.70141E+38    1.70141E+38    1.70141E+38    1.70141E+38    1.70141E+38    1.70141E+38    1.70141E+38    1.70141E+38    1.70141E+38    1.70141E+38    1.70141E+38    1.70141E+38    1.70141E+38    1.70141E+38    1.70141E+38    1.70141E+38    1.70141E+38    1.70141E+38    

1.70141E+38    1.70141E+38    1.70141E+38    1.70141E+38    1.70141E+38    1.70141E+38    1.70141E+38    1.70141E+38    1.70141E+38    1.70141E+38    1.70141E+38    1.70141E+38    1.70141E+38    1.70141E+38    1.70141E+38    1.70141E+38    1.70141E+38    1.70141E+38    1.70141E+38    1.70141E+38    1.70141E+38    1.70141E+38    1.70141E+38    

22.4769        21.91442       20.51405       18.37889       16.59948       15.35906       14.5587        13.8259        13.23623       12.6143        12.11338       11.85469       11.8626        12.31056       13.19386       14.05963       14.66042       14.92071       14.56354       13.69497       1.70141E+38    1.70141E+38    1.70141E+38    

20.6436        20.09695       19.5631        18.53578       17.04951       15.7355        14.6605        13.76393       13.05147       12.47489       12.02448       11.81938       11.96735       12.63198       13.68206       14.52882       14.91149       14.77707       13.98983       13.04107       1.70141E+38    1.70141E+38    1.70141E+38    

19.3853        18.31275       17.34749       16.94941       16.64716       16.0095        15.15107       14.20696       13.32327       12.60706       12.07897       11.89131       12.15762       12.95496       13.9817        14.73759       14.93397       14.47597       13.50745       12.6448        1.70141E+38    1.70141E+38    1.70141E+38    

19.43938       18.23744       17.10004       16.43857       16.02856       15.57761       15.03365       14.33812       13.58558       12.84758       12.1993        11.921         12.2641        13.0961        14.01154       14.61888       14.80955       14.21725       13.14972       12.40248       1.70141E+38    1.70141E+38    1.70141E+38    

20.19626       18.76484       17.30669       16.37706       15.80767       15.18653       14.54778       13.86082       13.28348       12.74118       12.21344       11.92399       12.16823       12.85617       13.71713       14.33287       14.45644       13.90289       12.93626       12.26403       1.70141E+38    1.70141E+38    1.70141E+38    

19.42416       19.05125       17.43624       16.11273       15.38425       14.81527       14.19857       13.50077       12.89849       12.45714       12.06984       11.82646       12.00176       12.59379       13.50444       14.13737       14.01732       13.35919       12.61518       12.11943       1.70141E+38    1.70141E+38    1.70141E+38    

17.22795       18.01715       17.29953       15.99915       15.19116       14.60596       14.10372       13.48996       12.89452       12.39889       12.00326       11.75756       11.89706       12.50681       13.41065       13.82561       13.34656       12.65924       12.16651       11.96182       1.70141E+38    1.70141E+38    1.70141E+38    

15.83483       16.55096       16.84914       16.19458       15.49669       14.9784        14.54083       13.97791       13.3113        12.68402       12.12799       11.76636       11.81511       12.38537       13.16763       13.29058       12.65629       12.08495       11.84334       11.90363       1.70141E+38    1.70141E+38    1.70141E+38    

15.03795       15.55347       16.19852       16.08734       15.8974        15.45276       14.96769       14.49903       13.85463       13.09031       12.3135        11.7816        11.73355       12.17326       12.71037       12.62954       12.1661        11.84765       11.77635       11.98398       1.70141E+38    1.70141E+38    1.70141E+38    

14.50061       14.80414       15.33876       15.35056       15.51775       15.36825       14.83568       14.27744       13.65927       13.0072        12.28743       11.73433       11.61213       11.8759        12.18405       12.18452       12.07087       11.979         12.03593       12.27877       1.70141E+38    1.70141E+38    1.70141E+38    

14.10591       14.18654       14.51151       14.58153       14.66836       14.68197       14.30367       13.76549       13.14919       12.57907       12.04852       11.65957       11.52184       11.65444       11.89367       12.12142       12.35225       12.465         12.61276       12.89538       1.70141E+38    1.70141E+38    1.70141E+38    

13.78024       13.77284       13.99263       14.10298       14.0261        13.89249       13.64802       13.30746       12.85686       12.41592       11.99938       11.66086       11.55126       11.58406       11.87152       12.35119       12.94938       13.31402       13.4653        13.64636       1.70141E+38    1.70141E+38    1.70141E+38    

13.78631       13.77156       14.00208       14.18869       13.97316       13.7541        13.49909       13.2154        12.88612       12.58385       12.21939       11.79672       11.57215       11.60011       11.93301       12.56918       13.3112        13.96144       14.2802        14.35432       1.70141E+38    1.70141E+38    1.70141E+38    

13.9964        14.13764       14.48829       14.66411       14.41975       14.10705       13.82841       13.6188        13.37384       13.09336       12.55055       11.87716       11.57649       11.66424       12.12333       12.85189       13.59102       14.28348       14.81893       14.95767       1.70141E+38    1.70141E+38    1.70141E+38    

14.5026        14.66349       14.74668       14.76915       14.6504        14.36179       14.16587       13.98371       13.6772        13.08498       12.39441       11.77139       11.6151        11.84251       12.38206       13.10354       13.81156       14.44187       14.86042       15.13983       1.70141E+38    1.70141E+38    1.70141E+38    

14.71487       14.44112       14.18455       14.03383       13.98791       13.91209       13.72476       13.48485       13.11305       12.4732        11.8765        11.58504       11.66475       12.22189       12.91145       13.45658       13.87916       14.2166        14.49111       14.76831       1.70141E+38    1.70141E+38    1.70141E+38    

13.87788       13.59352       13.4932        13.38944       13.3732        13.28113       13.13368       12.7582        12.31294       11.82649       11.51377       11.48321       11.76046       12.46956       13.41671       14.04734       14.31028       14.3707        14.37083       14.53314       1.70141E+38    1.70141E+38    1.70141E+38    

13.51883       13.36199       13.37028       13.38438       13.31155       13.11435       12.78903       12.21275       11.69336       11.43176       11.40325       11.60693       11.9611        12.55081       13.36922       14.12761       14.67993       14.92025       14.88091       14.82641       1.70141E+38    1.70141E+38    1.70141E+38    

13.62122       13.61218       13.6295        13.48319       13.15551       12.74338       12.21439       11.70229       11.39908       11.33983       11.54959       12.00072       12.42634       12.84747       13.37589       13.80009       14.34729       14.99093       15.36202       15.47458       1.70141E+38    1.70141E+38    1.70141E+38    

13.9525        13.8097        13.56277       13.10419       12.58999       12.07555       11.61207       11.36942       11.34391       11.51398       11.89493       12.534         13.02767       13.41329       13.83214       13.85886       13.98951       14.48505       15.07191       15.48182       1.70141E+38    1.70141E+38    1.70141E+38    

1.70141E+38    1.70141E+38    1.70141E+38    1.70141E+38    1.70141E+38    1.70141E+38    1.70141E+38    1.70141E+38    1.70141E+38    1.70141E+38    1.70141E+38    1.70141E+38    1.70141E+38    1.70141E+38    1.70141E+38    1.70141E+38    1.70141E+38    1.70141E+38    1.70141E+38    1.70141E+38    1.70141E+38    1.70141E+38    1.70141E+38    

1.70141E+38    1.70141E+38    1.70141E+38    1.70141E+38    1.70141E+38    1.70141E+38    1.70141E+38    1.70141E+38    1.70141E+38    1.70141E+38    1.70141E+38    1.70141E+38    1.70141E+38    1.70141E+38    1.70141E+38    1.70141E+38    1.70141E+38    1.70141E+38    1.70141E+38    1.70141E+38    1.70141E+38    1.70141E+38    1.70141E+38    

1.70141E+38    1.70141E+38    1.70141E+38    1.70141E+38    1.70141E+38    1.70141E+38    1.70141E+38    1.70141E+38    1.70141E+38    1.70141E+38    1.70141E+38    1.70141E+38    1.70141E+38    1.70141E+38    1.70141E+38    1.70141E+38    1.70141E+38    1.70141E+38    1.70141E+38    1.70141E+38    1.70141E+38    1.70141E+38    1.70141E+38    

1.70141E+38    1.70141E+38    1.70141E+38    1.70141E+38    1.70141E+38    1.70141E+38    1.70141E+38    1.70141E+38    1.70141E+38    1.70141E+38    1.70141E+38    1.70141E+38    1.70141E+38    1.70141E+38    1.70141E+38    1.70141E+38    1.70141E+38    1.70141E+38    1.70141E+38    1.70141E+38    1.70141E+38    1.70141E+38    1.70141E+38    

1.70141E+38    1.70141E+38    1.70141E+38    1.70141E+38    1.70141E+38    1.70141E+38    1.70141E+38    1.70141E+38    1.70141E+38    1.70141E+38    1.70141E+38    1.70141E+38    1.70141E+38    1.70141E+38    1.70141E+38    1.70141E+38    1.70141E+38    1.70141E+38    1.70141E+38    1.70141E+38    1.70141E+38    1.70141E+38    1.70141E+38    

1.70141E+38    1.70141E+38    1.70141E+38    1.70141E+38    1.70141E+38    1.70141E+38    1.70141E+38    1.70141E+38    1.70141E+38    1.70141E+38    1.70141E+38    1.70141E+38    1.70141E+38    1.70141E+38    1.70141E+38    1.70141E+38    1.70141E+38    1.70141E+38    1.70141E+38    1.70141E+38    1.70141E+38    1.70141E+38    1.70141E+38    

1.70141E+38    1.70141E+38    1.70141E+38    1.70141E+38    1.70141E+38    1.70141E+38    1.70141E+38    1.70141E+38    1.70141E+38    1.70141E+38    1.70141E+38    1.70141E+38    1.70141E+38    1.70141E+38    1.70141E+38    1.70141E+38    1.70141E+38    1.70141E+38    1.70141E+38    1.70141E+38    1.70141E+38    1.70141E+38    1.70141E+38    

1.70141E+38    1.70141E+38    1.70141E+38    1.70141E+38    1.70141E+38    1.70141E+38    1.70141E+38    1.70141E+38    1.70141E+38    1.70141E+38    1.70141E+38    1.70141E+38    1.70141E+38    1.70141E+38    1.70141E+38    1.70141E+38    1.70141E+38    1.70141E+38    1.70141E+38    1.70141E+38    1.70141E+38    1.70141E+38    1.70141E+38    

