py_wake/examples/data/ParqueFicticio/Ridge area   Sector 2   Height 200m   Mean speed.grd
DSAA
23  33
 262878   265078
 6504214   6507414
 3.908404   5.825037
1.70141E+38    1.70141E+38    1.70141E+38    1.70141E+38    1.70141E+38    1.70141E+38    1.70141E+38    1.70141E+38    1.70141E+38    1.70141E+38    1.70141E+38    1.70141E+38    1.70141E+38    1.70141E+38    1.70141E+38    1.70141E+38    1.70141E+38    1.70141E+38    1.70141E+38    1.70141E+38    1.70141E+38    1.70141E+38    1.70141E+38    

1.70141E+38    1.70141E+38    1.70141E+38    1.70141E+38    1.70141E+38    1.70141E+38    1.70141E+38    1.70141E+38    1.70141E+38    1.70141E+38    1.70141E+38    1.70141E+38    1.70141E+38    1.70141E+38    1.70141E+38    1.70141E+38    1.70141E+38    1.70141E+38    1.70141E+38    1.70141E+38    1.70141E+38    1.70141E+38    1.70141E+38    

1.70141E+38    1.70141E+38    1.70141E+38    1.70141E+38    1.70141E+38    1.70141E+38    1.70141E+38    1.70141E+38    1.70141E+38    1.70141E+38    1.70141E+38    1.70141E+38    1.70141E+38    1.70141E+38    1.70141E+38    1.70141E+38    1.70141E+38    1.70141E+38    1.70141E+38    1.70141E+38    1.70141E+38    1.70141E+38    1.70141E+38    

1.70141E+38    1.70141E+38    1.70141E+38    1.70141E+38    1.70141E+38    1.70141E+38    1.70141E+38    1.70141E+38    1.70141E+38    1.70141E+38    1.70141E+38    1.70141E+38    1.70141E+38    1.70141E+38    1.70141E+38    1.70141E+38    1.70141E+38    1.70141E+38    1.70141E+38    1.70141E+38    1.70141E+38    1.70141E+38    1.70141E+38    

1.70141E+38    1.70141E+38    1.70141E+38    1.70141E+38    1.70141E+38    1.70141E+38    1.70141E+38    1.70141E+38    1.70141E+38    1.70141E+38    1.70141E+38    1.70141E+38    1.70141E+38    1.70141E+38    1.70141E+38    1.70141E+38    1.70141E+38    1.70141E+38    1.70141E+38    1.70141E+38    1.70141E+38    1.70141E+38    1.70141E+38    

3.908404       3.941101       3.983859       4.065918       4.185206       4.3141         4.434096       4.591329       4.736558       4.900331       5.040089       5.122095       5.131246       5.014079       4.759754       4.504415       4.32412        4.26371        4.406761       4.675668       1.70141E+38    1.70141E+38    1.70141E+38    

3.974085       4.017013       4.05589        4.107412       4.213507       4.359285       4.520373       4.693538       4.858096       5.002985       5.119835       5.175839       5.138069       4.953834       4.636019       4.368338       4.261246       4.319419       4.595099       4.875487       1.70141E+38    1.70141E+38    1.70141E+38    

4.008154       4.090549       4.176565       4.192511       4.213254       4.319463       4.461223       4.64051        4.837854       5.013786       5.148034       5.195868       5.124927       4.908463       4.603704       4.337039       4.291185       4.475986       4.792089       5.030222       1.70141E+38    1.70141E+38    1.70141E+38    

4.022506       4.109323       4.219337       4.279159       4.301878       4.381087       4.487183       4.629456       4.801894       4.985022       5.153303       5.227648       5.142104       4.933037       4.692544       4.492017       4.426732       4.649278       4.962275       5.155795       1.70141E+38    1.70141E+38    1.70141E+38    

4.025792       4.136663       4.259459       4.364224       4.428216       4.541615       4.675729       4.824558       4.949401       5.073013       5.204445       5.281462       5.229577       5.07782        4.881649       4.716578       4.664132       4.831192       5.093854       5.26333        1.70141E+38    1.70141E+38    1.70141E+38    

4.10183        4.185257       4.336545       4.501392       4.63048        4.748691       4.88465        5.034559       5.156754       5.242678       5.323324       5.378857       5.345574       5.229009       5.042831       4.894011       4.90226        5.065418       5.25914        5.382646       1.70141E+38    1.70141E+38    1.70141E+38    

4.283205       4.243723       4.394991       4.602365       4.768971       4.901355       5.010891       5.134204       5.246553       5.339032       5.415202       5.464584       5.439121       5.32742        5.16512        5.08862        5.189785       5.346177       5.465694       5.507865       1.70141E+38    1.70141E+38    1.70141E+38    

4.538812       4.409275       4.412854       4.583352       4.748434       4.873195       4.969099       5.084541       5.214909       5.336535       5.447752       5.522348       5.51832        5.424128       5.310818       5.326592       5.468615       5.582143       5.62368        5.601383       1.70141E+38    1.70141E+38    1.70141E+38    

4.766407       4.680943       4.566229       4.619534       4.669669       4.771189       4.88397        4.987838       5.130041       5.296597       5.466683       5.581943       5.600785       5.539254       5.493134       5.565671       5.670124       5.724559       5.718012       5.657576       1.70141E+38    1.70141E+38    1.70141E+38    

4.935748       4.908894       4.829547       4.848528       4.819544       4.850703       4.97746        5.109921       5.249782       5.392311       5.549356       5.666208       5.700131       5.676941       5.672617       5.715086       5.739495       5.742689       5.686973       5.609871       1.70141E+38    1.70141E+38    1.70141E+38    

5.068223       5.089756       5.069921       5.067717       5.069777       5.08832        5.19046        5.319075       5.453236       5.570711       5.675573       5.751202       5.783857       5.779977       5.766665       5.742409       5.678226       5.605164       5.496938       5.397422       1.70141E+38    1.70141E+38    1.70141E+38    

5.149001       5.18329        5.179497       5.186491       5.226151       5.286107       5.368875       5.461302       5.560241       5.649282       5.728404       5.791175       5.818486       5.818256       5.770858       5.663683       5.479803       5.280487       5.137597       5.038417       1.70141E+38    1.70141E+38    1.70141E+38    

5.140712       5.167143       5.152439       5.143325       5.212848       5.293127       5.380861       5.46578        5.546442       5.615597       5.694436       5.780139       5.823662       5.809361       5.721504       5.541739       5.286261       5.010818       4.808069       4.695802       1.70141E+38    1.70141E+38    1.70141E+38    

5.02709        5.009703       4.955123       4.947309       5.034516       5.14012        5.23645        5.311899       5.389587       5.47261        5.613873       5.763034       5.811915       5.766579       5.622475       5.382697       5.109576       4.834864       4.596504       4.471779       1.70141E+38    1.70141E+38    1.70141E+38    

4.831423       4.790399       4.781475       4.806541       4.875505       4.987123       5.060518       5.134887       5.261191       5.458157       5.651035       5.780779       5.785261       5.684304       5.483404       5.212724       4.938498       4.693396       4.51374        4.381816       1.70141E+38    1.70141E+38    1.70141E+38    

4.780302       4.824967       4.901965       4.979845       5.032632       5.088098       5.167028       5.261686       5.407999       5.613894       5.764447       5.806561       5.743755       5.548355       5.268923       5.017069       4.822813       4.686688       4.566597       4.446902       1.70141E+38    1.70141E+38    1.70141E+38    

4.949246       5.025485       5.0741         5.124181       5.160661       5.22856        5.32085        5.466038       5.621536       5.761935       5.825037       5.796885       5.674155       5.421661       5.066387       4.781761       4.650354       4.596809       4.563219       4.492688       1.70141E+38    1.70141E+38    1.70141E+38    

5.027745       5.069241       5.071146       5.071251       5.114654       5.228323       5.397184       5.606127       5.757882       5.823987       5.809752       5.715564       5.552937       5.31507        5.003457       4.715612       4.523729       4.424094       4.403363       4.392206       1.70141E+38    1.70141E+38    1.70141E+38    

4.969546       4.973384       4.964221       5.001189       5.122187       5.307203       5.526035       5.703507       5.788838       5.788692       5.701538       5.528094       5.337275       5.142721       4.915416       4.760501       4.587964       4.394639       4.267378       4.210187       1.70141E+38    1.70141E+38    1.70141E+38    

4.833878       4.88001        4.962743       5.117182       5.303429       5.490224       5.643517       5.726277       5.731734       5.657405       5.501562       5.260639       5.058313       4.892775       4.721264       4.696119       4.643182       4.505535       4.342374       4.216664       1.70141E+38    1.70141E+38    1.70141E+38    

1.70141E+38    1.70141E+38    1.70141E+38    1.70141E+38    1.70141E+38    1.70141E+38    1.70141E+38    1.70141E+38    1.70141E+38    1.70141E+38    1.70141E+38    1.70141E+38    1.70141E+38    1.70141E+38    1.70141E+38    1.70141E+38    1.70141E+38    1.70141E+38    1.70141E+38    1.70141E+38    1.70141E+38    1.70141E+38    1.70141E+38    

1.70141E+38    1.70141E+38    1.70141E+38    1.70141E+38    1.70141E+38    1.70141E+38    1.70141E+38    1.70141E+38    1.70141E+38    1.70141E+38    1.70141E+38    1.70141E+38    1.70141E+38    1.70141E+38    1.70141E+38    1.70141E+38    1.70141E+38    1.70141E+38    1.70141E+38    1.70141E+38    1.70141E+38    1.70141E+38    1.70141E+38    

1.70141E+38    1.70141E+38    1.70141E+38    1.70141E+38    1.70141E+38    1.70141E+38    1.70141E+38    1.70141E+38    1.70141E+38    1.70141E+38    1.70141E+38    1.70141E+38    1.70141E+38    1.70141E+38    1.70141E+38    1.70141E+38    1.70141E+38    1.70141E+38    1.70141E+38    1.70141E+38    1.70141E+38    1.70141E+38    1.70141E+38    

1.70141E+38    1.70141E+38    1.70141E+38    1.70141E+38    1.70141E+38    1.70141E+38    1.70141E+38    1.70141E+38    1.70141E+38    1.70141E+38    1.70141E+38    1.70141E+38    1.70141E+38    1.70141E+38    1.70141E+38    1.70141E+38    1.70141E+38    1.70141E+38    1.70141E+38    1.70141E+38    1.70141E+38    1.70141E+38    1.70141E+38    

1.70141E+38    1.70141E+38    1.70141E+38    1.70141E+38    1.70141E+38    1.70141E+38    1.70141E+38    1.70141E+38    1.70141E+38    1.70141E+38    1.70141E+38    1.70141E+38    1.70141E+38    1.70141E+38    1.70141E+38    1.70141E+38    1.70141E+38    1.70141E+38    1.70141E+38    1.70141E+38    1.70141E+38    1.70141E+38    1.70141E+38    

1.70141E+38    1.70141E+38    1.70141E+38    1.70141E+38    1.70141E+38    1.70141E+38    1.70141E+38    1.70141E+38    1.70141E+38    1.70141E+38    1.70141E+38    1.70141E+38    1.70141E+38    1.70141E+38    1.70141E+38    1.70141E+38    1.70141E+38    1.70141E+38    1.70141E+38    1.70141E+38    1.70141E+38    1.70141E+38    1.70141E+38    

1.70141E+38    1.70141E+38    1.70141E+38    1.70141E+38    1.70141E+38    1.70141E+38    1.70141E+38    1.70141E+38    1.70141E+38    1.70141E+38    1.70141E+38    1.70141E+38    1.70141E+38    1.70141E+38    1.70141E+38    1.70141E+38    1.70141E+38    1.70141E+38    1.70141E+38    1.70141E+38    1.70141E+38    1.70141E+38    1.70141E+38    

1.70141E+38    1.70141E+38    1.70141E+38    1.70141E+38    1.70141E+38    1.70141E+38    1.70141E+38    1.70141E+38    1.70141E+38    1.70141E+38    1.70141E+38    1.70141E+38    1.70141E+38    1.70141E+38    1.70141E+38    1.70141E+38    1.70141E+38    1.70141E+38    1.70141E+38    1.70141E+38    1.70141E+38    1.70141E+38    1.70141E+38    

