py_wake/examples/data/ParqueFicticio/Ridge area   Sector 3   Height 30m   Mean speed.grd
DSAA
23  33
 262878   265078
 6504214   6507414
 .2273256   6.842301
1.70141E+38    1.70141E+38    1.70141E+38    1.70141E+38    1.70141E+38    1.70141E+38    1.70141E+38    1.70141E+38    1.70141E+38    1.70141E+38    1.70141E+38    1.70141E+38    1.70141E+38    1.70141E+38    1.70141E+38    1.70141E+38    1.70141E+38    1.70141E+38    1.70141E+38    1.70141E+38    1.70141E+38    1.70141E+38    1.70141E+38    

1.70141E+38    1.70141E+38    1.70141E+38    1.70141E+38    1.70141E+38    1.70141E+38    1.70141E+38    1.70141E+38    1.70141E+38    1.70141E+38    1.70141E+38    1.70141E+38    1.70141E+38    1.70141E+38    1.70141E+38    1.70141E+38    1.70141E+38    1.70141E+38    1.70141E+38    1.70141E+38    1.70141E+38    1.70141E+38    1.70141E+38    

1.70141E+38    1.70141E+38    1.70141E+38    1.70141E+38    1.70141E+38    1.70141E+38    1.70141E+38    1.70141E+38    1.70141E+38    1.70141E+38    1.70141E+38    1.70141E+38    1.70141E+38    1.70141E+38    1.70141E+38    1.70141E+38    1.70141E+38    1.70141E+38    1.70141E+38    1.70141E+38    1.70141E+38    1.70141E+38    1.70141E+38    

1.70141E+38    1.70141E+38    1.70141E+38    1.70141E+38    1.70141E+38    1.70141E+38    1.70141E+38    1.70141E+38    1.70141E+38    1.70141E+38    1.70141E+38    1.70141E+38    1.70141E+38    1.70141E+38    1.70141E+38    1.70141E+38    1.70141E+38    1.70141E+38    1.70141E+38    1.70141E+38    1.70141E+38    1.70141E+38    1.70141E+38    

1.70141E+38    1.70141E+38    1.70141E+38    1.70141E+38    1.70141E+38    1.70141E+38    1.70141E+38    1.70141E+38    1.70141E+38    1.70141E+38    1.70141E+38    1.70141E+38    1.70141E+38    1.70141E+38    1.70141E+38    1.70141E+38    1.70141E+38    1.70141E+38    1.70141E+38    1.70141E+38    1.70141E+38    1.70141E+38    1.70141E+38    

1.17901        1.024744       .9383604       1.067521       1.409577       1.87695        2.215302       2.706769       3.086813       3.718341       4.388271       4.843642       5.167377       4.17518        2.649866       1.737115       1.132551       .7322553       .6178862       1.053552       1.70141E+38    1.70141E+38    1.70141E+38    

1.288438       1.201537       1.080353       1.025288       1.146752       1.496292       2.049498       2.76734        3.430678       3.989597       4.545996       4.978766       4.765          3.435451       1.759074       1.166845       .7132762       .5372813       .7384519       2.547444       1.70141E+38    1.70141E+38    1.70141E+38    

1.272855       1.324209       1.391748       1.290126       1.113044       1.134841       1.436318       2.021994       2.828542       3.636466       4.317043       4.745049       4.180767       2.800189       1.655618       1.038027       .5349531       .5184918       .9092923       3.935869       1.70141E+38    1.70141E+38    1.70141E+38    

1.170232       1.22412        1.335096       1.326885       1.236202       1.211193       1.314106       1.735398       2.390591       3.162858       4.10473        4.699403       3.832301       2.448827       1.326844       .8813713       .4786704       .676497        2.185034       4.50869        1.70141E+38    1.70141E+38    1.70141E+38    

1.074827       1.115989       1.236126       1.292519       1.251614       1.370609       1.637474       2.257859       2.813426       3.39271        4.117851       4.729891       4.194012       3.177423       1.841281       .7216028       .5638396       .7992572       3.042329       4.774927       1.70141E+38    1.70141E+38    1.70141E+38    

1.278853       1.141545       1.235742       1.495871       1.69197        1.901611       2.248597       3.018401       3.723879       4.048958       4.440898       4.976205       4.63883        3.762536       2.181026       1.431926       .6303858       1.71538        3.893979       5.094446       1.70141E+38    1.70141E+38    1.70141E+38    

1.767689       1.428911       1.298072       1.593823       2.023959       2.468299       2.833804       3.449555       4.022887       4.38328        4.709651       5.134636       4.779508       3.527572       1.814282       1.820033       .6943929       3.747495       4.901388       5.777935       1.70141E+38    1.70141E+38    1.70141E+38    

2.381885       1.689274       1.296111       1.52605        1.690408       1.891269       2.008064       2.589523       3.381492       3.999991       4.605385       5.183558       5.005404       3.542579       1.599984       .3250392       3.519409       5.270269       5.955873       6.060231       1.70141E+38    1.70141E+38    1.70141E+38    

2.875789       2.327421       1.528844       1.372153       .8631111       .8245427       .9299837       1.362876       2.08391        3.092312       4.35758        5.297824       5.325837       4.188599       2.752379       3.674465       5.378428       6.106183       6.198815       5.772601       1.70141E+38    1.70141E+38    1.70141E+38    

3.134943       2.738572       2.123332       2.164161       1.523886       1.166021       1.659532       2.081336       2.681782       3.374109       4.583464       5.597237       5.627482       5.060064       5.06956        5.577316       5.993436       6.121652       5.851335       5.303553       1.70141E+38    1.70141E+38    1.70141E+38    

3.239816       3.129851       2.775287       2.833295       2.625297       2.250492       2.596526       3.226885       4.076676       4.721025       5.343517       5.815708       5.868002       5.633744       6.015733       6.042746       5.631161       5.400214       5.100447       4.587989       1.70141E+38    1.70141E+38    1.70141E+38    

3.51111        3.589158       3.346457       3.192351       3.350997       3.573863       3.857729       4.226089       4.856593       5.298525       5.503271       5.817962       5.827664       5.927395       6.09726        5.615901       4.773094       4.449426       4.365851       4.15163        1.70141E+38    1.70141E+38    1.70141E+38    

3.377126       3.333859       2.837217       2.506236       2.883154       3.284803       3.727229       4.092394       4.522623       4.684954       5.007693       5.544735       5.918376       6.065819       5.807932       5.18674        4.597245       4.1226         3.865871       3.822269       1.70141E+38    1.70141E+38    1.70141E+38    

2.66728        2.361448       1.674274       1.303273       1.463623       1.68893        1.981146       2.03353        1.989375       1.921843       3.484477       5.537386       6.213387       6.028725       5.275587       4.553215       4.222218       3.905631       3.572702       3.510094       1.70141E+38    1.70141E+38    1.70141E+38    

1.751312       1.31548        1.039026       .8600166       .8070055       .8602242       .5047843       .2273256       .6082          1.264475       3.568439       5.965839       6.421629       5.832876       4.931872       4.296295       3.869637       3.483351       3.426656       3.526046       1.70141E+38    1.70141E+38    1.70141E+38    

1.441928       1.399309       1.54906        1.758219       1.75391        1.527741       1.178484       .6682372       .7088192       3.130234       5.551047       6.433818       6.229698       5.076713       4.360363       4.087496       3.912061       3.772129       3.7111         3.706856       1.70141E+38    1.70141E+38    1.70141E+38    

2.248912       2.511332       2.542811       2.54243        2.330907       2.4591         2.340858       2.742186       3.681327       5.598395       6.605277       6.460641       5.732435       4.675633       3.895864       3.66508        3.681783       3.775983       3.869181       3.813681       1.70141E+38    1.70141E+38    1.70141E+38    

2.993005       2.915452       2.284353       1.365168       .8149292       .7856131       1.56187        4.01324        5.731744       6.536661       6.842301       6.052923       5.34461        4.669559       4.018657       3.638633       3.413667       3.405346       3.537773       3.616222       1.70141E+38    1.70141E+38    1.70141E+38    

2.819343       2.247272       1.397994       .7689108       .7668729       .6064519       2.448428       5.382523       6.438921       6.644549       5.876556       4.996274       4.762256       4.534989       4.107688       3.936695       3.675109       3.269206       3.140635       3.147337       1.70141E+38    1.70141E+38    1.70141E+38    

2.251812       2.049483       1.806504       1.961336       2.352176       3.454411       5.207611       6.184197       6.416688       5.832364       4.988282       4.335618       4.215027       4.06191        3.747145       3.970482       3.957249       3.596977       3.254525       3.109577       1.70141E+38    1.70141E+38    1.70141E+38    

1.70141E+38    1.70141E+38    1.70141E+38    1.70141E+38    1.70141E+38    1.70141E+38    1.70141E+38    1.70141E+38    1.70141E+38    1.70141E+38    1.70141E+38    1.70141E+38    1.70141E+38    1.70141E+38    1.70141E+38    1.70141E+38    1.70141E+38    1.70141E+38    1.70141E+38    1.70141E+38    1.70141E+38    1.70141E+38    1.70141E+38    

1.70141E+38    1.70141E+38    1.70141E+38    1.70141E+38    1.70141E+38    1.70141E+38    1.70141E+38    1.70141E+38    1.70141E+38    1.70141E+38    1.70141E+38    1.70141E+38    1.70141E+38    1.70141E+38    1.70141E+38    1.70141E+38    1.70141E+38    1.70141E+38    1.70141E+38    1.70141E+38    1.70141E+38    1.70141E+38    1.70141E+38    

1.70141E+38    1.70141E+38    1.70141E+38    1.70141E+38    1.70141E+38    1.70141E+38    1.70141E+38    1.70141E+38    1.70141E+38    1.70141E+38    1.70141E+38    1.70141E+38    1.70141E+38    1.70141E+38    1.70141E+38    1.70141E+38    1.70141E+38    1.70141E+38    1.70141E+38    1.70141E+38    1.70141E+38    1.70141E+38    1.70141E+38    

1.70141E+38    1.70141E+38    1.70141E+38    1.70141E+38    1.70141E+38    1.70141E+38    1.70141E+38    1.70141E+38    1.70141E+38    1.70141E+38    1.70141E+38    1.70141E+38    1.70141E+38    1.70141E+38    1.70141E+38    1.70141E+38    1.70141E+38    1.70141E+38    1.70141E+38    1.70141E+38    1.70141E+38    1.70141E+38    1.70141E+38    

1.70141E+38    1.70141E+38    1.70141E+38    1.70141E+38    1.70141E+38    1.70141E+38    1.70141E+38    1.70141E+38    1.70141E+38    1.70141E+38    1.70141E+38    1.70141E+38    1.70141E+38    1.70141E+38    1.70141E+38    1.70141E+38    1.70141E+38    1.70141E+38    1.70141E+38    1.70141E+38    1.70141E+38    1.70141E+38    1.70141E+38    

1.70141E+38    1.70141E+38    1.70141E+38    1.70141E+38    1.70141E+38    1.70141E+38    1.70141E+38    1.70141E+38    1.70141E+38    1.70141E+38    1.70141E+38    1.70141E+38    1.70141E+38    1.70141E+38    1.70141E+38    1.70141E+38    1.70141E+38    1.70141E+38    1.70141E+38    1.70141E+38    1.70141E+38    1.70141E+38    1.70141E+38    

1.70141E+38    1.70141E+38    1.70141E+38    1.70141E+38    1.70141E+38    1.70141E+38    1.70141E+38    1.70141E+38    1.70141E+38    1.70141E+38    1.70141E+38    1.70141E+38    1.70141E+38    1.70141E+38    1.70141E+38    1.70141E+38    1.70141E+38    1.70141E+38    1.70141E+38    1.70141E+38    1.70141E+38    1.70141E+38    1.70141E+38    

1.70141E+38    1.70141E+38    1.70141E+38    1.70141E+38    1.70141E+38    1.70141E+38    1.70141E+38    1.70141E+38    1.70141E+38    1.70141E+38    1.70141E+38    1.70141E+38    1.70141E+38    1.70141E+38    1.70141E+38    1.70141E+38    1.70141E+38    1.70141E+38    1.70141E+38    1.70141E+38    1.70141E+38    1.70141E+38    1.70141E+38    

