py_wake/examples/data/ParqueFicticio/Ridge area   Sector 4   Height 200m   Turbulence intensity.grd
DSAA
23  33
 262878   265078
 6504214   6507414
 10.7721   22.2233
1.70141E+38    1.70141E+38    1.70141E+38    1.70141E+38    1.70141E+38    1.70141E+38    1.70141E+38    1.70141E+38    1.70141E+38    1.70141E+38    1.70141E+38    1.70141E+38    1.70141E+38    1.70141E+38    1.70141E+38    1.70141E+38    1.70141E+38    1.70141E+38    1.70141E+38    1.70141E+38    1.70141E+38    1.70141E+38    1.70141E+38    

1.70141E+38    1.70141E+38    1.70141E+38    1.70141E+38    1.70141E+38    1.70141E+38    1.70141E+38    1.70141E+38    1.70141E+38    1.70141E+38    1.70141E+38    1.70141E+38    1.70141E+38    1.70141E+38    1.70141E+38    1.70141E+38    1.70141E+38    1.70141E+38    1.70141E+38    1.70141E+38    1.70141E+38    1.70141E+38    1.70141E+38    

1.70141E+38    1.70141E+38    1.70141E+38    1.70141E+38    1.70141E+38    1.70141E+38    1.70141E+38    1.70141E+38    1.70141E+38    1.70141E+38    1.70141E+38    1.70141E+38    1.70141E+38    1.70141E+38    1.70141E+38    1.70141E+38    1.70141E+38    1.70141E+38    1.70141E+38    1.70141E+38    1.70141E+38    1.70141E+38    1.70141E+38    

1.70141E+38    1.70141E+38    1.70141E+38    1.70141E+38    1.70141E+38    1.70141E+38    1.70141E+38    1.70141E+38    1.70141E+38    1.70141E+38    1.70141E+38    1.70141E+38    1.70141E+38    1.70141E+38    1.70141E+38    1.70141E+38    1.70141E+38    1.70141E+38    1.70141E+38    1.70141E+38    1.70141E+38    1.70141E+38    1.70141E+38    

1.70141E+38    1.70141E+38    1.70141E+38    1.70141E+38    1.70141E+38    1.70141E+38    1.70141E+38    1.70141E+38    1.70141E+38    1.70141E+38    1.70141E+38    1.70141E+38    1.70141E+38    1.70141E+38    1.70141E+38    1.70141E+38    1.70141E+38    1.70141E+38    1.70141E+38    1.70141E+38    1.70141E+38    1.70141E+38    1.70141E+38    

16.79217       16.5116        15.98654       15.20371       14.44988       13.76552       13.21452       12.61596       12.11196       11.59171       11.22173       11.11924       11.27077       11.89362       13.00435       14.17521       15.10572       15.46758       14.94498       13.79789       1.70141E+38    1.70141E+38    1.70141E+38    

17.35196       16.76098       16.25401       15.63523       14.89033       14.15906       13.40734       12.63242       11.96363       11.43211       11.06143       10.97387       11.26887       12.15991       13.48051       14.62256       15.32804       15.27483       14.25374       13.08962       1.70141E+38    1.70141E+38    1.70141E+38    

19.38001       18.01621       16.72764       16.05045       15.53869       14.87944       14.08523       13.17965       12.28622       11.55707       11.05497       10.94012       11.32591       12.33761       13.66344       14.71412       15.20706       14.79319       13.56436       12.6083        1.70141E+38    1.70141E+38    1.70141E+38    

21.51549       19.87072       17.95543       16.69243       15.90053       15.13058       14.34861       13.49165       12.6349        11.82468       11.15696       10.92282       11.34917       12.36508       13.56009       14.43464       14.87258       14.31572       13.05403       12.29829       1.70141E+38    1.70141E+38    1.70141E+38    

22.2233        20.43305       18.09368       16.45977       15.49647       14.53553       13.65791       12.82295       12.22083       11.68727       11.17158       10.93628       11.25954       12.08739       13.16192       14.01845       14.3583        13.83634       12.78909       12.14779       1.70141E+38    1.70141E+38    1.70141E+38    

20.70892       19.92818       17.57833       15.68866       14.65706       13.89118       13.12813       12.34433       11.74602       11.34852       11.02125       10.85621       11.11473       11.80869       12.88016       13.74799       13.79049       13.15946       12.45566       12.02063       1.70141E+38    1.70141E+38    1.70141E+38    

19.32301       20.38802       18.26151       15.74789       14.43245       13.62028       13.0189        12.34181       11.73923       11.27504       10.93732       10.77812       11.00713       11.7189        12.78643       13.40008       12.98599       12.37213       11.98244       11.85345       1.70141E+38    1.70141E+38    1.70141E+38    

16.75214       19.0903        19.87219       17.3326        15.2176        14.17372       13.55441       12.86952       12.1435        11.52915       11.0347        10.7721        10.92757       11.62108       12.60533       12.8982        12.31343       11.80006       11.62176       11.72591       1.70141E+38    1.70141E+38    1.70141E+38    

14.99291       16.20121       18.36332       17.81808       16.88057       15.23036       14.12527       13.44055       12.69253       11.92613       11.22448       10.80822       10.88071       11.48886       12.29627       12.39242       11.95196       11.61903       11.53032       11.7155        1.70141E+38    1.70141E+38    1.70141E+38    

14.26082       14.65535       15.57779       15.28934       15.37218       14.85571       13.92846       13.25206       12.60621       11.97015       11.29948       10.8306        10.81716       11.2681        11.87897       12.08446       12.00725       11.84627       11.80272       11.94598       1.70141E+38    1.70141E+38    1.70141E+38    

13.89657       13.88533       14.2024        14.14093       14.1036        14.01752       13.54773       12.96982       12.33125       11.74397       11.20426       10.83827       10.77319       11.06239       11.56944       12.07242       12.43331       12.46961       12.4357        12.5454        1.70141E+38    1.70141E+38    1.70141E+38    

13.69016       13.5854        13.76984       13.82669       13.67352       13.47436       13.17561       12.78513       12.27484       11.76184       11.27496       10.90794       10.83123       10.97532       11.46387       12.24482       13.09895       13.46898       13.41405       13.36984       1.70141E+38    1.70141E+38    1.70141E+38    

13.88609       13.74602       13.93223       14.09561       13.83916       13.57702       13.26436       12.90626       12.4861        12.07925       11.59966       11.10794       10.88522       10.97181       11.42458       12.26067       13.2408        14.04205       14.30982       14.19669       1.70141E+38    1.70141E+38    1.70141E+38    

14.325         14.30875       14.59632       14.72471       14.42559       14.0759        13.74277       13.44588       13.08367       12.6802        12.0101        11.25426       10.91937       11.00297       11.501         12.32885       13.20569       14.05479       14.70545       14.806         1.70141E+38    1.70141E+38    1.70141E+38    

15.11486       15.18638       15.22493       15.1818        14.89222       14.44769       14.18809       13.92754       13.47823       12.72465       11.89597       11.16718       10.93289       11.0956        11.59242       12.3198        13.09161       13.8343        14.38039       14.76756       1.70141E+38    1.70141E+38    1.70141E+38    

15.51365       15.13357       14.71406       14.40818       14.24949       14.0808        13.82543       13.53478       13.07073       12.25627       11.45562       10.98014       10.90121       11.29174       11.86028       12.37042       12.82006       13.21815       13.57784       13.95848       1.70141E+38    1.70141E+38    1.70141E+38    

14.66792       14.23826       14.02886       13.82835       13.72827       13.53828       13.29261       12.83766       12.31779       11.67529       11.12693       10.85181       10.89164       11.34986       12.08002       12.61852       12.9038        13.03668       13.10856       13.3268        1.70141E+38    1.70141E+38    1.70141E+38    

14.25139       13.95624       13.89373       13.86657       13.75488       13.48626       13.05144       12.33594       11.65785       11.21416       10.95881       10.88762       10.95899       11.29735       11.89869       12.50875       12.9951        13.2469        13.26251       13.26838       1.70141E+38    1.70141E+38    1.70141E+38    

14.42119       14.17411       14.08656       13.91226       13.5714        13.11846       12.49365       11.81659       11.29581       10.99419       10.94828       11.10245       11.23809       11.44577       11.81026       12.12267       12.57122       13.14725       13.4847        13.59498       1.70141E+38    1.70141E+38    1.70141E+38    

15.53868       14.784         14.17442       13.50346       12.89577       12.29714       11.72723       11.34335       11.10303       10.9925        11.07089       11.41912       11.66675       11.86359       12.14884       12.11789       12.19465       12.60776       13.14022       13.52955       1.70141E+38    1.70141E+38    1.70141E+38    

1.70141E+38    1.70141E+38    1.70141E+38    1.70141E+38    1.70141E+38    1.70141E+38    1.70141E+38    1.70141E+38    1.70141E+38    1.70141E+38    1.70141E+38    1.70141E+38    1.70141E+38    1.70141E+38    1.70141E+38    1.70141E+38    1.70141E+38    1.70141E+38    1.70141E+38    1.70141E+38    1.70141E+38    1.70141E+38    1.70141E+38    

1.70141E+38    1.70141E+38    1.70141E+38    1.70141E+38    1.70141E+38    1.70141E+38    1.70141E+38    1.70141E+38    1.70141E+38    1.70141E+38    1.70141E+38    1.70141E+38    1.70141E+38    1.70141E+38    1.70141E+38    1.70141E+38    1.70141E+38    1.70141E+38    1.70141E+38    1.70141E+38    1.70141E+38    1.70141E+38    1.70141E+38    

1.70141E+38    1.70141E+38    1.70141E+38    1.70141E+38    1.70141E+38    1.70141E+38    1.70141E+38    1.70141E+38    1.70141E+38    1.70141E+38    1.70141E+38    1.70141E+38    1.70141E+38    1.70141E+38    1.70141E+38    1.70141E+38    1.70141E+38    1.70141E+38    1.70141E+38    1.70141E+38    1.70141E+38    1.70141E+38    1.70141E+38    

1.70141E+38    1.70141E+38    1.70141E+38    1.70141E+38    1.70141E+38    1.70141E+38    1.70141E+38    1.70141E+38    1.70141E+38    1.70141E+38    1.70141E+38    1.70141E+38    1.70141E+38    1.70141E+38    1.70141E+38    1.70141E+38    1.70141E+38    1.70141E+38    1.70141E+38    1.70141E+38    1.70141E+38    1.70141E+38    1.70141E+38    

1.70141E+38    1.70141E+38    1.70141E+38    1.70141E+38    1.70141E+38    1.70141E+38    1.70141E+38    1.70141E+38    1.70141E+38    1.70141E+38    1.70141E+38    1.70141E+38    1.70141E+38    1.70141E+38    1.70141E+38    1.70141E+38    1.70141E+38    1.70141E+38    1.70141E+38    1.70141E+38    1.70141E+38    1.70141E+38    1.70141E+38    

1.70141E+38    1.70141E+38    1.70141E+38    1.70141E+38    1.70141E+38    1.70141E+38    1.70141E+38    1.70141E+38    1.70141E+38    1.70141E+38    1.70141E+38    1.70141E+38    1.70141E+38    1.70141E+38    1.70141E+38    1.70141E+38    1.70141E+38    1.70141E+38    1.70141E+38    1.70141E+38    1.70141E+38    1.70141E+38    1.70141E+38    

1.70141E+38    1.70141E+38    1.70141E+38    1.70141E+38    1.70141E+38    1.70141E+38    1.70141E+38    1.70141E+38    1.70141E+38    1.70141E+38    1.70141E+38    1.70141E+38    1.70141E+38    1.70141E+38    1.70141E+38    1.70141E+38    1.70141E+38    1.70141E+38    1.70141E+38    1.70141E+38    1.70141E+38    1.70141E+38    1.70141E+38    

1.70141E+38    1.70141E+38    1.70141E+38    1.70141E+38    1.70141E+38    1.70141E+38    1.70141E+38    1.70141E+38    1.70141E+38    1.70141E+38    1.70141E+38    1.70141E+38    1.70141E+38    1.70141E+38    1.70141E+38    1.70141E+38    1.70141E+38    1.70141E+38    1.70141E+38    1.70141E+38    1.70141E+38    1.70141E+38    1.70141E+38    

