py_wake/examples/data/ParqueFicticio/Ridge area   Sector 1   Height 200m   Turbulence intensity.grd
DSAA
23  33
 262878   265078
 6504214   6507414
 11.19688   19.51171
1.70141E+38    1.70141E+38    1.70141E+38    1.70141E+38    1.70141E+38    1.70141E+38    1.70141E+38    1.70141E+38    1.70141E+38    1.70141E+38    1.70141E+38    1.70141E+38    1.70141E+38    1.70141E+38    1.70141E+38    1.70141E+38    1.70141E+38    1.70141E+38    1.70141E+38    1.70141E+38    1.70141E+38    1.70141E+38    1.70141E+38    

1.70141E+38    1.70141E+38    1.70141E+38    1.70141E+38    1.70141E+38    1.70141E+38    1.70141E+38    1.70141E+38    1.70141E+38    1.70141E+38    1.70141E+38    1.70141E+38    1.70141E+38    1.70141E+38    1.70141E+38    1.70141E+38    1.70141E+38    1.70141E+38    1.70141E+38    1.70141E+38    1.70141E+38    1.70141E+38    1.70141E+38    

1.70141E+38    1.70141E+38    1.70141E+38    1.70141E+38    1.70141E+38    1.70141E+38    1.70141E+38    1.70141E+38    1.70141E+38    1.70141E+38    1.70141E+38    1.70141E+38    1.70141E+38    1.70141E+38    1.70141E+38    1.70141E+38    1.70141E+38    1.70141E+38    1.70141E+38    1.70141E+38    1.70141E+38    1.70141E+38    1.70141E+38    

1.70141E+38    1.70141E+38    1.70141E+38    1.70141E+38    1.70141E+38    1.70141E+38    1.70141E+38    1.70141E+38    1.70141E+38    1.70141E+38    1.70141E+38    1.70141E+38    1.70141E+38    1.70141E+38    1.70141E+38    1.70141E+38    1.70141E+38    1.70141E+38    1.70141E+38    1.70141E+38    1.70141E+38    1.70141E+38    1.70141E+38    

1.70141E+38    1.70141E+38    1.70141E+38    1.70141E+38    1.70141E+38    1.70141E+38    1.70141E+38    1.70141E+38    1.70141E+38    1.70141E+38    1.70141E+38    1.70141E+38    1.70141E+38    1.70141E+38    1.70141E+38    1.70141E+38    1.70141E+38    1.70141E+38    1.70141E+38    1.70141E+38    1.70141E+38    1.70141E+38    1.70141E+38    

13.96554       13.90278       13.63171       13.45059       13.14283       12.90486       12.85157       12.79325       12.76716       12.71123       12.68748       12.73425       12.84393       13.23098       14.02185       15.76707       18.43791       19.51171       17.90774       16.11524       1.70141E+38    1.70141E+38    1.70141E+38    

13.80311       13.78094       13.63274       13.54971       13.27951       13.0673        12.91014       12.72981       12.57657       12.4998        12.47358       12.54026       12.77364       13.33182       14.20873       16.14895       19.44666       19.25589       16.50903       15.15394       1.70141E+38    1.70141E+38    1.70141E+38    

13.81167       13.67054       13.45252       13.48333       13.49602       13.48496       13.44451       13.23747       12.90376       12.64301       12.47432       12.50271       12.80563       13.40111       14.17053       15.82428       19.05957       17.66628       15.46951       14.53777       1.70141E+38    1.70141E+38    1.70141E+38    

13.92426       13.77332       13.47198       13.36413       13.3473        13.39218       13.48725       13.48223       13.26627       12.93819       12.57996       12.43791       12.75715       13.28747       13.8655        14.94256       17.32034       16.24371       14.75512       14.00729       1.70141E+38    1.70141E+38    1.70141E+38    

14.03789       13.88689       13.49969       13.23235       13.08928       12.96494       12.87842       12.79995       12.77298       12.68955       12.48302       12.32205       12.49689       12.84235       13.31582       14.15149       15.41471       15.22687       14.28255       13.5574        1.70141E+38    1.70141E+38    1.70141E+38    

13.88831       13.92087       13.45361       12.99528       12.735         12.55992       12.39656       12.2289        12.1264        12.12378       12.10079       12.04531       12.17415       12.43609       12.90255       13.65478       14.30066       14.1551        13.58871       12.99922       1.70141E+38    1.70141E+38    1.70141E+38    

13.46516       13.85807       13.52405       12.97248       12.62645       12.41213       12.29418       12.14134       11.99605       11.90722       11.86447       11.8355        11.96396       12.24613       12.66053       13.12211       13.14355       12.85434       12.54961       12.31299       1.70141E+38    1.70141E+38    1.70141E+38    

12.81173       13.45315       13.62408       13.23392       12.93354       12.78572       12.74643       12.61861       12.36236       12.12352       11.91688       11.77891       11.84094       12.10873       12.40531       12.47349       12.1134        11.80317       11.68291       11.71547       1.70141E+38    1.70141E+38    1.70141E+38    

12.14868       12.66944       13.15312       13.13199       13.24423       13.26168       13.20527       13.18833       12.93387       12.52973       12.08525       11.76453       11.74537       11.95362       12.09651       11.878         11.53048       11.32858       11.28385       11.39313       1.70141E+38    1.70141E+38    1.70141E+38    

11.66905       11.9524        12.28612       12.34644       12.68452       12.946         12.89181       12.80548       12.63486       12.39872       12.02585       11.66878       11.58303       11.70809       11.75536       11.57545       11.42923       11.35579       11.37829       11.48333       1.70141E+38    1.70141E+38    1.70141E+38    

11.35906       11.42332       11.5646        11.64324       11.87936       12.16583       12.23415       12.20292       12.08442       11.93436       11.73393       11.53388       11.43874       11.493         11.56519       11.58947       11.71126       11.82087       11.92569       12.04635       1.70141E+38    1.70141E+38    1.70141E+38    

11.22452       11.19688       11.26864       11.37497       11.50534       11.66455       11.79719       11.89653       11.91544       11.85046       11.71863       11.54803       11.47709       11.44549       11.58073       11.83291       12.28445       12.69131       12.87335       12.92205       1.70141E+38    1.70141E+38    1.70141E+38    

11.50001       11.44827       11.53456       11.68343       11.72807       11.83371       11.95703       12.08408       12.17517       12.21896       12.10416       11.8138        11.60173       11.54081       11.6838        12.0594        12.59902       13.25605       13.71104       13.79662       1.70141E+38    1.70141E+38    1.70141E+38    

12.09011       12.16859       12.36561       12.51263       12.50547       12.54715       12.67125       12.87412       13.03087       13.07829       12.73838       12.12325       11.77705       11.72523       11.93357       12.32387       12.802         13.412         14.07263       14.41884       1.70141E+38    1.70141E+38    1.70141E+38    

12.81537       12.9803        13.01845       13.06844       13.11788       13.15724       13.41092       13.67901       13.70545       13.31776       12.76488       12.1782        11.9745        12.02687       12.25474       12.59412       12.98971       13.45809       13.9214        14.41077       1.70141E+38    1.70141E+38    1.70141E+38    

12.87034       12.78965       12.62268       12.54062       12.63024       12.82239       13.03422       13.23336       13.21287       12.78216       12.29496       12.03149       12.05982       12.45472       12.79879       12.95931       13.091         13.25771       13.47746       13.81135       1.70141E+38    1.70141E+38    1.70141E+38    

12.29597       12.17973       12.15759       12.17526       12.31023       12.447         12.60293       12.60055       12.49015       12.24115       12.0055        11.94724       12.10864       12.57393       13.15573       13.48008       13.5285        13.43272       13.3525        13.49403       1.70141E+38    1.70141E+38    1.70141E+38    

12.17333       12.16681       12.29539       12.47409       12.60264       12.62757       12.56161       12.2975        12.04689       11.97696       12.02616       12.15361       12.28055       12.52808       12.92408       13.37777       13.80979       13.96276       13.83703       13.7408        1.70141E+38    1.70141E+38    1.70141E+38    

12.50718       12.61142       12.76732       12.82603       12.72764       12.56652       12.34694       12.12046       12.00264       12.0676        12.33844       12.70186       12.81586       12.80894       12.87881       12.98913       13.33091       13.8628        14.19954       14.29332       1.70141E+38    1.70141E+38    1.70141E+38    

13.0343        12.98647       12.85233       12.57308       12.30193       12.11023       12.01082       12.05906       12.21237       12.47971       12.83743       13.36483       13.56408       13.49432       13.39621       13.07231       12.96346       13.22291       13.66127       14.02929       1.70141E+38    1.70141E+38    1.70141E+38    

1.70141E+38    1.70141E+38    1.70141E+38    1.70141E+38    1.70141E+38    1.70141E+38    1.70141E+38    1.70141E+38    1.70141E+38    1.70141E+38    1.70141E+38    1.70141E+38    1.70141E+38    1.70141E+38    1.70141E+38    1.70141E+38    1.70141E+38    1.70141E+38    1.70141E+38    1.70141E+38    1.70141E+38    1.70141E+38    1.70141E+38    

1.70141E+38    1.70141E+38    1.70141E+38    1.70141E+38    1.70141E+38    1.70141E+38    1.70141E+38    1.70141E+38    1.70141E+38    1.70141E+38    1.70141E+38    1.70141E+38    1.70141E+38    1.70141E+38    1.70141E+38    1.70141E+38    1.70141E+38    1.70141E+38    1.70141E+38    1.70141E+38    1.70141E+38    1.70141E+38    1.70141E+38    

1.70141E+38    1.70141E+38    1.70141E+38    1.70141E+38    1.70141E+38    1.70141E+38    1.70141E+38    1.70141E+38    1.70141E+38    1.70141E+38    1.70141E+38    1.70141E+38    1.70141E+38    1.70141E+38    1.70141E+38    1.70141E+38    1.70141E+38    1.70141E+38    1.70141E+38    1.70141E+38    1.70141E+38    1.70141E+38    1.70141E+38    

1.70141E+38    1.70141E+38    1.70141E+38    1.70141E+38    1.70141E+38    1.70141E+38    1.70141E+38    1.70141E+38    1.70141E+38    1.70141E+38    1.70141E+38    1.70141E+38    1.70141E+38    1.70141E+38    1.70141E+38    1.70141E+38    1.70141E+38    1.70141E+38    1.70141E+38    1.70141E+38    1.70141E+38    1.70141E+38    1.70141E+38    

1.70141E+38    1.70141E+38    1.70141E+38    1.70141E+38    1.70141E+38    1.70141E+38    1.70141E+38    1.70141E+38    1.70141E+38    1.70141E+38    1.70141E+38    1.70141E+38    1.70141E+38    1.70141E+38    1.70141E+38    1.70141E+38    1.70141E+38    1.70141E+38    1.70141E+38    1.70141E+38    1.70141E+38    1.70141E+38    1.70141E+38    

1.70141E+38    1.70141E+38    1.70141E+38    1.70141E+38    1.70141E+38    1.70141E+38    1.70141E+38    1.70141E+38    1.70141E+38    1.70141E+38    1.70141E+38    1.70141E+38    1.70141E+38    1.70141E+38    1.70141E+38    1.70141E+38    1.70141E+38    1.70141E+38    1.70141E+38    1.70141E+38    1.70141E+38    1.70141E+38    1.70141E+38    

1.70141E+38    1.70141E+38    1.70141E+38    1.70141E+38    1.70141E+38    1.70141E+38    1.70141E+38    1.70141E+38    1.70141E+38    1.70141E+38    1.70141E+38    1.70141E+38    1.70141E+38    1.70141E+38    1.70141E+38    1.70141E+38    1.70141E+38    1.70141E+38    1.70141E+38    1.70141E+38    1.70141E+38    1.70141E+38    1.70141E+38    

1.70141E+38    1.70141E+38    1.70141E+38    1.70141E+38    1.70141E+38    1.70141E+38    1.70141E+38    1.70141E+38    1.70141E+38    1.70141E+38    1.70141E+38    1.70141E+38    1.70141E+38    1.70141E+38    1.70141E+38    1.70141E+38    1.70141E+38    1.70141E+38    1.70141E+38    1.70141E+38    1.70141E+38    1.70141E+38    1.70141E+38    

