py_wake/examples/data/ParqueFicticio/Ridge area   Sector 7   Height 200m   Turbulence intensity.grd
DSAA
23  33
 262878   265078
 6504214   6507414
 11.10281   18.41528
1.70141E+38    1.70141E+38    1.70141E+38    1.70141E+38    1.70141E+38    1.70141E+38    1.70141E+38    1.70141E+38    1.70141E+38    1.70141E+38    1.70141E+38    1.70141E+38    1.70141E+38    1.70141E+38    1.70141E+38    1.70141E+38    1.70141E+38    1.70141E+38    1.70141E+38    1.70141E+38    1.70141E+38    1.70141E+38    1.70141E+38    

1.70141E+38    1.70141E+38    1.70141E+38    1.70141E+38    1.70141E+38    1.70141E+38    1.70141E+38    1.70141E+38    1.70141E+38    1.70141E+38    1.70141E+38    1.70141E+38    1.70141E+38    1.70141E+38    1.70141E+38    1.70141E+38    1.70141E+38    1.70141E+38    1.70141E+38    1.70141E+38    1.70141E+38    1.70141E+38    1.70141E+38    

1.70141E+38    1.70141E+38    1.70141E+38    1.70141E+38    1.70141E+38    1.70141E+38    1.70141E+38    1.70141E+38    1.70141E+38    1.70141E+38    1.70141E+38    1.70141E+38    1.70141E+38    1.70141E+38    1.70141E+38    1.70141E+38    1.70141E+38    1.70141E+38    1.70141E+38    1.70141E+38    1.70141E+38    1.70141E+38    1.70141E+38    

1.70141E+38    1.70141E+38    1.70141E+38    1.70141E+38    1.70141E+38    1.70141E+38    1.70141E+38    1.70141E+38    1.70141E+38    1.70141E+38    1.70141E+38    1.70141E+38    1.70141E+38    1.70141E+38    1.70141E+38    1.70141E+38    1.70141E+38    1.70141E+38    1.70141E+38    1.70141E+38    1.70141E+38    1.70141E+38    1.70141E+38    

1.70141E+38    1.70141E+38    1.70141E+38    1.70141E+38    1.70141E+38    1.70141E+38    1.70141E+38    1.70141E+38    1.70141E+38    1.70141E+38    1.70141E+38    1.70141E+38    1.70141E+38    1.70141E+38    1.70141E+38    1.70141E+38    1.70141E+38    1.70141E+38    1.70141E+38    1.70141E+38    1.70141E+38    1.70141E+38    1.70141E+38    

13.45616       13.46131       13.43186       13.37436       13.3356        13.29903       13.32883       13.36714       13.43605       13.36181       13.24498       13.20056       13.22562       13.54621       14.03824       14.48442       14.9355        15.36474       15.46603       14.95477       1.70141E+38    1.70141E+38    1.70141E+38    

13.30766       13.34004       13.41191       13.45866       13.45606       13.41451       13.31831       13.21004       13.06532       12.96758       12.88237       12.89793       13.12894       13.72931       14.39304       14.86697       15.2488        15.4409        15.05431       14.33482       1.70141E+38    1.70141E+38    1.70141E+38    

13.28345       13.23091       13.25108       13.44855       13.71327       13.87594       13.88536       13.70183       13.35828       13.05416       12.81779       12.82002       13.19263       13.91853       14.60315       15.05922       15.35503       15.23262       14.53997       13.87004       1.70141E+38    1.70141E+38    1.70141E+38    

13.39096       13.2955        13.2459        13.36963       13.6403        13.89841       14.0871        14.07383       13.80557       13.40797       12.95134       12.76008       13.19652       13.91788       14.4897        14.85426       15.18287       14.9177        14.07509       13.48021       1.70141E+38    1.70141E+38    1.70141E+38    

13.57026       13.41855       13.26764       13.25435       13.37526       13.45009       13.46965       13.40764       13.31851       13.16646       12.86774       12.65247       12.91273       13.40581       13.89021       14.30778       14.69755       14.51958       13.76895       13.17089       1.70141E+38    1.70141E+38    1.70141E+38    

13.60502       13.52825       13.24723       13.02804       12.94141       12.89653       12.80585       12.62584       12.4472        12.4055        12.35245       12.28259       12.47772       12.8419        13.32357       13.76081       14.01087       13.77782       13.25144       12.75247       1.70141E+38    1.70141E+38    1.70141E+38    

13.36362       13.62172       13.38013       13.03948       12.80031       12.64457       12.56175       12.36511       12.15012       12.00916       11.95184       11.94023       12.13708       12.52206       12.93976       13.16843       13.0301        12.72384       12.40872       12.18155       1.70141E+38    1.70141E+38    1.70141E+38    

12.7737        13.40233       13.6518        13.45127       13.20537       13.04406       12.97544       12.79277       12.44149       12.12203       11.89116       11.7749        11.89695       12.26058       12.56709       12.52146       12.16427       11.83896       11.66751       11.64828       1.70141E+38    1.70141E+38    1.70141E+38    

12.10868       12.68777       13.3694        13.61359       13.75194       13.69851       13.56718       13.44028       13.0236        12.47156       11.97666       11.67397       11.70848       11.99693       12.16933       11.98392       11.67158       11.45541       11.33664       11.34724       1.70141E+38    1.70141E+38    1.70141E+38    

11.61081       11.9718        12.50176       12.7907        13.28698       13.5508        13.35905       13.07272       12.68434       12.27178       11.82407       11.48436       11.44762       11.63754       11.75107       11.70452       11.66673       11.61576       11.54044       11.46441       1.70141E+38    1.70141E+38    1.70141E+38    

11.26905       11.40938       11.6907        11.88242       12.18414       12.53732       12.53554       12.29028       11.94658       11.65173       11.40396       11.23286       11.18952       11.30023       11.46622       11.73105       12.09345       12.30826       12.2963        12.14008       1.70141E+38    1.70141E+38    1.70141E+38    

11.12062       11.15388       11.29711       11.44577       11.57771       11.73782       11.81503       11.7585        11.59138       11.4123        11.24999       11.11835       11.10281       11.13993       11.38616       11.93568       12.78053       13.43826       13.50181       13.17153       1.70141E+38    1.70141E+38    1.70141E+38    

11.40672       11.3896        11.49856       11.66309       11.68831       11.76463       11.78577       11.75476       11.67935       11.60127       11.45823       11.23812       11.10987       11.13356       11.40203       12.0267        12.99321       14.0448        14.463         14.1214        1.70141E+38    1.70141E+38    1.70141E+38    

12.07921       12.16864       12.31592       12.43808       12.42951       12.41228       12.35814       12.35669       12.31841       12.23646       11.90795       11.43367       11.19986       11.23789       11.57256       12.21244       13.0983        14.15797       14.90546       14.79772       1.70141E+38    1.70141E+38    1.70141E+38    

12.99375       13.15095       13.08081       13.06666       13.11128       13.05074       13.07404       13.09753       12.94068       12.47775       11.9529        11.47284       11.34529       11.47355       11.83301       12.43464       13.23721       14.15057       14.80328       15.02238       1.70141E+38    1.70141E+38    1.70141E+38    

13.30008       13.21187       12.88727       12.65188       12.67176       12.77196       12.78891       12.77896       12.57966       12.05511       11.57745       11.35755       11.42047       11.82444       12.30352       12.79029       13.31511       13.83842       14.27204       14.57478       1.70141E+38    1.70141E+38    1.70141E+38    

12.70586       12.50418       12.35466       12.24677       12.31128       12.35026       12.34888       12.16097       11.9155        11.5776        11.32466       11.27369       11.44715       11.93455       12.65187       13.32567       13.75928       13.97271       14.06752       14.22284       1.70141E+38    1.70141E+38    1.70141E+38    

12.44446       12.38224       12.41847       12.50744       12.58869       12.53231       12.29324       11.84695       11.48953       11.33772       11.32366       11.41475       11.56505       11.89506       12.47895       13.27996       14.07674       14.49531       14.51481       14.44592       1.70141E+38    1.70141E+38    1.70141E+38    

12.67081       12.73678       12.82619       12.84593       12.73274       12.46802       12.03846       11.63695       11.42631       11.41091       11.59233       11.86274       11.99125       12.12456       12.42582       12.86501       13.56035       17.14931       18.253         18.41528       1.70141E+38    1.70141E+38    1.70141E+38    

13.21154       13.12644       12.96244       12.6279        12.26827       11.93099       11.64773       11.54684       11.59928       11.77536       12.07817       12.50357       12.67153       12.70199       12.83603       12.9094        13.13835       13.6693        14.4788        16.73309       1.70141E+38    1.70141E+38    1.70141E+38    

1.70141E+38    1.70141E+38    1.70141E+38    1.70141E+38    1.70141E+38    1.70141E+38    1.70141E+38    1.70141E+38    1.70141E+38    1.70141E+38    1.70141E+38    1.70141E+38    1.70141E+38    1.70141E+38    1.70141E+38    1.70141E+38    1.70141E+38    1.70141E+38    1.70141E+38    1.70141E+38    1.70141E+38    1.70141E+38    1.70141E+38    

1.70141E+38    1.70141E+38    1.70141E+38    1.70141E+38    1.70141E+38    1.70141E+38    1.70141E+38    1.70141E+38    1.70141E+38    1.70141E+38    1.70141E+38    1.70141E+38    1.70141E+38    1.70141E+38    1.70141E+38    1.70141E+38    1.70141E+38    1.70141E+38    1.70141E+38    1.70141E+38    1.70141E+38    1.70141E+38    1.70141E+38    

1.70141E+38    1.70141E+38    1.70141E+38    1.70141E+38    1.70141E+38    1.70141E+38    1.70141E+38    1.70141E+38    1.70141E+38    1.70141E+38    1.70141E+38    1.70141E+38    1.70141E+38    1.70141E+38    1.70141E+38    1.70141E+38    1.70141E+38    1.70141E+38    1.70141E+38    1.70141E+38    1.70141E+38    1.70141E+38    1.70141E+38    

1.70141E+38    1.70141E+38    1.70141E+38    1.70141E+38    1.70141E+38    1.70141E+38    1.70141E+38    1.70141E+38    1.70141E+38    1.70141E+38    1.70141E+38    1.70141E+38    1.70141E+38    1.70141E+38    1.70141E+38    1.70141E+38    1.70141E+38    1.70141E+38    1.70141E+38    1.70141E+38    1.70141E+38    1.70141E+38    1.70141E+38    

1.70141E+38    1.70141E+38    1.70141E+38    1.70141E+38    1.70141E+38    1.70141E+38    1.70141E+38    1.70141E+38    1.70141E+38    1.70141E+38    1.70141E+38    1.70141E+38    1.70141E+38    1.70141E+38    1.70141E+38    1.70141E+38    1.70141E+38    1.70141E+38    1.70141E+38    1.70141E+38    1.70141E+38    1.70141E+38    1.70141E+38    

1.70141E+38    1.70141E+38    1.70141E+38    1.70141E+38    1.70141E+38    1.70141E+38    1.70141E+38    1.70141E+38    1.70141E+38    1.70141E+38    1.70141E+38    1.70141E+38    1.70141E+38    1.70141E+38    1.70141E+38    1.70141E+38    1.70141E+38    1.70141E+38    1.70141E+38    1.70141E+38    1.70141E+38    1.70141E+38    1.70141E+38    

1.70141E+38    1.70141E+38    1.70141E+38    1.70141E+38    1.70141E+38    1.70141E+38    1.70141E+38    1.70141E+38    1.70141E+38    1.70141E+38    1.70141E+38    1.70141E+38    1.70141E+38    1.70141E+38    1.70141E+38    1.70141E+38    1.70141E+38    1.70141E+38    1.70141E+38    1.70141E+38    1.70141E+38    1.70141E+38    1.70141E+38    

1.70141E+38    1.70141E+38    1.70141E+38    1.70141E+38    1.70141E+38    1.70141E+38    1.70141E+38    1.70141E+38    1.70141E+38    1.70141E+38    1.70141E+38    1.70141E+38    1.70141E+38    1.70141E+38    1.70141E+38    1.70141E+38    1.70141E+38    1.70141E+38    1.70141E+38    1.70141E+38    1.70141E+38    1.70141E+38    1.70141E+38    

