py_wake/examples/data/ParqueFicticio/Ridge area   Sector 11   Height 30m   Weibull-A.grd
DSAA
23  33
 262878   265078
 6504214   6507414
 .5348089   9.776773
1.70141E+38    1.70141E+38    1.70141E+38    1.70141E+38    1.70141E+38    1.70141E+38    1.70141E+38    1.70141E+38    1.70141E+38    1.70141E+38    1.70141E+38    1.70141E+38    1.70141E+38    1.70141E+38    1.70141E+38    1.70141E+38    1.70141E+38    1.70141E+38    1.70141E+38    1.70141E+38    1.70141E+38    1.70141E+38    1.70141E+38    

1.70141E+38    1.70141E+38    1.70141E+38    1.70141E+38    1.70141E+38    1.70141E+38    1.70141E+38    1.70141E+38    1.70141E+38    1.70141E+38    1.70141E+38    1.70141E+38    1.70141E+38    1.70141E+38    1.70141E+38    1.70141E+38    1.70141E+38    1.70141E+38    1.70141E+38    1.70141E+38    1.70141E+38    1.70141E+38    1.70141E+38    

1.70141E+38    1.70141E+38    1.70141E+38    1.70141E+38    1.70141E+38    1.70141E+38    1.70141E+38    1.70141E+38    1.70141E+38    1.70141E+38    1.70141E+38    1.70141E+38    1.70141E+38    1.70141E+38    1.70141E+38    1.70141E+38    1.70141E+38    1.70141E+38    1.70141E+38    1.70141E+38    1.70141E+38    1.70141E+38    1.70141E+38    

1.70141E+38    1.70141E+38    1.70141E+38    1.70141E+38    1.70141E+38    1.70141E+38    1.70141E+38    1.70141E+38    1.70141E+38    1.70141E+38    1.70141E+38    1.70141E+38    1.70141E+38    1.70141E+38    1.70141E+38    1.70141E+38    1.70141E+38    1.70141E+38    1.70141E+38    1.70141E+38    1.70141E+38    1.70141E+38    1.70141E+38    

1.70141E+38    1.70141E+38    1.70141E+38    1.70141E+38    1.70141E+38    1.70141E+38    1.70141E+38    1.70141E+38    1.70141E+38    1.70141E+38    1.70141E+38    1.70141E+38    1.70141E+38    1.70141E+38    1.70141E+38    1.70141E+38    1.70141E+38    1.70141E+38    1.70141E+38    1.70141E+38    1.70141E+38    1.70141E+38    1.70141E+38    

5.866291       5.95616        6.204409       6.714601       7.281472       8.010618       8.414844       8.769354       8.483497       8.583034       8.386065       7.758294       6.87302        3.204244       1.361145       1.371631       1.336998       1.263334       1.792551       3.269179       1.70141E+38    1.70141E+38    1.70141E+38    

6.002813       6.082033       5.959968       6.006824       6.410024       6.970335       7.675082       8.493456       9.091384       9.146163       8.872045       8.095857       6.208484       2.22924        1.241656       1.53683        1.308327       1.338005       1.897842       2.36663        1.70141E+38    1.70141E+38    1.70141E+38    

5.665417       6.108391       6.497895       6.201557       5.907957       5.920073       6.175506       6.690475       7.498376       8.286922       8.909817       8.106735       4.554922       1.484832       .8397076       .8862945       1.340695       1.70891        2.055831       2.978208       1.70141E+38    1.70141E+38    1.70141E+38    

5.169346       5.591128       6.183414       6.508277       6.399474       6.264306       6.013975       5.850534       5.916584       6.548703       7.950026       8.296528       4.446372       1.390236       .8682482       .6276739       1.401356       1.864449       2.892988       4.520533       1.70141E+38    1.70141E+38    1.70141E+38    

4.518783       4.882354       5.751096       6.383902       6.453094       6.660662       6.869348       7.059171       6.789135       6.612201       7.341882       8.1005         6.05131        2.066781       1.250222       .6742706       1.775625       1.921978       3.596435       5.613204       1.70141E+38    1.70141E+38    1.70141E+38    

4.436862       3.95237        5.087845       6.167205       6.597593       6.686395       7.210943       8.223713       8.594865       8.235195       8.208654       8.429331       7.147663       4.00461        1.606098       1.31436        2.070404       3.239959       4.378407       5.351711       1.70141E+38    1.70141E+38    1.70141E+38    

5.176517       3.295627       3.690091       4.751019       5.583347       6.45471        6.903921       7.804589       8.739903       9.180072       9.095678       8.966535       7.616286       3.367588       .9404942       1.723771       3.206289       4.572903       4.989639       5.362562       1.70141E+38    1.70141E+38    1.70141E+38    

6.455725       2.248827       2.032238       2.482865       3.332397       4.434773       5.008911       5.652524       6.900908       7.971212       8.759719       9.11697        7.80499        2.476999       1.570812       2.316309       4.417614       5.941304       6.283123       6.107377       1.70141E+38    1.70141E+38    1.70141E+38    

7.647666       3.311991       .8836467       1.290079       .9817395       1.464094       3.041839       3.605306       4.57517        5.885579       7.589945       8.944863       7.869753       3.258272       1.785756       3.273037       5.118904       6.507341       7.030368       6.569715       1.70141E+38    1.70141E+38    1.70141E+38    

8.338039       6.245027       1.579472       2.229374       1.521389       1.020939       3.295458       4.45043        5.32507        6.04583        7.444583       9.036812       8.802843       6.251099       3.764717       4.016655       4.280394       5.016874       5.597905       6.000993       1.70141E+38    1.70141E+38    1.70141E+38    

8.491411       7.900342       6.271547       6.249995       5.633084       4.655494       5.32223        6.361325       7.406495       8.025216       8.72938        9.522043       9.567367       8.361193       5.784909       2.762308       1.998266       2.501331       3.461483       4.274645       1.70141E+38    1.70141E+38    1.70141E+38    

8.387333       8.556163       7.803575       7.503681       7.668302       7.498727       7.447021       7.528001       7.972751       8.46487        9.089063       9.776773       9.55862        8.952531       6.221492       1.752829       .94984         1.231625       2.423985       3.741258       1.70141E+38    1.70141E+38    1.70141E+38    

7.46348        8.031803       7.645172       6.928799       7.446095       7.535156       7.543138       7.603367       7.900469       8.034497       8.353015       9.217671       9.562996       9.027734       7.140409       2.843527       1.582855       1.244227       2.184582       1.328411       1.70141E+38    1.70141E+38    1.70141E+38    

6.765567       6.9441         6.513508       5.767257       5.874754       6.231842       6.493808       6.507692       6.663997       6.535769       6.843962       8.405468       9.155297       8.989189       7.437407       4.497215       1.342148       .9408828       .5348089       .6935999       1.70141E+38    1.70141E+38    1.70141E+38    

5.898825       5.821235       5.531796       4.711428       4.325825       4.868243       4.827087       4.636271       4.809886       5.943567       6.68469        8.16737        8.66508        8.433312       4.831793       6.275379       5.240411       .7835538       1.423636       2.327594       1.70141E+38    1.70141E+38    1.70141E+38    

5.798239       5.93885        6.236888       6.469484       6.208504       5.982044       6.046072       5.841596       5.814133       6.851603       7.916445       8.688864       8.73859        4.005497       2.520201       2.597883       4.05396        2.892731       3.186485       3.259415       1.70141E+38    1.70141E+38    1.70141E+38    

6.631007       7.050214       7.073916       7.264784       7.236963       7.29111        7.272178       7.418982       7.234969       7.608018       8.440642       9.12886        9.222178       7.734957       5.05378        4.443913       4.788719       4.876609       4.805876       3.802398       1.70141E+38    1.70141E+38    1.70141E+38    

6.567683       6.916154       6.782075       6.637846       6.49895        6.600206       6.683976       7.363504       8.061405       8.283517       8.426696       8.668155       9.376311       9.148166       7.352007       4.953496       2.605618       2.088037       2.322279       2.389926       1.70141E+38    1.70141E+38    1.70141E+38    

6.059732       6.245854       6.17656        6.15958        6.142588       6.296883       6.605525       7.263596       7.998871       8.399119       8.269341       7.657971       8.13026        8.889981       8.587487       7.752109       5.183714       1.048761       .8752238       .7207131       1.70141E+38    1.70141E+38    1.70141E+38    

5.132702       5.593746       5.832958       6.279892       6.690617       7.060402       7.529159       7.704332       7.832455       8.04317        7.966424       6.714884       6.515321       7.089338       6.890755       7.961528       6.614798       4.675217       1.608931       1.169775       1.70141E+38    1.70141E+38    1.70141E+38    

1.70141E+38    1.70141E+38    1.70141E+38    1.70141E+38    1.70141E+38    1.70141E+38    1.70141E+38    1.70141E+38    1.70141E+38    1.70141E+38    1.70141E+38    1.70141E+38    1.70141E+38    1.70141E+38    1.70141E+38    1.70141E+38    1.70141E+38    1.70141E+38    1.70141E+38    1.70141E+38    1.70141E+38    1.70141E+38    1.70141E+38    

1.70141E+38    1.70141E+38    1.70141E+38    1.70141E+38    1.70141E+38    1.70141E+38    1.70141E+38    1.70141E+38    1.70141E+38    1.70141E+38    1.70141E+38    1.70141E+38    1.70141E+38    1.70141E+38    1.70141E+38    1.70141E+38    1.70141E+38    1.70141E+38    1.70141E+38    1.70141E+38    1.70141E+38    1.70141E+38    1.70141E+38    

1.70141E+38    1.70141E+38    1.70141E+38    1.70141E+38    1.70141E+38    1.70141E+38    1.70141E+38    1.70141E+38    1.70141E+38    1.70141E+38    1.70141E+38    1.70141E+38    1.70141E+38    1.70141E+38    1.70141E+38    1.70141E+38    1.70141E+38    1.70141E+38    1.70141E+38    1.70141E+38    1.70141E+38    1.70141E+38    1.70141E+38    

1.70141E+38    1.70141E+38    1.70141E+38    1.70141E+38    1.70141E+38    1.70141E+38    1.70141E+38    1.70141E+38    1.70141E+38    1.70141E+38    1.70141E+38    1.70141E+38    1.70141E+38    1.70141E+38    1.70141E+38    1.70141E+38    1.70141E+38    1.70141E+38    1.70141E+38    1.70141E+38    1.70141E+38    1.70141E+38    1.70141E+38    

1.70141E+38    1.70141E+38    1.70141E+38    1.70141E+38    1.70141E+38    1.70141E+38    1.70141E+38    1.70141E+38    1.70141E+38    1.70141E+38    1.70141E+38    1.70141E+38    1.70141E+38    1.70141E+38    1.70141E+38    1.70141E+38    1.70141E+38    1.70141E+38    1.70141E+38    1.70141E+38    1.70141E+38    1.70141E+38    1.70141E+38    

1.70141E+38    1.70141E+38    1.70141E+38    1.70141E+38    1.70141E+38    1.70141E+38    1.70141E+38    1.70141E+38    1.70141E+38    1.70141E+38    1.70141E+38    1.70141E+38    1.70141E+38    1.70141E+38    1.70141E+38    1.70141E+38    1.70141E+38    1.70141E+38    1.70141E+38    1.70141E+38    1.70141E+38    1.70141E+38    1.70141E+38    

1.70141E+38    1.70141E+38    1.70141E+38    1.70141E+38    1.70141E+38    1.70141E+38    1.70141E+38    1.70141E+38    1.70141E+38    1.70141E+38    1.70141E+38    1.70141E+38    1.70141E+38    1.70141E+38    1.70141E+38    1.70141E+38    1.70141E+38    1.70141E+38    1.70141E+38    1.70141E+38    1.70141E+38    1.70141E+38    1.70141E+38    

1.70141E+38    1.70141E+38    1.70141E+38    1.70141E+38    1.70141E+38    1.70141E+38    1.70141E+38    1.70141E+38    1.70141E+38    1.70141E+38    1.70141E+38    1.70141E+38    1.70141E+38    1.70141E+38    1.70141E+38    1.70141E+38    1.70141E+38    1.70141E+38    1.70141E+38    1.70141E+38    1.70141E+38    1.70141E+38    1.70141E+38    

