py_wake/examples/data/ParqueFicticio/Ridge area   Sector 5   Height 30m   Flow inclination.grd
DSAA
23  33
 262878   265078
 6504214   6507414
-15.95305   22.25229
1.70141E+38    1.70141E+38    1.70141E+38    1.70141E+38    1.70141E+38    1.70141E+38    1.70141E+38    1.70141E+38    1.70141E+38    1.70141E+38    1.70141E+38    1.70141E+38    1.70141E+38    1.70141E+38    1.70141E+38    1.70141E+38    1.70141E+38    1.70141E+38    1.70141E+38    1.70141E+38    1.70141E+38    1.70141E+38    1.70141E+38    

1.70141E+38    1.70141E+38    1.70141E+38    1.70141E+38    1.70141E+38    1.70141E+38    1.70141E+38    1.70141E+38    1.70141E+38    1.70141E+38    1.70141E+38    1.70141E+38    1.70141E+38    1.70141E+38    1.70141E+38    1.70141E+38    1.70141E+38    1.70141E+38    1.70141E+38    1.70141E+38    1.70141E+38    1.70141E+38    1.70141E+38    

1.70141E+38    1.70141E+38    1.70141E+38    1.70141E+38    1.70141E+38    1.70141E+38    1.70141E+38    1.70141E+38    1.70141E+38    1.70141E+38    1.70141E+38    1.70141E+38    1.70141E+38    1.70141E+38    1.70141E+38    1.70141E+38    1.70141E+38    1.70141E+38    1.70141E+38    1.70141E+38    1.70141E+38    1.70141E+38    1.70141E+38    

1.70141E+38    1.70141E+38    1.70141E+38    1.70141E+38    1.70141E+38    1.70141E+38    1.70141E+38    1.70141E+38    1.70141E+38    1.70141E+38    1.70141E+38    1.70141E+38    1.70141E+38    1.70141E+38    1.70141E+38    1.70141E+38    1.70141E+38    1.70141E+38    1.70141E+38    1.70141E+38    1.70141E+38    1.70141E+38    1.70141E+38    

1.70141E+38    1.70141E+38    1.70141E+38    1.70141E+38    1.70141E+38    1.70141E+38    1.70141E+38    1.70141E+38    1.70141E+38    1.70141E+38    1.70141E+38    1.70141E+38    1.70141E+38    1.70141E+38    1.70141E+38    1.70141E+38    1.70141E+38    1.70141E+38    1.70141E+38    1.70141E+38    1.70141E+38    1.70141E+38    1.70141E+38    

-5.10064       -6.954182      -8.738503      -9.56135       -9.461703      -8.121541      -5.937253      -3.539035      -1.366823      -.7620605      3.698087       6.502428       10.65779       15.53849       16.42927       14.47424       8.073447       2.089183       12.30958       .7130581       1.70141E+38    1.70141E+38    1.70141E+38    

-5.906622      -6.154611      -7.513363      -10.34782      -11.92928      -12.52362      -12.22726      -11.10127      -7.921912      -4.415705      1.279803       6.783492       13.51382       18.94506       18.33025       13.21747       .4559252       10.12378       14.50008       -.07816827     1.70141E+38    1.70141E+38    1.70141E+38    

-7.689395      -8.474849      -7.464559      -7.609661      -10.68586      -13.08732      -14.20679      -14.23061      -12.75684      -9.881044      -3.383834      6.771559       15.50451       20.36985       21.3434        12.5255        -5.397985      8.085419       -.5777206      1.771248       1.70141E+38    1.70141E+38    1.70141E+38    

-8.13819       -10.02042      -10.1318       -8.491787      -8.614219      -9.090777      -9.905296      -10.81154      -11.0285       -10.0532       -6.494707      5.495623       17.51263       21.80316       20.56145       15.82677       -3.562851      11.83519       -1.094247      3.679121       1.70141E+38    1.70141E+38    1.70141E+38    

-6.919953      -10.04929      -9.842764      -8.715869      -8.152289      -8.242675      -7.034256      -4.766946      -3.014519      -3.621308      -3.198711      5.144272       16.39151       22.25229       21.10617       18.92235       3.992159       11.66267       -.03672628     4.58577        1.70141E+38    1.70141E+38    1.70141E+38    

-2.193656      -8.599701      -10.57154      -9.82923       -8.23316       -7.796246      -8.453135      -7.425558      -2.955438      .1317078       .3081425       5.645876       14.25354       19.68458       17.95157       11.27028       18.09818       8.511572       3.943458       6.761747       1.70141E+38    1.70141E+38    1.70141E+38    

3.806277       -3.784503      -10.17463      -11.7906       -11.23166      -10.11847      -10.90343      -11.6098       -9.340623      -5.607427      -1.911321      4.63662        12.86493       17.94709       15.39159       9.805209       9.168243       8.323692       7.545776       9.986606       1.70141E+38    1.70141E+38    1.70141E+38    

7.475224       5.453555       -6.213014      -10.28756      -13.79268      -14.42707      -15.15334      -14.78668      -13.37199      -11.24945      -7.33406       1.161398       11.78417       17.86023       13.87388       6.194531       4.929758       5.865734       8.027921       12.85779       1.70141E+38    1.70141E+38    1.70141E+38    

4.909887       9.849486       3.14309        -5.292923      -9.229202      -11.19857      -14.93193      -15.15377      -14.15361      -12.61895      -9.591744      -1.549072      10.43233       17.98233       13.83256       6.763247       2.619385       2.624938       5.628614       10.455         1.70141E+38    1.70141E+38    1.70141E+38    

-.4559776      8.568431       6.608009       2.169673       -.2359833      -1.46422       -7.646984      -9.861754      -9.582659      -8.962266      -7.721298      -1.830026      8.524866       16.48831       13.34522       6.43412        1.838585       -.005335747    1.29692        4.306692       1.70141E+38    1.70141E+38    1.70141E+38    

-4.301114      3.938743       4.960861       1.201468       2.416837       -.3907274      -4.874006      -6.966174      -7.319994      -6.531908      -5.57959       -1.818507      5.934596       12.3588        13.25305       9.87544        5.909237       1.790226       .2579072       .5075761       1.70141E+38    1.70141E+38    1.70141E+38    

-8.563443      -2.741383      -1.397007      -4.139801      -3.833584      -3.584869      -5.231186      -7.263713      -8.622518      -8.911283      -8.073229      -4.072431      1.521662       9.041583       14.44763       14.99166       9.736976       1.337455       .3787868       -.748324       1.70141E+38    1.70141E+38    1.70141E+38    

-12.92727      -9.594912      -7.21232       -11.15011      -11.50133      -10.98303      -10.90278      -11.47382      -11.49578      -11.7652       -11.96737      -8.333018      -.7480614      6.588816       13.5688        16.65392       14.64019       5.769636       2.324617       3.012395       1.70141E+38    1.70141E+38    1.70141E+38    

-13.15926      -9.876534      -9.88616       -13.82637      -15.95305      -15.61683      -14.6691       -14.75687      -14.70826      -15.14428      -14.84606      -10.53725      -3.319816      4.930705       12.28449       15.10175       14.95539       12.46364       4.139869       13.06255       1.70141E+38    1.70141E+38    1.70141E+38    

-9.798147      -8.266109      -10.69394      -11.40854      -13.79674      -13.09116      -13.18332      -14.0186       -14.0815       -13.57656      -11.87256      -7.773592      -.3275238      4.825471       9.241077       12.93375       14.35778       14.71772       9.840127       1.090548       1.70141E+38    1.70141E+38    1.70141E+38    

-7.486638      -7.445755      -6.639575      -4.506744      -4.253331      -5.534673      -6.966991      -8.256001      -9.542703      -10.15236      -7.533841      -2.478283      4.468447       8.926992       6.923563       6.667969       8.87676        9.104888       12.05814       11.51156       1.70141E+38    1.70141E+38    1.70141E+38    

-8.78699       -7.179715      -7.229674      -8.335671      -8.317312      -9.018761      -10.12224      -8.495873      -7.666068      -8.282227      -6.148036      -1.116315      6.853126       14.15168       12.23212       7.668265       3.156242       2.671209       5.881361       9.385946       1.70141E+38    1.70141E+38    1.70141E+38    

-11.13656      -10.38177      -10.75634      -12.18076      -14.06017      -13.59091      -13.61893      -12.38209      -8.882932      -6.401384      -3.183442      -2.499992      1.204317       9.921255       14.94356       13.16712       9.231532       3.586854       1.175791       2.697013       1.70141E+38    1.70141E+38    1.70141E+38    

-13.83802      -12.3303       -12.63489      -10.87894      -9.33186       -9.555023      -11.52817      -10.82296      -8.582397      -5.463115      -1.163661      -2.256169      -3.333689      1.298573       5.275169       10.93528       16.37874       12.97228       7.028737       3.690313       1.70141E+38    1.70141E+38    1.70141E+38    

-13.07999      -11.13999      -6.915024      -7.081668      -9.267516      -9.651341      -8.482352      -6.707625      -5.59815       -4.377501      -.1126574      .6871316       -3.252537      -1.555598      -1.785385      -.2241352      9.378851       17.19774       11.67712       10.49774       1.70141E+38    1.70141E+38    1.70141E+38    

1.70141E+38    1.70141E+38    1.70141E+38    1.70141E+38    1.70141E+38    1.70141E+38    1.70141E+38    1.70141E+38    1.70141E+38    1.70141E+38    1.70141E+38    1.70141E+38    1.70141E+38    1.70141E+38    1.70141E+38    1.70141E+38    1.70141E+38    1.70141E+38    1.70141E+38    1.70141E+38    1.70141E+38    1.70141E+38    1.70141E+38    

1.70141E+38    1.70141E+38    1.70141E+38    1.70141E+38    1.70141E+38    1.70141E+38    1.70141E+38    1.70141E+38    1.70141E+38    1.70141E+38    1.70141E+38    1.70141E+38    1.70141E+38    1.70141E+38    1.70141E+38    1.70141E+38    1.70141E+38    1.70141E+38    1.70141E+38    1.70141E+38    1.70141E+38    1.70141E+38    1.70141E+38    

1.70141E+38    1.70141E+38    1.70141E+38    1.70141E+38    1.70141E+38    1.70141E+38    1.70141E+38    1.70141E+38    1.70141E+38    1.70141E+38    1.70141E+38    1.70141E+38    1.70141E+38    1.70141E+38    1.70141E+38    1.70141E+38    1.70141E+38    1.70141E+38    1.70141E+38    1.70141E+38    1.70141E+38    1.70141E+38    1.70141E+38    

1.70141E+38    1.70141E+38    1.70141E+38    1.70141E+38    1.70141E+38    1.70141E+38    1.70141E+38    1.70141E+38    1.70141E+38    1.70141E+38    1.70141E+38    1.70141E+38    1.70141E+38    1.70141E+38    1.70141E+38    1.70141E+38    1.70141E+38    1.70141E+38    1.70141E+38    1.70141E+38    1.70141E+38    1.70141E+38    1.70141E+38    

1.70141E+38    1.70141E+38    1.70141E+38    1.70141E+38    1.70141E+38    1.70141E+38    1.70141E+38    1.70141E+38    1.70141E+38    1.70141E+38    1.70141E+38    1.70141E+38    1.70141E+38    1.70141E+38    1.70141E+38    1.70141E+38    1.70141E+38    1.70141E+38    1.70141E+38    1.70141E+38    1.70141E+38    1.70141E+38    1.70141E+38    

1.70141E+38    1.70141E+38    1.70141E+38    1.70141E+38    1.70141E+38    1.70141E+38    1.70141E+38    1.70141E+38    1.70141E+38    1.70141E+38    1.70141E+38    1.70141E+38    1.70141E+38    1.70141E+38    1.70141E+38    1.70141E+38    1.70141E+38    1.70141E+38    1.70141E+38    1.70141E+38    1.70141E+38    1.70141E+38    1.70141E+38    

1.70141E+38    1.70141E+38    1.70141E+38    1.70141E+38    1.70141E+38    1.70141E+38    1.70141E+38    1.70141E+38    1.70141E+38    1.70141E+38    1.70141E+38    1.70141E+38    1.70141E+38    1.70141E+38    1.70141E+38    1.70141E+38    1.70141E+38    1.70141E+38    1.70141E+38    1.70141E+38    1.70141E+38    1.70141E+38    1.70141E+38    

1.70141E+38    1.70141E+38    1.70141E+38    1.70141E+38    1.70141E+38    1.70141E+38    1.70141E+38    1.70141E+38    1.70141E+38    1.70141E+38    1.70141E+38    1.70141E+38    1.70141E+38    1.70141E+38    1.70141E+38    1.70141E+38    1.70141E+38    1.70141E+38    1.70141E+38    1.70141E+38    1.70141E+38    1.70141E+38    1.70141E+38    

