py_wake/examples/data/ParqueFicticio/Ridge area   Sector 2   Height 30m   Weibull-A.grd
DSAA
23  33
 262878   265078
 6504214   6507414
 .3525685   5.46314
1.70141E+38    1.70141E+38    1.70141E+38    1.70141E+38    1.70141E+38    1.70141E+38    1.70141E+38    1.70141E+38    1.70141E+38    1.70141E+38    1.70141E+38    1.70141E+38    1.70141E+38    1.70141E+38    1.70141E+38    1.70141E+38    1.70141E+38    1.70141E+38    1.70141E+38    1.70141E+38    1.70141E+38    1.70141E+38    1.70141E+38    

1.70141E+38    1.70141E+38    1.70141E+38    1.70141E+38    1.70141E+38    1.70141E+38    1.70141E+38    1.70141E+38    1.70141E+38    1.70141E+38    1.70141E+38    1.70141E+38    1.70141E+38    1.70141E+38    1.70141E+38    1.70141E+38    1.70141E+38    1.70141E+38    1.70141E+38    1.70141E+38    1.70141E+38    1.70141E+38    1.70141E+38    

1.70141E+38    1.70141E+38    1.70141E+38    1.70141E+38    1.70141E+38    1.70141E+38    1.70141E+38    1.70141E+38    1.70141E+38    1.70141E+38    1.70141E+38    1.70141E+38    1.70141E+38    1.70141E+38    1.70141E+38    1.70141E+38    1.70141E+38    1.70141E+38    1.70141E+38    1.70141E+38    1.70141E+38    1.70141E+38    1.70141E+38    

1.70141E+38    1.70141E+38    1.70141E+38    1.70141E+38    1.70141E+38    1.70141E+38    1.70141E+38    1.70141E+38    1.70141E+38    1.70141E+38    1.70141E+38    1.70141E+38    1.70141E+38    1.70141E+38    1.70141E+38    1.70141E+38    1.70141E+38    1.70141E+38    1.70141E+38    1.70141E+38    1.70141E+38    1.70141E+38    1.70141E+38    

1.70141E+38    1.70141E+38    1.70141E+38    1.70141E+38    1.70141E+38    1.70141E+38    1.70141E+38    1.70141E+38    1.70141E+38    1.70141E+38    1.70141E+38    1.70141E+38    1.70141E+38    1.70141E+38    1.70141E+38    1.70141E+38    1.70141E+38    1.70141E+38    1.70141E+38    1.70141E+38    1.70141E+38    1.70141E+38    1.70141E+38    

1.633811       1.634691       1.654566       1.707343       1.801672       1.983124       2.110366       2.364526       2.492046       2.789464       3.259564       3.497194       3.546436       3.015199       1.283079       1.389062       1.240879       1.338562       1.252432       1.122912       1.70141E+38    1.70141E+38    1.70141E+38    

1.656332       1.662716       1.673262       1.678793       1.726529       1.868473       2.148635       2.551813       2.897722       3.143248       3.463385       3.637946       3.42416        2.584409       1.385326       1.071862       1.092639       .6066359       .8337745       2.326909       1.70141E+38    1.70141E+38    1.70141E+38    

1.598051       1.726048       1.862879       1.796264       1.566685       1.46439        1.530222       1.886265       2.470145       3.002591       3.394657       3.51506        3.069731       2.207442       1.55559        .887361        .6040072       .585421        1.600011       2.859712       1.70141E+38    1.70141E+38    1.70141E+38    

1.446502       1.626643       1.789425       1.809823       1.626531       1.435647       1.320473       1.436613       1.846372       2.401641       3.135653       3.51869        2.86857        2.042404       1.630038       1.147888       .5404593       .7638223       2.204551       3.242115       1.70141E+38    1.70141E+38    1.70141E+38    

1.217194       1.49176        1.690454       1.781724       1.746326       1.771655       1.874027       2.083832       2.293672       2.587216       3.098727       3.52967        3.158764       2.458413       1.817973       1.608054       1.290678       .8671797       2.270603       3.447746       1.70141E+38    1.70141E+38    1.70141E+38    

1.116723       1.385448       1.723996       2.030616       2.198581       2.353351       2.664999       3.115529       3.421897       3.513361       3.707748       3.9873         3.752843       3.005716       1.392365       1.838766       .7897069       1.076932       2.609457       3.82342        1.70141E+38    1.70141E+38    1.70141E+38    

1.283485       1.116919       1.66753        2.192388       2.594945       2.908276       3.161538       3.543708       3.809441       3.938271       4.088461       4.304563       4.127134       3.302673       1.189663       2.045664       1.152689       2.181343       3.714845       4.465448       1.70141E+38    1.70141E+38    1.70141E+38    

1.967708       1.051778       1.099237       1.635135       2.16204        2.452805       2.473903       2.780728       3.190841       3.541972       3.923882       4.284893       4.265463       3.650306       1.859337       2.639328       2.678008       4.399821       4.862437       4.954726       1.70141E+38    1.70141E+38    1.70141E+38    

2.649821       2.033791       1.158673       .9921942       1.031497       1.036311       1.642979       1.614681       1.995326       2.670629       3.571605       4.261296       4.339522       3.884412       3.37343        3.772159       4.917265       5.405954       5.461674       5.194101       1.70141E+38    1.70141E+38    1.70141E+38    

3.141386       2.775111       2.111908       1.953858       1.286062       1.459773       1.840147       1.979138       2.366699       2.859586       3.694871       4.469956       4.563371       4.333374       4.445441       5.031873       5.46314        5.459711       5.237042       4.987598       1.70141E+38    1.70141E+38    1.70141E+38    

3.529994       3.486494       3.123684       3.068149       2.785298       2.478283       2.74968        3.135716       3.645017       4.094383       4.529317       4.813702       4.875952       4.825058       5.010862       5.19192        4.97249        4.678493       4.417836       4.18997        1.70141E+38    1.70141E+38    1.70141E+38    

4.023329       4.065346       3.841465       3.642898       3.633398       3.720037       3.899776       4.051519       4.373794       4.60921        4.759619       4.874566       4.856056       5.018701       4.972279       4.525642       3.777236       3.513593       3.532519       3.557119       1.70141E+38    1.70141E+38    1.70141E+38    

3.870242       3.828946       3.429077       2.984886       3.238913       3.39594        3.653498       3.897321       4.09132        4.075878       4.165897       4.560187       4.868598       5.040431       4.874544       4.347957       3.078966       2.214291       3.035764       2.666569       1.70141E+38    1.70141E+38    1.70141E+38    

3.325533       2.736066       2.003251       1.807168       1.977722       2.094323       2.139101       2.084172       2.178804       2.134618       3.022775       4.353204       4.965031       4.956339       4.522121       4.007687       2.303026       2.41752        2.5534         2.665679       1.70141E+38    1.70141E+38    1.70141E+38    

2.163785       1.454764       1.13129        1.098537       1.226804       1.329527       .9401557       .4190964       .3525685       1.235809       3.2728         4.637962       4.944803       4.728999       4.170654       3.73229        3.414685       1.756221       2.716086       2.491059       1.70141E+38    1.70141E+38    1.70141E+38    

1.690933       1.56683        2.081903       2.389985       2.376019       2.07703        1.738192       1.201504       .7937402       2.844974       4.533093       5.062958       4.935286       4.075004       3.557755       3.410121       3.391732       3.346458       3.325404       3.186505       1.70141E+38    1.70141E+38    1.70141E+38    

3.145375       3.457866       3.557131       3.659681       3.293538       3.040168       2.800174       3.093537       3.621014       4.591343       5.231911       5.277295       4.811095       3.973148       3.166723       2.854002       2.996864       3.235482       3.400406       3.393924       1.70141E+38    1.70141E+38    1.70141E+38    

3.850495       3.898888       3.408205       2.670904       2.117249       1.795525       2.15207        4.036588       4.867195       5.267143       5.366231       4.985717       4.528344       3.977179       3.481987       3.034616       2.454039       2.446999       2.850528       3.064572       1.70141E+38    1.70141E+38    1.70141E+38    

3.499725       3.042992       2.284267       1.590161       .9870461       1.247617       3.330572       4.690325       5.251419       5.285664       4.786501       4.206855       3.975244       3.757013       3.556292       3.398809       3.085358       2.361334       1.985605       2.238141       1.70141E+38    1.70141E+38    1.70141E+38    

2.522094       2.34198        2.326681       2.795861       3.401191       4.052903       4.731023       5.121274       5.091368       4.696301       4.147371       3.582196       3.451027       3.344589       3.165934       3.351565       3.363337       3.049675       2.595212       2.159603       1.70141E+38    1.70141E+38    1.70141E+38    

1.70141E+38    1.70141E+38    1.70141E+38    1.70141E+38    1.70141E+38    1.70141E+38    1.70141E+38    1.70141E+38    1.70141E+38    1.70141E+38    1.70141E+38    1.70141E+38    1.70141E+38    1.70141E+38    1.70141E+38    1.70141E+38    1.70141E+38    1.70141E+38    1.70141E+38    1.70141E+38    1.70141E+38    1.70141E+38    1.70141E+38    

1.70141E+38    1.70141E+38    1.70141E+38    1.70141E+38    1.70141E+38    1.70141E+38    1.70141E+38    1.70141E+38    1.70141E+38    1.70141E+38    1.70141E+38    1.70141E+38    1.70141E+38    1.70141E+38    1.70141E+38    1.70141E+38    1.70141E+38    1.70141E+38    1.70141E+38    1.70141E+38    1.70141E+38    1.70141E+38    1.70141E+38    

1.70141E+38    1.70141E+38    1.70141E+38    1.70141E+38    1.70141E+38    1.70141E+38    1.70141E+38    1.70141E+38    1.70141E+38    1.70141E+38    1.70141E+38    1.70141E+38    1.70141E+38    1.70141E+38    1.70141E+38    1.70141E+38    1.70141E+38    1.70141E+38    1.70141E+38    1.70141E+38    1.70141E+38    1.70141E+38    1.70141E+38    

1.70141E+38    1.70141E+38    1.70141E+38    1.70141E+38    1.70141E+38    1.70141E+38    1.70141E+38    1.70141E+38    1.70141E+38    1.70141E+38    1.70141E+38    1.70141E+38    1.70141E+38    1.70141E+38    1.70141E+38    1.70141E+38    1.70141E+38    1.70141E+38    1.70141E+38    1.70141E+38    1.70141E+38    1.70141E+38    1.70141E+38    

1.70141E+38    1.70141E+38    1.70141E+38    1.70141E+38    1.70141E+38    1.70141E+38    1.70141E+38    1.70141E+38    1.70141E+38    1.70141E+38    1.70141E+38    1.70141E+38    1.70141E+38    1.70141E+38    1.70141E+38    1.70141E+38    1.70141E+38    1.70141E+38    1.70141E+38    1.70141E+38    1.70141E+38    1.70141E+38    1.70141E+38    

1.70141E+38    1.70141E+38    1.70141E+38    1.70141E+38    1.70141E+38    1.70141E+38    1.70141E+38    1.70141E+38    1.70141E+38    1.70141E+38    1.70141E+38    1.70141E+38    1.70141E+38    1.70141E+38    1.70141E+38    1.70141E+38    1.70141E+38    1.70141E+38    1.70141E+38    1.70141E+38    1.70141E+38    1.70141E+38    1.70141E+38    

1.70141E+38    1.70141E+38    1.70141E+38    1.70141E+38    1.70141E+38    1.70141E+38    1.70141E+38    1.70141E+38    1.70141E+38    1.70141E+38    1.70141E+38    1.70141E+38    1.70141E+38    1.70141E+38    1.70141E+38    1.70141E+38    1.70141E+38    1.70141E+38    1.70141E+38    1.70141E+38    1.70141E+38    1.70141E+38    1.70141E+38    

1.70141E+38    1.70141E+38    1.70141E+38    1.70141E+38    1.70141E+38    1.70141E+38    1.70141E+38    1.70141E+38    1.70141E+38    1.70141E+38    1.70141E+38    1.70141E+38    1.70141E+38    1.70141E+38    1.70141E+38    1.70141E+38    1.70141E+38    1.70141E+38    1.70141E+38    1.70141E+38    1.70141E+38    1.70141E+38    1.70141E+38    

