py_wake/examples/data/ParqueFicticio/Ridge area   Sector 2   Height 200m   Weibull-A.grd
DSAA
23  33
 262878   265078
 6504214   6507414
 4.408058   6.574946
1.70141E+38    1.70141E+38    1.70141E+38    1.70141E+38    1.70141E+38    1.70141E+38    1.70141E+38    1.70141E+38    1.70141E+38    1.70141E+38    1.70141E+38    1.70141E+38    1.70141E+38    1.70141E+38    1.70141E+38    1.70141E+38    1.70141E+38    1.70141E+38    1.70141E+38    1.70141E+38    1.70141E+38    1.70141E+38    1.70141E+38    

1.70141E+38    1.70141E+38    1.70141E+38    1.70141E+38    1.70141E+38    1.70141E+38    1.70141E+38    1.70141E+38    1.70141E+38    1.70141E+38    1.70141E+38    1.70141E+38    1.70141E+38    1.70141E+38    1.70141E+38    1.70141E+38    1.70141E+38    1.70141E+38    1.70141E+38    1.70141E+38    1.70141E+38    1.70141E+38    1.70141E+38    

1.70141E+38    1.70141E+38    1.70141E+38    1.70141E+38    1.70141E+38    1.70141E+38    1.70141E+38    1.70141E+38    1.70141E+38    1.70141E+38    1.70141E+38    1.70141E+38    1.70141E+38    1.70141E+38    1.70141E+38    1.70141E+38    1.70141E+38    1.70141E+38    1.70141E+38    1.70141E+38    1.70141E+38    1.70141E+38    1.70141E+38    

1.70141E+38    1.70141E+38    1.70141E+38    1.70141E+38    1.70141E+38    1.70141E+38    1.70141E+38    1.70141E+38    1.70141E+38    1.70141E+38    1.70141E+38    1.70141E+38    1.70141E+38    1.70141E+38    1.70141E+38    1.70141E+38    1.70141E+38    1.70141E+38    1.70141E+38    1.70141E+38    1.70141E+38    1.70141E+38    1.70141E+38    

1.70141E+38    1.70141E+38    1.70141E+38    1.70141E+38    1.70141E+38    1.70141E+38    1.70141E+38    1.70141E+38    1.70141E+38    1.70141E+38    1.70141E+38    1.70141E+38    1.70141E+38    1.70141E+38    1.70141E+38    1.70141E+38    1.70141E+38    1.70141E+38    1.70141E+38    1.70141E+38    1.70141E+38    1.70141E+38    1.70141E+38    

4.408058       4.444934       4.493158       4.585709       4.720246       4.865618       5.00143        5.180016       5.344869       5.530215       5.688342       5.781017       5.791345       5.658986       5.3717         5.083167       4.879462       4.811764       4.97366        5.277388       1.70141E+38    1.70141E+38    1.70141E+38    

4.482135       4.53055        4.574399       4.632507       4.752165       4.917501       5.099962       5.296045       5.482291       5.646202       5.778203       5.841551       5.798782       5.590732       5.231929       4.929606       4.808513       4.874753       5.18645        5.503041       1.70141E+38    1.70141E+38    1.70141E+38    

4.52056        4.613487       4.710501       4.728485       4.752179       4.873143       5.033907       5.236748       5.459841       5.658656       5.81017        5.864014       5.783822       5.539263       5.195214       4.894519       4.842416       5.051561       5.408791       5.677693       1.70141E+38    1.70141E+38    1.70141E+38    

4.536747       4.634662       4.75874        4.82621        4.851987       4.942526       5.063064       5.2244         5.419509       5.62631        5.81624        5.89988        5.803207       5.566861       5.295201       5.069298       4.995503       5.247136       5.600637       5.819183       1.70141E+38    1.70141E+38    1.70141E+38    

4.540452       4.665497       4.803992       4.92215        4.99448        5.12333        5.275527       5.44417        5.58573        5.7255         5.873961       5.960613       5.901926       5.730247       5.508451       5.322043       5.263141       5.452061       5.748881       5.940295       1.70141E+38    1.70141E+38    1.70141E+38    

4.626211       4.720304       4.890932       5.077174       5.223577       5.357554       5.511541       5.681141       5.819461       5.916712       6.007859       6.070533       6.03269        5.900709       5.690023       5.521811       5.531263       5.715816       5.935006       6.074384       1.70141E+38    1.70141E+38    1.70141E+38    

4.830773       4.786244       4.957471       5.192307       5.380872       5.530687       5.654572       5.794014       5.92094        6.025454       6.111551       6.167147       6.138261       6.011762       5.828007       5.74122        5.855358       6.032138       6.167322       6.214906       1.70141E+38    1.70141E+38    1.70141E+38    

5.119057       4.97296        4.978077       5.171576       5.358539       5.499591       5.608083       5.738511       5.885646       6.022916       6.148438       6.232475       6.227792       6.121197       5.99288        6.010364       6.170286       6.298215       6.344732       6.319026       1.70141E+38    1.70141E+38    1.70141E+38    

5.375748       5.279358       5.150779       5.212123       5.269518       5.384604       5.512259       5.629616       5.790116       5.978102       6.169934       6.299888       6.320999       6.251418       6.199216       6.280931       6.398165       6.458716       6.450407       6.380629       1.70141E+38    1.70141E+38    1.70141E+38    

5.566738       5.536451       5.44696        5.469392       5.437325       5.473385       5.617127       5.766887       5.925004       6.085994       6.263242       6.395127       6.433278       6.407104       6.402225       6.449856       6.476937       6.479357       6.414803       6.326624       1.70141E+38    1.70141E+38    1.70141E+38    

5.716148       5.740434       5.718063       5.715578       5.718617       5.740392       5.856914       6.002644       6.154476       6.287212       6.405696       6.491054       6.527772       6.523394       6.508369       6.480993       6.408101       6.324696       6.200634       6.087031       1.70141E+38    1.70141E+38    1.70141E+38    

5.807253       5.845925       5.841648       5.849905       5.89537        5.963876       6.058237       6.163293       6.275394       6.376023       6.465323       6.53617        6.566994       6.566735       6.513101       6.392142       6.184323       5.958799       5.796148       5.682532       1.70141E+38    1.70141E+38    1.70141E+38    

5.799499       5.828979       5.812392       5.802282       5.881224       5.972603       6.072224       6.168633       6.260095       6.338278       6.427263       6.523996       6.572984       6.556695       6.457242       6.254222       5.965469       5.654352       5.424987       5.29678        1.70141E+38    1.70141E+38    1.70141E+38    

5.672566       5.652644       5.590909       5.582393       5.681093       5.800691       5.909813       5.995373       6.083314       6.177149       6.336596       6.504829       6.559861       6.50841        6.345338       6.074139       5.76518        5.454777       5.185991       5.044984       1.70141E+38    1.70141E+38    1.70141E+38    

5.452191       5.405756       5.395555       5.423973       5.502069       5.628301       5.711398       5.795586       5.938391       6.160835       6.378672       6.524991       6.529918       6.415551       6.188236       5.881563       5.570882       5.29357        5.091264       4.94321        1.70141E+38    1.70141E+38    1.70141E+38    

5.394501       5.444765       5.531654       5.619538       5.679252       5.742117       5.831464       5.938566       6.104095       6.336621       6.506556       6.554092       6.483069       6.262253       5.946046       5.66001        5.439365       5.285838       5.150394       5.015398       1.70141E+38    1.70141E+38    1.70141E+38    

5.585153       5.671186       5.725901       5.782414       5.823871       5.900635       6.005214       6.169344       6.345119       6.50372        6.574946       6.543038       6.404372       6.118991       5.717057       5.393741       5.244859       5.184469       5.146585       5.067037       1.70141E+38    1.70141E+38    1.70141E+38    

5.674007       5.720703       5.722852       5.722971       5.772087       5.900786       6.091631       6.327726       6.499146       6.573893       6.557694       6.45125        6.267283       5.997979       5.644813       5.31846        5.102046       4.989674       4.966293       4.953709       1.70141E+38    1.70141E+38    1.70141E+38    

5.608588       5.612795       5.602318       5.644037       5.780857       5.990196       6.237452       6.438027       6.534348       6.534183       6.435678       6.239649       6.023603       5.802889       5.544157       5.369087       5.174492       4.956453       4.812923       4.748421       1.70141E+38    1.70141E+38    1.70141E+38    

5.455723       5.507538       5.60091        5.77535        5.985814       6.19703        6.370312       6.463848       6.470007       6.386105       6.210075       5.937888       5.70877        5.520562       5.324834       5.296475       5.23677        5.081526       4.897506       4.755725       1.70141E+38    1.70141E+38    1.70141E+38    

1.70141E+38    1.70141E+38    1.70141E+38    1.70141E+38    1.70141E+38    1.70141E+38    1.70141E+38    1.70141E+38    1.70141E+38    1.70141E+38    1.70141E+38    1.70141E+38    1.70141E+38    1.70141E+38    1.70141E+38    1.70141E+38    1.70141E+38    1.70141E+38    1.70141E+38    1.70141E+38    1.70141E+38    1.70141E+38    1.70141E+38    

1.70141E+38    1.70141E+38    1.70141E+38    1.70141E+38    1.70141E+38    1.70141E+38    1.70141E+38    1.70141E+38    1.70141E+38    1.70141E+38    1.70141E+38    1.70141E+38    1.70141E+38    1.70141E+38    1.70141E+38    1.70141E+38    1.70141E+38    1.70141E+38    1.70141E+38    1.70141E+38    1.70141E+38    1.70141E+38    1.70141E+38    

1.70141E+38    1.70141E+38    1.70141E+38    1.70141E+38    1.70141E+38    1.70141E+38    1.70141E+38    1.70141E+38    1.70141E+38    1.70141E+38    1.70141E+38    1.70141E+38    1.70141E+38    1.70141E+38    1.70141E+38    1.70141E+38    1.70141E+38    1.70141E+38    1.70141E+38    1.70141E+38    1.70141E+38    1.70141E+38    1.70141E+38    

1.70141E+38    1.70141E+38    1.70141E+38    1.70141E+38    1.70141E+38    1.70141E+38    1.70141E+38    1.70141E+38    1.70141E+38    1.70141E+38    1.70141E+38    1.70141E+38    1.70141E+38    1.70141E+38    1.70141E+38    1.70141E+38    1.70141E+38    1.70141E+38    1.70141E+38    1.70141E+38    1.70141E+38    1.70141E+38    1.70141E+38    

1.70141E+38    1.70141E+38    1.70141E+38    1.70141E+38    1.70141E+38    1.70141E+38    1.70141E+38    1.70141E+38    1.70141E+38    1.70141E+38    1.70141E+38    1.70141E+38    1.70141E+38    1.70141E+38    1.70141E+38    1.70141E+38    1.70141E+38    1.70141E+38    1.70141E+38    1.70141E+38    1.70141E+38    1.70141E+38    1.70141E+38    

1.70141E+38    1.70141E+38    1.70141E+38    1.70141E+38    1.70141E+38    1.70141E+38    1.70141E+38    1.70141E+38    1.70141E+38    1.70141E+38    1.70141E+38    1.70141E+38    1.70141E+38    1.70141E+38    1.70141E+38    1.70141E+38    1.70141E+38    1.70141E+38    1.70141E+38    1.70141E+38    1.70141E+38    1.70141E+38    1.70141E+38    

1.70141E+38    1.70141E+38    1.70141E+38    1.70141E+38    1.70141E+38    1.70141E+38    1.70141E+38    1.70141E+38    1.70141E+38    1.70141E+38    1.70141E+38    1.70141E+38    1.70141E+38    1.70141E+38    1.70141E+38    1.70141E+38    1.70141E+38    1.70141E+38    1.70141E+38    1.70141E+38    1.70141E+38    1.70141E+38    1.70141E+38    

1.70141E+38    1.70141E+38    1.70141E+38    1.70141E+38    1.70141E+38    1.70141E+38    1.70141E+38    1.70141E+38    1.70141E+38    1.70141E+38    1.70141E+38    1.70141E+38    1.70141E+38    1.70141E+38    1.70141E+38    1.70141E+38    1.70141E+38    1.70141E+38    1.70141E+38    1.70141E+38    1.70141E+38    1.70141E+38    1.70141E+38    

