py_wake/examples/data/ParqueFicticio/Ridge area   Sector 6   Height 30m   Turbulence intensity.grd
DSAA
23  33
 262878   265078
 6504214   6507414
 12.77341   100
1.70141E+38    1.70141E+38    1.70141E+38    1.70141E+38    1.70141E+38    1.70141E+38    1.70141E+38    1.70141E+38    1.70141E+38    1.70141E+38    1.70141E+38    1.70141E+38    1.70141E+38    1.70141E+38    1.70141E+38    1.70141E+38    1.70141E+38    1.70141E+38    1.70141E+38    1.70141E+38    1.70141E+38    1.70141E+38    1.70141E+38    

1.70141E+38    1.70141E+38    1.70141E+38    1.70141E+38    1.70141E+38    1.70141E+38    1.70141E+38    1.70141E+38    1.70141E+38    1.70141E+38    1.70141E+38    1.70141E+38    1.70141E+38    1.70141E+38    1.70141E+38    1.70141E+38    1.70141E+38    1.70141E+38    1.70141E+38    1.70141E+38    1.70141E+38    1.70141E+38    1.70141E+38    

1.70141E+38    1.70141E+38    1.70141E+38    1.70141E+38    1.70141E+38    1.70141E+38    1.70141E+38    1.70141E+38    1.70141E+38    1.70141E+38    1.70141E+38    1.70141E+38    1.70141E+38    1.70141E+38    1.70141E+38    1.70141E+38    1.70141E+38    1.70141E+38    1.70141E+38    1.70141E+38    1.70141E+38    1.70141E+38    1.70141E+38    

1.70141E+38    1.70141E+38    1.70141E+38    1.70141E+38    1.70141E+38    1.70141E+38    1.70141E+38    1.70141E+38    1.70141E+38    1.70141E+38    1.70141E+38    1.70141E+38    1.70141E+38    1.70141E+38    1.70141E+38    1.70141E+38    1.70141E+38    1.70141E+38    1.70141E+38    1.70141E+38    1.70141E+38    1.70141E+38    1.70141E+38    

1.70141E+38    1.70141E+38    1.70141E+38    1.70141E+38    1.70141E+38    1.70141E+38    1.70141E+38    1.70141E+38    1.70141E+38    1.70141E+38    1.70141E+38    1.70141E+38    1.70141E+38    1.70141E+38    1.70141E+38    1.70141E+38    1.70141E+38    1.70141E+38    1.70141E+38    1.70141E+38    1.70141E+38    1.70141E+38    1.70141E+38    

15.74234       15.32285       14.64108       13.88524       13.54656       13.30636       13.44651       13.86108       14.48892       14.41204       14.68859       15.33932       16.16711       17.15338       17.59416       17.68788       19.8727        31.25822       26.04052       17.48995       1.70141E+38    1.70141E+38    1.70141E+38    

15.38801       15.72486       16.61236       16.66032       15.99545       15.23084       14.42746       13.63935       13.02562       13.00636       13.45078       14.35322       15.72608       17.6557        35.72961       27.70396       30.89587       40.21304       17.49061       16.69881       1.70141E+38    1.70141E+38    1.70141E+38    

16.4726        15.82725       15.94145       18.16105       21.4463        23.97567       23.69021       19.09485       15.08664       13.62607       13.26296       14.26521       15.88862       18.1293        37.39737       33.88314       47.18353       45.04644       16.60405       16.52163       1.70141E+38    1.70141E+38    1.70141E+38    

18.98905       17.98868       17.19728       18.18166       21.65646       26.1934        29.66459       28.89232       23.44986       17.77223       14.79505       14.45957       16.45252       19.30242       40.64356       36.28063       42.54737       49.81568       15.93448       15.99929       1.70141E+38    1.70141E+38    1.70141E+38    

23.33571       21.36389       19.45623       19.62158       21.79564       21.78912       20.97211       20.47725       21.32116       20.04797       16.62761       15.2632        16.27081       18.27135       35.61042       39.11082       32.84917       27.18791       16.83849       16.07025       1.70141E+38    1.70141E+38    1.70141E+38    

26.00315       27.18133       23.00104       20.09515       19.64901       19.29083       17.39764       15.57657       15.46912       15.87986       15.22625       14.76895       15.3495        16.26403       23.77529       21.48936       24.56838       19.39623       17.67929       16.50363       1.70141E+38    1.70141E+38    1.70141E+38    

26.17838       36.43794       31.69521       24.20861       20.44141       18.07832       17.11552       15.29116       14.12437       13.4428        13.35956       13.66779       14.42066       15.36503       16.91318       18.80696       17.24006       16.40811       16.4709        16.04519       1.70141E+38    1.70141E+38    1.70141E+38    

22.53261       39.41446       57.77153       45.99506       33.31353       26.79395       25.07393       23.06115       17.28319       14.46389       13.37606       13.18301       13.86043       15.00752       17.22161       18.03643       14.68112       14.01607       14.10678       14.53753       1.70141E+38    1.70141E+38    1.70141E+38    

18.33506       29.45535       54.7736        75.51334       100            89.16839       63.36416       66.63286       40.97202       21.66017       14.98719       13.54392       13.87886       15.04531       17.11994       16.84953       14.05935       13.13422       12.77341       12.96706       1.70141E+38    1.70141E+38    1.70141E+38    

16.11555       21.81          33.97383       39.98529       72.65233       91.51795       55.53701       41.82401       30.17639       23.33013       16.47076       13.91252       13.56778       14.93111       16.37004       16.28881       15.11146       14.08863       13.29356       12.85649       1.70141E+38    1.70141E+38    1.70141E+38    

15.72151       18.13136       24.78747       26.52418       33.6341        42.58766       36.10421       27.16163       20.0596        16.74433       14.50086       13.30614       13.11037       14.16426       15.72842       16.91864       19.22809       21.14444       17.83837       15.76951       1.70141E+38    1.70141E+38    1.70141E+38    

16.1088        16.99763       20.272         22.35765       22.93676       23.98663       23.09722       20.94837       17.67764       15.3258        13.60133       12.83718       13.03466       13.65154       15.83214       19.82629       38.68008       76.57053       59.24139       42.94098       1.70141E+38    1.70141E+38    1.70141E+38    

18.72152       18.1771        20.59511       24.11497       23.02104       22.2698        21.05973       19.59266       17.79501       16.69018       15.39109       13.60132       13.13806       13.66266       15.33234       20.01727       36.59684       86.56773       100            100            1.70141E+38    1.70141E+38    1.70141E+38    

29.44406       31.62334       38.47694       45.9889        38.19662       29.94395       27.04729       27.20522       27.96201       32.20407       25.11954       15.53125       13.874         13.8541        15.74662       20.61831       31.13917       57.8898        100            100            1.70141E+38    1.70141E+38    1.70141E+38    

55.41009       52.82688       53.07144       68.90408       70.9174        57.118         61.87001       73.58754       58.30467       36.16213       24.16832       16.88085       15.5835        15.35068       16.29517       20.17582       28.75822       46.42086       72.41745       100            1.70141E+38    1.70141E+38    1.70141E+38    

51.82208       45.60842       41.54083       37.05505       36.10285       37.50521       37.10083       38.79421       34.55405       24.19505       18.56187       16.52009       16.77157       20.04636       21.27198       21.6005        24.49876       45.27903       50.63617       56.09884       1.70141E+38    1.70141E+38    1.70141E+38    

31.2894        26.24308       24.74507       23.16519       23.25064       23.32744       23.69256       22.75806       22.53197       19.52001       16.72999       15.63994       16.35408       28.95641       45.82024       43.48926       41.03684       39.29215       39.73181       40.18158       1.70141E+38    1.70141E+38    1.70141E+38    

25.36069       23.2588        24.02763       25.27221       26.15681       25.86254       24.09542       20.11147       17.92051       17.37177       17.2039        16.57384       15.83483       17.59604       34.53125       43.87634       49.18901       46.54812       42.63984       39.76912       1.70141E+38    1.70141E+38    1.70141E+38    

26.43704       26.39137       28.04379       29.68109       29.70736       27.82061       23.92455       20.30494       18.15733       17.62429       18.89234       20.89537       18.88168       17.78893       24.32821       34.56832       42.14657       49.43874       51.76893       49.59953       1.70141E+38    1.70141E+38    1.70141E+38    

34.55471       32.05335       29.89956       26.39901       23.77114       21.21714       19.64462       19.76782       19.89298       20.24739       22.55296       40.7238        32.90937       22.90674       21.53185       19.4766        20.10026       25.53304       47.63618       53.15773       1.70141E+38    1.70141E+38    1.70141E+38    

1.70141E+38    1.70141E+38    1.70141E+38    1.70141E+38    1.70141E+38    1.70141E+38    1.70141E+38    1.70141E+38    1.70141E+38    1.70141E+38    1.70141E+38    1.70141E+38    1.70141E+38    1.70141E+38    1.70141E+38    1.70141E+38    1.70141E+38    1.70141E+38    1.70141E+38    1.70141E+38    1.70141E+38    1.70141E+38    1.70141E+38    

1.70141E+38    1.70141E+38    1.70141E+38    1.70141E+38    1.70141E+38    1.70141E+38    1.70141E+38    1.70141E+38    1.70141E+38    1.70141E+38    1.70141E+38    1.70141E+38    1.70141E+38    1.70141E+38    1.70141E+38    1.70141E+38    1.70141E+38    1.70141E+38    1.70141E+38    1.70141E+38    1.70141E+38    1.70141E+38    1.70141E+38    

1.70141E+38    1.70141E+38    1.70141E+38    1.70141E+38    1.70141E+38    1.70141E+38    1.70141E+38    1.70141E+38    1.70141E+38    1.70141E+38    1.70141E+38    1.70141E+38    1.70141E+38    1.70141E+38    1.70141E+38    1.70141E+38    1.70141E+38    1.70141E+38    1.70141E+38    1.70141E+38    1.70141E+38    1.70141E+38    1.70141E+38    

1.70141E+38    1.70141E+38    1.70141E+38    1.70141E+38    1.70141E+38    1.70141E+38    1.70141E+38    1.70141E+38    1.70141E+38    1.70141E+38    1.70141E+38    1.70141E+38    1.70141E+38    1.70141E+38    1.70141E+38    1.70141E+38    1.70141E+38    1.70141E+38    1.70141E+38    1.70141E+38    1.70141E+38    1.70141E+38    1.70141E+38    

1.70141E+38    1.70141E+38    1.70141E+38    1.70141E+38    1.70141E+38    1.70141E+38    1.70141E+38    1.70141E+38    1.70141E+38    1.70141E+38    1.70141E+38    1.70141E+38    1.70141E+38    1.70141E+38    1.70141E+38    1.70141E+38    1.70141E+38    1.70141E+38    1.70141E+38    1.70141E+38    1.70141E+38    1.70141E+38    1.70141E+38    

1.70141E+38    1.70141E+38    1.70141E+38    1.70141E+38    1.70141E+38    1.70141E+38    1.70141E+38    1.70141E+38    1.70141E+38    1.70141E+38    1.70141E+38    1.70141E+38    1.70141E+38    1.70141E+38    1.70141E+38    1.70141E+38    1.70141E+38    1.70141E+38    1.70141E+38    1.70141E+38    1.70141E+38    1.70141E+38    1.70141E+38    

1.70141E+38    1.70141E+38    1.70141E+38    1.70141E+38    1.70141E+38    1.70141E+38    1.70141E+38    1.70141E+38    1.70141E+38    1.70141E+38    1.70141E+38    1.70141E+38    1.70141E+38    1.70141E+38    1.70141E+38    1.70141E+38    1.70141E+38    1.70141E+38    1.70141E+38    1.70141E+38    1.70141E+38    1.70141E+38    1.70141E+38    

1.70141E+38    1.70141E+38    1.70141E+38    1.70141E+38    1.70141E+38    1.70141E+38    1.70141E+38    1.70141E+38    1.70141E+38    1.70141E+38    1.70141E+38    1.70141E+38    1.70141E+38    1.70141E+38    1.70141E+38    1.70141E+38    1.70141E+38    1.70141E+38    1.70141E+38    1.70141E+38    1.70141E+38    1.70141E+38    1.70141E+38    

