py_wake/examples/data/ParqueFicticio/Ridge area   Sector 8   Height 30m   Weibull-A.grd
DSAA
23  33
 262878   265078
 6504214   6507414
 .4663043   8.493073
1.70141E+38    1.70141E+38    1.70141E+38    1.70141E+38    1.70141E+38    1.70141E+38    1.70141E+38    1.70141E+38    1.70141E+38    1.70141E+38    1.70141E+38    1.70141E+38    1.70141E+38    1.70141E+38    1.70141E+38    1.70141E+38    1.70141E+38    1.70141E+38    1.70141E+38    1.70141E+38    1.70141E+38    1.70141E+38    1.70141E+38    

1.70141E+38    1.70141E+38    1.70141E+38    1.70141E+38    1.70141E+38    1.70141E+38    1.70141E+38    1.70141E+38    1.70141E+38    1.70141E+38    1.70141E+38    1.70141E+38    1.70141E+38    1.70141E+38    1.70141E+38    1.70141E+38    1.70141E+38    1.70141E+38    1.70141E+38    1.70141E+38    1.70141E+38    1.70141E+38    1.70141E+38    

1.70141E+38    1.70141E+38    1.70141E+38    1.70141E+38    1.70141E+38    1.70141E+38    1.70141E+38    1.70141E+38    1.70141E+38    1.70141E+38    1.70141E+38    1.70141E+38    1.70141E+38    1.70141E+38    1.70141E+38    1.70141E+38    1.70141E+38    1.70141E+38    1.70141E+38    1.70141E+38    1.70141E+38    1.70141E+38    1.70141E+38    

1.70141E+38    1.70141E+38    1.70141E+38    1.70141E+38    1.70141E+38    1.70141E+38    1.70141E+38    1.70141E+38    1.70141E+38    1.70141E+38    1.70141E+38    1.70141E+38    1.70141E+38    1.70141E+38    1.70141E+38    1.70141E+38    1.70141E+38    1.70141E+38    1.70141E+38    1.70141E+38    1.70141E+38    1.70141E+38    1.70141E+38    

1.70141E+38    1.70141E+38    1.70141E+38    1.70141E+38    1.70141E+38    1.70141E+38    1.70141E+38    1.70141E+38    1.70141E+38    1.70141E+38    1.70141E+38    1.70141E+38    1.70141E+38    1.70141E+38    1.70141E+38    1.70141E+38    1.70141E+38    1.70141E+38    1.70141E+38    1.70141E+38    1.70141E+38    1.70141E+38    1.70141E+38    

4.448373       4.494112       4.728247       5.141201       5.517045       5.808509       5.882819       6.016619       6.125202       6.49419        7.002239       7.35462        7.404295       6.359825       3.718049       1.371631       1.336998       1.215301       2.336544       3.991265       1.70141E+38    1.70141E+38    1.70141E+38    

4.663379       4.604496       4.685536       5.052323       5.4597         5.778237       6.113791       6.442734       6.698419       6.936025       7.220151       7.476966       7.120291       2.176607       1.241656       1.585318       1.503633       1.399797       2.60247        5.178331       1.70141E+38    1.70141E+38    1.70141E+38    

4.719366       4.882214       5.030526       5.087008       5.040837       5.097448       5.223253       5.523531       6.024594       6.506106       6.941016       7.21715        6.524622       2.882558       1.033197       2.199936       2.135123       2.063629       3.261239       6.108077       1.70141E+38    1.70141E+38    1.70141E+38    

4.633041       4.829787       5.014439       5.0292         4.939964       4.861333       4.794869       4.822111       5.077106       5.553477       6.418051       7.018855       6.067707       2.095035       .5993673       1.673355       2.06424        2.537331       4.237079       6.62806        1.70141E+38    1.70141E+38    1.70141E+38    

4.456122       4.725956       4.916192       4.956478       4.995192       5.164248       5.272178       5.494514       5.638877       5.814626       6.26553        6.817186       6.27506        2.90913        .5395848       1.012316       2.332715       2.334187       5.367343       6.799488       1.70141E+38    1.70141E+38    1.70141E+38    

4.547969       4.872642       5.20384        5.525523       5.729445       6.00546        6.314897       6.659532       6.958131       6.997335       7.003191       7.258172       6.899767       4.907176       1.095033       1.97287        1.985223       2.82248        5.656925       7.157707       1.70141E+38    1.70141E+38    1.70141E+38    

4.87012        4.934104       5.366579       5.981841       6.515693       6.927106       7.177721       7.337669       7.464057       7.473549       7.490262       7.563635       7.16846        5.255745       1.880031       1.845936       1.787425       4.445925       6.614956       7.840316       1.70141E+38    1.70141E+38    1.70141E+38    

5.403429       5.066375       4.988094       5.338057       5.781111       6.004619       6.006736       6.171144       6.460885       6.760762       7.106182       7.428739       7.207831       5.509933       2.052859       1.890152       4.298551       6.790564       7.924568       8.112682       1.70141E+38    1.70141E+38    1.70141E+38    

6.010173       5.747226       5.046958       4.766833       4.436278       4.298496       4.451597       4.194142       4.379204       5.214766       6.329921       7.241466       7.231318       5.693811       2.795613       4.47433        6.981822       8.224032       8.493073       8.009168       1.70141E+38    1.70141E+38    1.70141E+38    

6.46937        6.274189       5.673058       5.592738       5.031477       4.541386       4.8056         5.135635       5.379203       5.563614       6.332976       7.441658       7.484983       6.602954       5.448876       6.649341       7.570943       7.900697       7.711588       7.291598       1.70141E+38    1.70141E+38    1.70141E+38    

7.023114       7.040074       6.714962       6.723587       6.375164       5.980913       6.164244       6.576677       7.02052        7.356464       7.664697       7.899291       7.915342       7.569074       7.182372       6.626197       6.175534       6.075757       5.858971       5.507426       1.70141E+38    1.70141E+38    1.70141E+38    

7.835611       7.911768       7.727731       7.574215       7.541208       7.606781       7.746914       7.821864       7.964917       7.991638       7.95362        7.947746       7.755854       7.856491       7.273535       5.604331       3.921236       2.64955        2.652813       2.872018       1.70141E+38    1.70141E+38    1.70141E+38    

7.518173       7.533177       7.045002       6.484977       6.999429       7.272154       7.501075       7.514447       7.329321       7.025844       6.882938       7.262042       7.633007       7.780382       7.12519        5.336768       3.664524       1.535469       1.484183       1.328863       1.70141E+38    1.70141E+38    1.70141E+38    

6.425737       5.659577       3.050768       1.693392       2.379145       3.559416       4.418028       4.258632       3.74198        3.244118       4.11351        6.474428       7.591352       7.443414       6.296964       2.280917       2.969311       1.639457       .9570325       .9568272       1.70141E+38    1.70141E+38    1.70141E+38    

4.236835       .8123223       .8883145       .9702615       .7724066       1.763665       1.889437       1.842495       1.91875        3.018939       4.575849       6.658517       7.051266       6.279297       4.935268       2.658182       2.012908       1.535426       .6736952       .4663043       1.70141E+38    1.70141E+38    1.70141E+38    

3.46877        3.177675       4.009512       4.656076       4.451685       3.717151       3.234135       3.024252       3.26214        4.659133       6.523795       7.427176       6.779908       3.980677       2.268418       2.246517       2.479024       2.553574       1.626549       1.101609       1.70141E+38    1.70141E+38    1.70141E+38    

5.843634       6.436359       6.861658       7.150369       6.736391       5.933127       4.981205       4.907938       5.316621       6.509542       7.575494       7.521121       6.450352       3.697767       2.171924       2.155859       2.538415       2.94604        3.516733       3.192007       1.70141E+38    1.70141E+38    1.70141E+38    

6.948962       6.965414       6.498679       5.784614       5.338691       5.059972       4.908787       5.80131        7.090776       7.592123       7.277571       6.314105       5.396219       2.861967       4.084602       2.817439       2.224187       2.315919       3.058661       3.793767       1.70141E+38    1.70141E+38    1.70141E+38    

6.056453       5.407002       4.668769       4.199192       4.324713       4.741968       5.616514       6.888804       7.698515       7.422059       5.601724       2.811555       2.629156       2.32371        7.300767       6.61838        5.320883       3.456757       2.871945       2.982691       1.70141E+38    1.70141E+38    1.70141E+38    

4.377633       4.010301       3.971784       4.844705       5.866176       6.762995       7.526412       7.765144       7.371592       6.410079       3.016141       2.847897       3.049111       2.374879       1.524331       1.693764       2.471462       1.863771       4.590511       3.613153       1.70141E+38    1.70141E+38    1.70141E+38    

1.70141E+38    1.70141E+38    1.70141E+38    1.70141E+38    1.70141E+38    1.70141E+38    1.70141E+38    1.70141E+38    1.70141E+38    1.70141E+38    1.70141E+38    1.70141E+38    1.70141E+38    1.70141E+38    1.70141E+38    1.70141E+38    1.70141E+38    1.70141E+38    1.70141E+38    1.70141E+38    1.70141E+38    1.70141E+38    1.70141E+38    

1.70141E+38    1.70141E+38    1.70141E+38    1.70141E+38    1.70141E+38    1.70141E+38    1.70141E+38    1.70141E+38    1.70141E+38    1.70141E+38    1.70141E+38    1.70141E+38    1.70141E+38    1.70141E+38    1.70141E+38    1.70141E+38    1.70141E+38    1.70141E+38    1.70141E+38    1.70141E+38    1.70141E+38    1.70141E+38    1.70141E+38    

1.70141E+38    1.70141E+38    1.70141E+38    1.70141E+38    1.70141E+38    1.70141E+38    1.70141E+38    1.70141E+38    1.70141E+38    1.70141E+38    1.70141E+38    1.70141E+38    1.70141E+38    1.70141E+38    1.70141E+38    1.70141E+38    1.70141E+38    1.70141E+38    1.70141E+38    1.70141E+38    1.70141E+38    1.70141E+38    1.70141E+38    

1.70141E+38    1.70141E+38    1.70141E+38    1.70141E+38    1.70141E+38    1.70141E+38    1.70141E+38    1.70141E+38    1.70141E+38    1.70141E+38    1.70141E+38    1.70141E+38    1.70141E+38    1.70141E+38    1.70141E+38    1.70141E+38    1.70141E+38    1.70141E+38    1.70141E+38    1.70141E+38    1.70141E+38    1.70141E+38    1.70141E+38    

1.70141E+38    1.70141E+38    1.70141E+38    1.70141E+38    1.70141E+38    1.70141E+38    1.70141E+38    1.70141E+38    1.70141E+38    1.70141E+38    1.70141E+38    1.70141E+38    1.70141E+38    1.70141E+38    1.70141E+38    1.70141E+38    1.70141E+38    1.70141E+38    1.70141E+38    1.70141E+38    1.70141E+38    1.70141E+38    1.70141E+38    

1.70141E+38    1.70141E+38    1.70141E+38    1.70141E+38    1.70141E+38    1.70141E+38    1.70141E+38    1.70141E+38    1.70141E+38    1.70141E+38    1.70141E+38    1.70141E+38    1.70141E+38    1.70141E+38    1.70141E+38    1.70141E+38    1.70141E+38    1.70141E+38    1.70141E+38    1.70141E+38    1.70141E+38    1.70141E+38    1.70141E+38    

1.70141E+38    1.70141E+38    1.70141E+38    1.70141E+38    1.70141E+38    1.70141E+38    1.70141E+38    1.70141E+38    1.70141E+38    1.70141E+38    1.70141E+38    1.70141E+38    1.70141E+38    1.70141E+38    1.70141E+38    1.70141E+38    1.70141E+38    1.70141E+38    1.70141E+38    1.70141E+38    1.70141E+38    1.70141E+38    1.70141E+38    

1.70141E+38    1.70141E+38    1.70141E+38    1.70141E+38    1.70141E+38    1.70141E+38    1.70141E+38    1.70141E+38    1.70141E+38    1.70141E+38    1.70141E+38    1.70141E+38    1.70141E+38    1.70141E+38    1.70141E+38    1.70141E+38    1.70141E+38    1.70141E+38    1.70141E+38    1.70141E+38    1.70141E+38    1.70141E+38    1.70141E+38    

