py_wake/examples/data/ParqueFicticio/Ridge area   Sector 7   Height 30m   Weibull-A.grd
DSAA
23  33
 262878   265078
 6504214   6507414
 .7724066   6.926943
1.70141E+38    1.70141E+38    1.70141E+38    1.70141E+38    1.70141E+38    1.70141E+38    1.70141E+38    1.70141E+38    1.70141E+38    1.70141E+38    1.70141E+38    1.70141E+38    1.70141E+38    1.70141E+38    1.70141E+38    1.70141E+38    1.70141E+38    1.70141E+38    1.70141E+38    1.70141E+38    1.70141E+38    1.70141E+38    1.70141E+38    

1.70141E+38    1.70141E+38    1.70141E+38    1.70141E+38    1.70141E+38    1.70141E+38    1.70141E+38    1.70141E+38    1.70141E+38    1.70141E+38    1.70141E+38    1.70141E+38    1.70141E+38    1.70141E+38    1.70141E+38    1.70141E+38    1.70141E+38    1.70141E+38    1.70141E+38    1.70141E+38    1.70141E+38    1.70141E+38    1.70141E+38    

1.70141E+38    1.70141E+38    1.70141E+38    1.70141E+38    1.70141E+38    1.70141E+38    1.70141E+38    1.70141E+38    1.70141E+38    1.70141E+38    1.70141E+38    1.70141E+38    1.70141E+38    1.70141E+38    1.70141E+38    1.70141E+38    1.70141E+38    1.70141E+38    1.70141E+38    1.70141E+38    1.70141E+38    1.70141E+38    1.70141E+38    

1.70141E+38    1.70141E+38    1.70141E+38    1.70141E+38    1.70141E+38    1.70141E+38    1.70141E+38    1.70141E+38    1.70141E+38    1.70141E+38    1.70141E+38    1.70141E+38    1.70141E+38    1.70141E+38    1.70141E+38    1.70141E+38    1.70141E+38    1.70141E+38    1.70141E+38    1.70141E+38    1.70141E+38    1.70141E+38    1.70141E+38    

1.70141E+38    1.70141E+38    1.70141E+38    1.70141E+38    1.70141E+38    1.70141E+38    1.70141E+38    1.70141E+38    1.70141E+38    1.70141E+38    1.70141E+38    1.70141E+38    1.70141E+38    1.70141E+38    1.70141E+38    1.70141E+38    1.70141E+38    1.70141E+38    1.70141E+38    1.70141E+38    1.70141E+38    1.70141E+38    1.70141E+38    

3.990847       4.043853       4.288191       4.661901       4.977004       5.248056       5.322448       5.275499       5.008498       4.831606       4.855445       4.812371       4.768429       4.449297       4.010732       2.348354       2.687896       2.395076       2.985301       3.846789       1.70141E+38    1.70141E+38    1.70141E+38    

4.21996        4.174325       4.100447       4.224664       4.483374       4.770235       5.085766       5.354327       5.504554       5.313948       5.135592       4.994467       4.748124       4.151317       2.345968       2.536857       2.298908       2.430474       3.462928       4.021895       1.70141E+38    1.70141E+38    1.70141E+38    

4.189345       4.38843        4.458973       4.247695       3.92575        3.743475       3.759115       4.006721       4.47921        4.850502       5.025229       4.855097       4.474115       3.659749       1.871489       2.600913       2.683054       2.938432       4.111085       4.27104        1.70141E+38    1.70141E+38    1.70141E+38    

3.939556       4.159541       4.34369        4.372013       4.15736        3.765985       3.28708        3.056602       3.262749       3.840856       4.538835       4.796008       4.263219       2.993821       1.762916       2.570559       2.862105       3.273863       4.16931        4.510239       1.70141E+38    1.70141E+38    1.70141E+38    

3.559839       3.897529       4.198277       4.316329       4.276842       4.296704       4.278861       4.091696       3.77961        3.83075        4.265818       4.663502       4.475659       2.018863       2.355276       2.712731       3.392777       3.873842       4.229428       4.589139       1.70141E+38    1.70141E+38    1.70141E+38    

3.403447       3.613742       4.223497       4.696435       4.893812       4.986823       5.208684       5.438155       5.40746        5.042632       4.967808       5.064919       4.948671       4.865113       2.252939       3.445265       3.48755        4.360655       4.395408       4.882575       1.70141E+38    1.70141E+38    1.70141E+38    

3.540976       3.281681       3.705444       4.504138       5.116206       5.486182       5.578004       5.654034       5.801332       5.858133       5.615754       5.461438       5.219147       5.024407       2.992728       3.44101        4.129593       4.960805       5.120984       5.463365       1.70141E+38    1.70141E+38    1.70141E+38    

4.121937       3.360757       2.809735       3.143876       3.75622        4.125651       4.21284        4.346375       4.697995       5.09293        5.375725       5.472415       5.314253       5.062479       3.566374       4.125974       5.694924       6.190018       6.247705       6.129302       1.70141E+38    1.70141E+38    1.70141E+38    

5.081501       4.192513       3.112835       2.532423       1.814687       2.018849       2.456122       2.302995       2.76982        3.761821       4.724128       5.291754       5.271464       5.04296        4.857926       5.77953        6.63526        6.89956        6.926943       6.787823       1.70141E+38    1.70141E+38    1.70141E+38    

5.650022       5.131834       4.340106       3.837183       2.8611         2.358073       2.895567       3.261853       3.493212       3.843723       4.60993        5.349809       5.516156       5.264397       5.651911       6.133295       6.395284       6.401562       6.503448       6.681722       1.70141E+38    1.70141E+38    1.70141E+38    

6.029239       5.954784       5.598503       5.458434       4.861266       3.948719       4.116458       4.598707       5.038469       5.336439       5.61623        5.816484       5.928222       5.792185       5.984136       5.939068       5.419258       4.941255       4.934342       5.171712       1.70141E+38    1.70141E+38    1.70141E+38    

6.516199       6.601408       6.58934        6.56173        6.473935       6.200806       5.877763       5.701963       5.851589       5.975288       5.919616       5.937111       5.861321       5.940958       5.853129       5.294882       3.670925       1.82265        1.972997       2.77388        1.70141E+38    1.70141E+38    1.70141E+38    

5.625316       5.852091       5.763379       5.456963       5.626526       5.608819       5.5726         5.557714       5.491719       5.2868         5.099747       5.396158       5.691554       5.81229        5.721139       5.255332       3.792707       1.455312       1.445097       1.254821       1.70141E+38    1.70141E+38    1.70141E+38    

4.299924       2.969863       1.296656       1.38297        2.170257       3.059027       3.502316       3.35178        3.140724       2.883638       3.514092       4.727378       5.475617       5.638113       5.322149       2.20367        3.725248       1.968418       .9602808       .7968525       1.70141E+38    1.70141E+38    1.70141E+38    

2.104092       1.205787       1.491274       .9702615       .7724066       1.09981        1.072782       .9064533       1.304196       2.557765       3.522868       4.712732       5.149436       5.150239       4.909356       4.45795        3.413012       2.154993       1.123735       1.01025        1.70141E+38    1.70141E+38    1.70141E+38    

1.737643       1.504512       2.047404       2.540113       2.369913       2.265098       2.364506       2.299397       2.602555       3.761719       4.713768       5.186844       5.031059       4.010402       3.461578       3.630544       3.65997        1.918908       1.874562       1.633191       1.70141E+38    1.70141E+38    1.70141E+38    

3.544525       3.898808       4.33184        4.603294       4.190738       3.914932       3.845941       4.00248        4.117562       4.921127       5.565369       5.573998       5.117426       2.546155       2.135596       2.144931       2.345316       2.506511       2.40336        2.325125       1.70141E+38    1.70141E+38    1.70141E+38    

4.344665       4.446764       4.221996       3.720132       3.027118       2.978707       3.433097       4.369257       5.202331       5.563745       5.566937       5.192672       5.04496        2.926581       2.57434        2.367584       2.060301       2.096242       2.395108       2.452947       1.70141E+38    1.70141E+38    1.70141E+38    

3.716752       3.424854       3.03752        2.808454       2.564139       2.725078       3.554698       4.702585       5.303509       5.34855        4.833347       4.034016       3.989655       3.618848       1.831536       3.173946       3.178847       2.529695       2.201923       2.126401       1.70141E+38    1.70141E+38    1.70141E+38    

2.470877       2.542033       2.794668       3.35867        3.617491       3.983591       4.710221       4.991368       4.898754       4.471725       3.742306       2.847897       1.61841        2.054294       1.850967       2.776259       3.649095       2.83199        3.16503        2.439608       1.70141E+38    1.70141E+38    1.70141E+38    

1.70141E+38    1.70141E+38    1.70141E+38    1.70141E+38    1.70141E+38    1.70141E+38    1.70141E+38    1.70141E+38    1.70141E+38    1.70141E+38    1.70141E+38    1.70141E+38    1.70141E+38    1.70141E+38    1.70141E+38    1.70141E+38    1.70141E+38    1.70141E+38    1.70141E+38    1.70141E+38    1.70141E+38    1.70141E+38    1.70141E+38    

1.70141E+38    1.70141E+38    1.70141E+38    1.70141E+38    1.70141E+38    1.70141E+38    1.70141E+38    1.70141E+38    1.70141E+38    1.70141E+38    1.70141E+38    1.70141E+38    1.70141E+38    1.70141E+38    1.70141E+38    1.70141E+38    1.70141E+38    1.70141E+38    1.70141E+38    1.70141E+38    1.70141E+38    1.70141E+38    1.70141E+38    

1.70141E+38    1.70141E+38    1.70141E+38    1.70141E+38    1.70141E+38    1.70141E+38    1.70141E+38    1.70141E+38    1.70141E+38    1.70141E+38    1.70141E+38    1.70141E+38    1.70141E+38    1.70141E+38    1.70141E+38    1.70141E+38    1.70141E+38    1.70141E+38    1.70141E+38    1.70141E+38    1.70141E+38    1.70141E+38    1.70141E+38    

1.70141E+38    1.70141E+38    1.70141E+38    1.70141E+38    1.70141E+38    1.70141E+38    1.70141E+38    1.70141E+38    1.70141E+38    1.70141E+38    1.70141E+38    1.70141E+38    1.70141E+38    1.70141E+38    1.70141E+38    1.70141E+38    1.70141E+38    1.70141E+38    1.70141E+38    1.70141E+38    1.70141E+38    1.70141E+38    1.70141E+38    

1.70141E+38    1.70141E+38    1.70141E+38    1.70141E+38    1.70141E+38    1.70141E+38    1.70141E+38    1.70141E+38    1.70141E+38    1.70141E+38    1.70141E+38    1.70141E+38    1.70141E+38    1.70141E+38    1.70141E+38    1.70141E+38    1.70141E+38    1.70141E+38    1.70141E+38    1.70141E+38    1.70141E+38    1.70141E+38    1.70141E+38    

1.70141E+38    1.70141E+38    1.70141E+38    1.70141E+38    1.70141E+38    1.70141E+38    1.70141E+38    1.70141E+38    1.70141E+38    1.70141E+38    1.70141E+38    1.70141E+38    1.70141E+38    1.70141E+38    1.70141E+38    1.70141E+38    1.70141E+38    1.70141E+38    1.70141E+38    1.70141E+38    1.70141E+38    1.70141E+38    1.70141E+38    

1.70141E+38    1.70141E+38    1.70141E+38    1.70141E+38    1.70141E+38    1.70141E+38    1.70141E+38    1.70141E+38    1.70141E+38    1.70141E+38    1.70141E+38    1.70141E+38    1.70141E+38    1.70141E+38    1.70141E+38    1.70141E+38    1.70141E+38    1.70141E+38    1.70141E+38    1.70141E+38    1.70141E+38    1.70141E+38    1.70141E+38    

1.70141E+38    1.70141E+38    1.70141E+38    1.70141E+38    1.70141E+38    1.70141E+38    1.70141E+38    1.70141E+38    1.70141E+38    1.70141E+38    1.70141E+38    1.70141E+38    1.70141E+38    1.70141E+38    1.70141E+38    1.70141E+38    1.70141E+38    1.70141E+38    1.70141E+38    1.70141E+38    1.70141E+38    1.70141E+38    1.70141E+38    

