py_wake/examples/data/ParqueFicticio/Ridge area   Sector 11   Height 200m   Weibull-A.grd
DSAA
23  33
 262878   265078
 6504214   6507414
 4.478778   12.96927
1.70141E+38    1.70141E+38    1.70141E+38    1.70141E+38    1.70141E+38    1.70141E+38    1.70141E+38    1.70141E+38    1.70141E+38    1.70141E+38    1.70141E+38    1.70141E+38    1.70141E+38    1.70141E+38    1.70141E+38    1.70141E+38    1.70141E+38    1.70141E+38    1.70141E+38    1.70141E+38    1.70141E+38    1.70141E+38    1.70141E+38    

1.70141E+38    1.70141E+38    1.70141E+38    1.70141E+38    1.70141E+38    1.70141E+38    1.70141E+38    1.70141E+38    1.70141E+38    1.70141E+38    1.70141E+38    1.70141E+38    1.70141E+38    1.70141E+38    1.70141E+38    1.70141E+38    1.70141E+38    1.70141E+38    1.70141E+38    1.70141E+38    1.70141E+38    1.70141E+38    1.70141E+38    

1.70141E+38    1.70141E+38    1.70141E+38    1.70141E+38    1.70141E+38    1.70141E+38    1.70141E+38    1.70141E+38    1.70141E+38    1.70141E+38    1.70141E+38    1.70141E+38    1.70141E+38    1.70141E+38    1.70141E+38    1.70141E+38    1.70141E+38    1.70141E+38    1.70141E+38    1.70141E+38    1.70141E+38    1.70141E+38    1.70141E+38    

1.70141E+38    1.70141E+38    1.70141E+38    1.70141E+38    1.70141E+38    1.70141E+38    1.70141E+38    1.70141E+38    1.70141E+38    1.70141E+38    1.70141E+38    1.70141E+38    1.70141E+38    1.70141E+38    1.70141E+38    1.70141E+38    1.70141E+38    1.70141E+38    1.70141E+38    1.70141E+38    1.70141E+38    1.70141E+38    1.70141E+38    

1.70141E+38    1.70141E+38    1.70141E+38    1.70141E+38    1.70141E+38    1.70141E+38    1.70141E+38    1.70141E+38    1.70141E+38    1.70141E+38    1.70141E+38    1.70141E+38    1.70141E+38    1.70141E+38    1.70141E+38    1.70141E+38    1.70141E+38    1.70141E+38    1.70141E+38    1.70141E+38    1.70141E+38    1.70141E+38    1.70141E+38    

10.63539       10.77713       10.96597       11.21446       11.4914        11.76374       11.99119       12.18188       12.30366       12.33549       12.28126       12.16162       11.98895       11.71262       11.23454       10.19942       6.582741       4.478778       5.240814       7.507042       1.70141E+38    1.70141E+38    1.70141E+38    

10.60203       10.72183       10.84817       11.02673       11.27836       11.56591       11.8611        12.12379       12.31456       12.41078       12.39835       12.28921       12.07034       11.69271       11.09406       8.809676       5.602604       5.31521        7.594635       9.858916       1.70141E+38    1.70141E+38    1.70141E+38    

10.51344       10.67704       10.84124       10.94983       11.07419       11.27586       11.54332       11.85802       12.14894       12.33989       12.42816       12.35214       12.10595       11.66201       11.00489       8.773553       6.752932       7.668019       10.06577       10.95063       1.70141E+38    1.70141E+38    1.70141E+38    

10.38365       10.54447       10.75903       10.92944       11.06782       11.24084       11.45114       11.69244       11.94004       12.21808       12.41111       12.39931       12.1487        11.68466       11.11836       10.25758       9.065244       9.869009       10.98866       11.26079       1.70141E+38    1.70141E+38    1.70141E+38    

10.28237       10.40034       10.64526       10.88375       11.09459       11.35234       11.64261       11.92095       12.10954       12.30301       12.46842       12.47773       12.27294       11.89201       11.42372       10.87845       10.34883       10.68188       11.24481       11.4443        1.70141E+38    1.70141E+38    1.70141E+38    

10.37402       10.3141        10.53717       10.85473       11.14026       11.42962       11.76442       12.10264       12.34675       12.52614       12.63892       12.62825       12.45202       12.13444       11.67892       11.16961       11.03477       11.27984       11.49555       11.60728       1.70141E+38    1.70141E+38    1.70141E+38    

10.67846       10.37802       10.43446       10.74194       11.06715       11.3958        11.71457       12.079         12.39175       12.62571       12.76717       12.77235       12.61976       12.29632       11.84054       11.48037       11.58733       11.76114       11.83945       11.8288        1.70141E+38    1.70141E+38    1.70141E+38    

11.07546       10.69246       10.44227       10.54112       10.80695       11.11684       11.43313       11.82248       12.2326        12.57173       12.79993       12.86006       12.73877       12.42413       11.99413       11.79713       11.97404       12.09403       12.11177       12.04518       1.70141E+38    1.70141E+38    1.70141E+38    

11.36516       11.0886        10.70631       10.59882       10.59784       10.82434       11.16488       11.48691       11.92449       12.38857       12.75438       12.88905       12.8141        12.53587       12.1794        12.06845       12.13795       12.19854       12.20847       12.15635       1.70141E+38    1.70141E+38    1.70141E+38    

11.51241       11.36498       11.0871        10.98552       10.85861       10.90722       11.23013       11.55671       11.9366        12.33547       12.71411       12.90286       12.88224       12.66987       12.369         12.19257       12.1116        12.1037        12.11102       12.09996       1.70141E+38    1.70141E+38    1.70141E+38    

11.56831       11.53737       11.39357       11.32857       11.28416       11.27188       11.46973       11.76156       12.09995       12.43508       12.74161       12.92664       12.94342       12.78745       12.50054       12.20052       11.93953       11.81972       11.8038        11.80837       1.70141E+38    1.70141E+38    1.70141E+38    

11.52293       11.57187       11.51327       11.46874       11.49429       11.55073       11.69912       11.88171       12.1404        12.43359       12.72612       12.92608       12.96927       12.84183       12.55961       12.14963       11.66221       11.33934       11.28139       11.32275       1.70141E+38    1.70141E+38    1.70141E+38    

11.33425       11.44428       11.41017       11.34522       11.41608       11.52826       11.66278       11.822         12.03938       12.29805       12.60719       12.86034       12.93521       12.8417        12.59049       12.17829       11.67909       11.17099       10.88181       10.89152       1.70141E+38    1.70141E+38    1.70141E+38    

11.04168       11.14759       11.0872        10.99948       11.10209       11.24716       11.3897        11.53234       11.73131       11.98302       12.37277       12.72635       12.84799       12.79335       12.56903       12.20004       11.77427       11.30042       10.80206       10.48358       1.70141E+38    1.70141E+38    1.70141E+38    

10.68418       10.75463       10.76719       10.74518       10.80129       10.97123       11.0773        11.19246       11.43939       11.84841       12.28242       12.62453       12.74676       12.69969       12.51404       12.21028       11.85671       11.45955       11.06678       10.25174       1.70141E+38    1.70141E+38    1.70141E+38    

10.55451       10.72571       10.88607       11.00601       11.06831       11.13769       11.24261       11.36072       11.58404       11.98002       12.35925       12.60318       12.69267       12.59333       12.37023       12.15927       11.95027       11.71116       11.42828       10.8524        1.70141E+38    1.70141E+38    1.70141E+38    

10.71103       10.91803       11.05109       11.16022       11.22216       11.3055        11.41758       11.60621       11.82976       12.1241        12.40261       12.60378       12.69038       12.60282       12.31942       12.05651       11.88943       11.75228       11.5806        11.19562       1.70141E+38    1.70141E+38    1.70141E+38    

10.71338       10.88198       10.96292       11.01165       11.07543       11.19305       11.38601       11.69098       11.97342       12.19413       12.38396       12.54265       12.65265       12.64566       12.48589       12.20963       11.89395       11.63817       8.735387       11.26303       1.70141E+38    1.70141E+38    1.70141E+38    

10.51812       10.64272       10.71725       10.80831       10.95961       11.16182       11.43729       11.74113       11.99163       12.18252       12.29391       12.36505       12.48021       12.55478       12.51542       12.39313       12.15003       11.75646       11.3952        11.12919       1.70141E+38    1.70141E+38    1.70141E+38    

10.18561       10.3725        10.56499       10.81682       11.08056       11.35125       11.6055        11.79576       11.95195       12.07882       12.14712       12.1116        12.15551       12.25797       12.29365       12.33518       12.2799        12.06067       11.69524       11.32631       1.70141E+38    1.70141E+38    1.70141E+38    

1.70141E+38    1.70141E+38    1.70141E+38    1.70141E+38    1.70141E+38    1.70141E+38    1.70141E+38    1.70141E+38    1.70141E+38    1.70141E+38    1.70141E+38    1.70141E+38    1.70141E+38    1.70141E+38    1.70141E+38    1.70141E+38    1.70141E+38    1.70141E+38    1.70141E+38    1.70141E+38    1.70141E+38    1.70141E+38    1.70141E+38    

1.70141E+38    1.70141E+38    1.70141E+38    1.70141E+38    1.70141E+38    1.70141E+38    1.70141E+38    1.70141E+38    1.70141E+38    1.70141E+38    1.70141E+38    1.70141E+38    1.70141E+38    1.70141E+38    1.70141E+38    1.70141E+38    1.70141E+38    1.70141E+38    1.70141E+38    1.70141E+38    1.70141E+38    1.70141E+38    1.70141E+38    

1.70141E+38    1.70141E+38    1.70141E+38    1.70141E+38    1.70141E+38    1.70141E+38    1.70141E+38    1.70141E+38    1.70141E+38    1.70141E+38    1.70141E+38    1.70141E+38    1.70141E+38    1.70141E+38    1.70141E+38    1.70141E+38    1.70141E+38    1.70141E+38    1.70141E+38    1.70141E+38    1.70141E+38    1.70141E+38    1.70141E+38    

1.70141E+38    1.70141E+38    1.70141E+38    1.70141E+38    1.70141E+38    1.70141E+38    1.70141E+38    1.70141E+38    1.70141E+38    1.70141E+38    1.70141E+38    1.70141E+38    1.70141E+38    1.70141E+38    1.70141E+38    1.70141E+38    1.70141E+38    1.70141E+38    1.70141E+38    1.70141E+38    1.70141E+38    1.70141E+38    1.70141E+38    

1.70141E+38    1.70141E+38    1.70141E+38    1.70141E+38    1.70141E+38    1.70141E+38    1.70141E+38    1.70141E+38    1.70141E+38    1.70141E+38    1.70141E+38    1.70141E+38    1.70141E+38    1.70141E+38    1.70141E+38    1.70141E+38    1.70141E+38    1.70141E+38    1.70141E+38    1.70141E+38    1.70141E+38    1.70141E+38    1.70141E+38    

1.70141E+38    1.70141E+38    1.70141E+38    1.70141E+38    1.70141E+38    1.70141E+38    1.70141E+38    1.70141E+38    1.70141E+38    1.70141E+38    1.70141E+38    1.70141E+38    1.70141E+38    1.70141E+38    1.70141E+38    1.70141E+38    1.70141E+38    1.70141E+38    1.70141E+38    1.70141E+38    1.70141E+38    1.70141E+38    1.70141E+38    

1.70141E+38    1.70141E+38    1.70141E+38    1.70141E+38    1.70141E+38    1.70141E+38    1.70141E+38    1.70141E+38    1.70141E+38    1.70141E+38    1.70141E+38    1.70141E+38    1.70141E+38    1.70141E+38    1.70141E+38    1.70141E+38    1.70141E+38    1.70141E+38    1.70141E+38    1.70141E+38    1.70141E+38    1.70141E+38    1.70141E+38    

1.70141E+38    1.70141E+38    1.70141E+38    1.70141E+38    1.70141E+38    1.70141E+38    1.70141E+38    1.70141E+38    1.70141E+38    1.70141E+38    1.70141E+38    1.70141E+38    1.70141E+38    1.70141E+38    1.70141E+38    1.70141E+38    1.70141E+38    1.70141E+38    1.70141E+38    1.70141E+38    1.70141E+38    1.70141E+38    1.70141E+38    

