py_wake/examples/data/ParqueFicticio/Ridge area   Sector 10   Height 200m   Mean speed.grd
DSAA
23  33
 262878   265078
 6504214   6507414
 3.742423   13.17985
1.70141E+38    1.70141E+38    1.70141E+38    1.70141E+38    1.70141E+38    1.70141E+38    1.70141E+38    1.70141E+38    1.70141E+38    1.70141E+38    1.70141E+38    1.70141E+38    1.70141E+38    1.70141E+38    1.70141E+38    1.70141E+38    1.70141E+38    1.70141E+38    1.70141E+38    1.70141E+38    1.70141E+38    1.70141E+38    1.70141E+38    

1.70141E+38    1.70141E+38    1.70141E+38    1.70141E+38    1.70141E+38    1.70141E+38    1.70141E+38    1.70141E+38    1.70141E+38    1.70141E+38    1.70141E+38    1.70141E+38    1.70141E+38    1.70141E+38    1.70141E+38    1.70141E+38    1.70141E+38    1.70141E+38    1.70141E+38    1.70141E+38    1.70141E+38    1.70141E+38    1.70141E+38    

1.70141E+38    1.70141E+38    1.70141E+38    1.70141E+38    1.70141E+38    1.70141E+38    1.70141E+38    1.70141E+38    1.70141E+38    1.70141E+38    1.70141E+38    1.70141E+38    1.70141E+38    1.70141E+38    1.70141E+38    1.70141E+38    1.70141E+38    1.70141E+38    1.70141E+38    1.70141E+38    1.70141E+38    1.70141E+38    1.70141E+38    

1.70141E+38    1.70141E+38    1.70141E+38    1.70141E+38    1.70141E+38    1.70141E+38    1.70141E+38    1.70141E+38    1.70141E+38    1.70141E+38    1.70141E+38    1.70141E+38    1.70141E+38    1.70141E+38    1.70141E+38    1.70141E+38    1.70141E+38    1.70141E+38    1.70141E+38    1.70141E+38    1.70141E+38    1.70141E+38    1.70141E+38    

1.70141E+38    1.70141E+38    1.70141E+38    1.70141E+38    1.70141E+38    1.70141E+38    1.70141E+38    1.70141E+38    1.70141E+38    1.70141E+38    1.70141E+38    1.70141E+38    1.70141E+38    1.70141E+38    1.70141E+38    1.70141E+38    1.70141E+38    1.70141E+38    1.70141E+38    1.70141E+38    1.70141E+38    1.70141E+38    1.70141E+38    

9.876332       9.96361        10.10772       10.33752       10.62437       10.94766       11.27811       11.65768       12.04134       12.42635       12.69254       12.79868       12.7712        12.59955       12.25142       11.78253       10.83017       9.495926       9.461673       10.3001        1.70141E+38    1.70141E+38    1.70141E+38    

9.860238       9.955317       10.07608       10.26155       10.52761       10.85239       11.24109       11.67742       12.1071        12.49715       12.76299       12.84781       12.77253       12.51993       12.07764       11.0914        8.681655       7.859929       8.978967       10.34858       1.70141E+38    1.70141E+38    1.70141E+38    

9.81582        9.96801        10.14612       10.28159       10.44242       10.70354       11.07563       11.55105       12.05408       12.50123       12.78163       12.85935       12.7424        12.41418       11.90567       9.806417       7.230586       7.479458       9.829745       11.20483       1.70141E+38    1.70141E+38    1.70141E+38    

9.766351       9.91374        10.12252       10.30228       10.47641       10.72314       11.06617       11.51418       12.00079       12.45543       12.78391       12.87377       12.73663       12.36797       11.88978       9.959817       6.885952       7.995012       10.88817       11.65204       1.70141E+38    1.70141E+38    1.70141E+38    

9.757966       9.862307       10.07264       10.29606       10.51632       10.82241       11.22421       11.70162       12.13755       12.51527       12.82667       12.93179       12.81973       12.51634       12.10183       11.43202       9.753015       10.33987       11.69328       11.97498       1.70141E+38    1.70141E+38    1.70141E+38    

9.906765       9.871284       10.05691       10.34178       10.6231        10.93893       11.34964       11.83854       12.27937       12.63371       12.91288       13.02789       12.94728       12.69172       12.31073       11.90094       11.70775       11.8562        12.03508       12.11666       1.70141E+38    1.70141E+38    1.70141E+38    

10.19191       9.981837       10.04295       10.33847       10.66761       11.00744       11.37474       11.83474       12.28574       12.67366       12.97252       13.11136       13.05688       12.79986       12.412         12.09476       12.09004       12.20463       12.27438       12.24503       1.70141E+38    1.70141E+38    1.70141E+38    

10.52004       10.2552        10.06955       10.22995       10.52809       10.85201       11.19634       11.65305       12.16366       12.62825       12.99194       13.16521       13.12718       12.87409       12.48652       12.24464       12.30375       12.39733       12.40987       12.31682       1.70141E+38    1.70141E+38    1.70141E+38    

10.77451       10.59835       10.30439       10.26918       10.3442        10.61004       10.98873       11.41753       11.9487        12.50348       12.96821       13.17985       13.15911       12.91788       12.56032       12.39283       12.41391       12.45329       12.43463       12.31604       1.70141E+38    1.70141E+38    1.70141E+38    

10.92669       10.84721       10.62312       10.56411       10.49805       10.61696       11.01025       11.46633       11.95413       12.45581       12.92351       13.1564        13.15714       12.96064       12.6625        12.47785       12.39912       12.38323       12.34332       12.22248       1.70141E+38    1.70141E+38    1.70141E+38    

11.01532       11.01883       10.88101       10.83652       10.83363       10.90251       11.21743       11.62616       12.07287       12.5038        12.88766       13.11331       13.13884       12.98719       12.71996       12.45663       12.24405       12.15055       12.08838       11.95019       1.70141E+38    1.70141E+38    1.70141E+38    

11.05647       11.10603       11.03126       10.99064       11.0681        11.21751       11.44658       11.75287       12.12042       12.49139       12.83908       13.06612       13.11085       12.97888       12.71192       12.3519        11.92642       11.62507       11.47742       11.26876       1.70141E+38    1.70141E+38    1.70141E+38    

11.00286       11.07764       11.01361       10.95016       11.08589       11.26349       11.48829       11.75975       12.07709       12.40097       12.75502       13.01854       13.07052       12.94255       12.67138       12.27152       11.74598       10.26707       7.873641       7.289896       1.70141E+38    1.70141E+38    1.70141E+38    

10.88262       10.93849       10.84319       10.77742       10.91579       11.13272       11.36263       11.59739       11.88655       12.21153       12.65344       12.98423       13.0313        12.89054       12.58992       12.15266       11.57955       8.990126       4.815763       3.742423       1.70141E+38    1.70141E+38    1.70141E+38    

10.65568       10.6932        10.68062       10.68406       10.78906       11.01176       11.19108       11.3845        11.7116        12.20705       12.70408       12.98726       12.99979       12.82166       12.50137       12.06399       11.21017       8.151586       5.283339       4.143829       1.70141E+38    1.70141E+38    1.70141E+38    

10.51941       10.6665        10.80344       10.92886       11.02962       11.15713       11.33772       11.55856       11.90628       12.40418       12.80196       12.9826        12.96831       12.74327       12.35393       11.94469       10.73844       8.544748       6.759014       5.740211       1.70141E+38    1.70141E+38    1.70141E+38    

10.63287       10.83365       10.96425       11.08816       11.1843        11.32977       11.53411       11.85766       12.22708       12.60371       12.86238       12.96601       12.91485       12.67689       12.25836       11.56586       9.601049       8.064222       7.316637       6.526649       1.70141E+38    1.70141E+38    1.70141E+38    

10.67039       10.84128       10.9282        10.99499       11.10073       11.29987       11.62433       12.07782       12.46341       12.72941       12.88222       12.91678       12.84317       12.66536       12.37319       11.96388       10.39898       7.211222       7.958288       7.637622       1.70141E+38    1.70141E+38    1.70141E+38    

10.5586        10.68432       10.75974       10.86971       11.08326       11.41128       11.85344       12.28259       12.59164       12.78347       12.85485       12.79843       12.70202       12.58525       12.42187       12.26227       11.9982        10.78874       9.384989       8.713863       1.70141E+38    1.70141E+38    1.70141E+38    

10.32767       10.49414       10.67743       10.96001       11.31418       11.72569       12.12855       12.43466       12.64464       12.76373       12.7681        12.62192       12.48046       12.39106       12.28504       12.27968       12.23409       12.04313       11.60738       10.81635       1.70141E+38    1.70141E+38    1.70141E+38    

1.70141E+38    1.70141E+38    1.70141E+38    1.70141E+38    1.70141E+38    1.70141E+38    1.70141E+38    1.70141E+38    1.70141E+38    1.70141E+38    1.70141E+38    1.70141E+38    1.70141E+38    1.70141E+38    1.70141E+38    1.70141E+38    1.70141E+38    1.70141E+38    1.70141E+38    1.70141E+38    1.70141E+38    1.70141E+38    1.70141E+38    

1.70141E+38    1.70141E+38    1.70141E+38    1.70141E+38    1.70141E+38    1.70141E+38    1.70141E+38    1.70141E+38    1.70141E+38    1.70141E+38    1.70141E+38    1.70141E+38    1.70141E+38    1.70141E+38    1.70141E+38    1.70141E+38    1.70141E+38    1.70141E+38    1.70141E+38    1.70141E+38    1.70141E+38    1.70141E+38    1.70141E+38    

1.70141E+38    1.70141E+38    1.70141E+38    1.70141E+38    1.70141E+38    1.70141E+38    1.70141E+38    1.70141E+38    1.70141E+38    1.70141E+38    1.70141E+38    1.70141E+38    1.70141E+38    1.70141E+38    1.70141E+38    1.70141E+38    1.70141E+38    1.70141E+38    1.70141E+38    1.70141E+38    1.70141E+38    1.70141E+38    1.70141E+38    

1.70141E+38    1.70141E+38    1.70141E+38    1.70141E+38    1.70141E+38    1.70141E+38    1.70141E+38    1.70141E+38    1.70141E+38    1.70141E+38    1.70141E+38    1.70141E+38    1.70141E+38    1.70141E+38    1.70141E+38    1.70141E+38    1.70141E+38    1.70141E+38    1.70141E+38    1.70141E+38    1.70141E+38    1.70141E+38    1.70141E+38    

1.70141E+38    1.70141E+38    1.70141E+38    1.70141E+38    1.70141E+38    1.70141E+38    1.70141E+38    1.70141E+38    1.70141E+38    1.70141E+38    1.70141E+38    1.70141E+38    1.70141E+38    1.70141E+38    1.70141E+38    1.70141E+38    1.70141E+38    1.70141E+38    1.70141E+38    1.70141E+38    1.70141E+38    1.70141E+38    1.70141E+38    

1.70141E+38    1.70141E+38    1.70141E+38    1.70141E+38    1.70141E+38    1.70141E+38    1.70141E+38    1.70141E+38    1.70141E+38    1.70141E+38    1.70141E+38    1.70141E+38    1.70141E+38    1.70141E+38    1.70141E+38    1.70141E+38    1.70141E+38    1.70141E+38    1.70141E+38    1.70141E+38    1.70141E+38    1.70141E+38    1.70141E+38    

1.70141E+38    1.70141E+38    1.70141E+38    1.70141E+38    1.70141E+38    1.70141E+38    1.70141E+38    1.70141E+38    1.70141E+38    1.70141E+38    1.70141E+38    1.70141E+38    1.70141E+38    1.70141E+38    1.70141E+38    1.70141E+38    1.70141E+38    1.70141E+38    1.70141E+38    1.70141E+38    1.70141E+38    1.70141E+38    1.70141E+38    

1.70141E+38    1.70141E+38    1.70141E+38    1.70141E+38    1.70141E+38    1.70141E+38    1.70141E+38    1.70141E+38    1.70141E+38    1.70141E+38    1.70141E+38    1.70141E+38    1.70141E+38    1.70141E+38    1.70141E+38    1.70141E+38    1.70141E+38    1.70141E+38    1.70141E+38    1.70141E+38    1.70141E+38    1.70141E+38    1.70141E+38    

