py_wake/examples/data/ParqueFicticio/Ridge area   Sector 3   Height 200m   Weibull-A.grd
DSAA
23  33
 262878   265078
 6504214   6507414
 4.978469   8.579855
1.70141E+38    1.70141E+38    1.70141E+38    1.70141E+38    1.70141E+38    1.70141E+38    1.70141E+38    1.70141E+38    1.70141E+38    1.70141E+38    1.70141E+38    1.70141E+38    1.70141E+38    1.70141E+38    1.70141E+38    1.70141E+38    1.70141E+38    1.70141E+38    1.70141E+38    1.70141E+38    1.70141E+38    1.70141E+38    1.70141E+38    

1.70141E+38    1.70141E+38    1.70141E+38    1.70141E+38    1.70141E+38    1.70141E+38    1.70141E+38    1.70141E+38    1.70141E+38    1.70141E+38    1.70141E+38    1.70141E+38    1.70141E+38    1.70141E+38    1.70141E+38    1.70141E+38    1.70141E+38    1.70141E+38    1.70141E+38    1.70141E+38    1.70141E+38    1.70141E+38    1.70141E+38    

1.70141E+38    1.70141E+38    1.70141E+38    1.70141E+38    1.70141E+38    1.70141E+38    1.70141E+38    1.70141E+38    1.70141E+38    1.70141E+38    1.70141E+38    1.70141E+38    1.70141E+38    1.70141E+38    1.70141E+38    1.70141E+38    1.70141E+38    1.70141E+38    1.70141E+38    1.70141E+38    1.70141E+38    1.70141E+38    1.70141E+38    

1.70141E+38    1.70141E+38    1.70141E+38    1.70141E+38    1.70141E+38    1.70141E+38    1.70141E+38    1.70141E+38    1.70141E+38    1.70141E+38    1.70141E+38    1.70141E+38    1.70141E+38    1.70141E+38    1.70141E+38    1.70141E+38    1.70141E+38    1.70141E+38    1.70141E+38    1.70141E+38    1.70141E+38    1.70141E+38    1.70141E+38    

1.70141E+38    1.70141E+38    1.70141E+38    1.70141E+38    1.70141E+38    1.70141E+38    1.70141E+38    1.70141E+38    1.70141E+38    1.70141E+38    1.70141E+38    1.70141E+38    1.70141E+38    1.70141E+38    1.70141E+38    1.70141E+38    1.70141E+38    1.70141E+38    1.70141E+38    1.70141E+38    1.70141E+38    1.70141E+38    1.70141E+38    

4.978469       5.049745       5.271995       5.672124       6.083341       6.441185       6.717094       6.990285       7.239017       7.518244       7.763868       7.915447       7.928522       7.737508       7.388434       6.926403       6.599325       6.502532       6.753639       7.234093       1.70141E+38    1.70141E+38    1.70141E+38    

5.242177       5.337982       5.441797       5.655285       5.999166       6.36604        6.723432       7.058421       7.356965       7.627276       7.852825       7.971366       7.925298       7.638958       7.153965       6.740443       6.52187        6.5618         6.98891        7.476606       1.70141E+38    1.70141E+38    1.70141E+38    

5.374784       5.576041       5.784121       5.897846       6.01589        6.241591       6.557813       6.928604       7.300209       7.628628       7.881648       7.987339       7.895694       7.550487       7.070656       6.708603       6.562253       6.724975       7.198864       7.625902       1.70141E+38    1.70141E+38    1.70141E+38    

5.376622       5.592686       5.83751        6.011115       6.148593       6.328499       6.562721       6.870448       7.217964       7.572819       7.877391       8.005946       7.892045       7.538045       7.112978       6.816921       6.692726       6.914934       7.37639        7.733181       1.70141E+38    1.70141E+38    1.70141E+38    

5.329838       5.571518       5.863667       6.093876       6.272882       6.50831        6.779549       7.087542       7.361747       7.637168       7.904221       8.040583       7.960588       7.678319       7.298044       7.009099       6.924392       7.137075       7.541529       7.854653       1.70141E+38    1.70141E+38    1.70141E+38    

5.539115       5.612766       5.93535        6.260491       6.500995       6.73042        6.998188       7.306409       7.576368       7.792926       7.9923         8.111286       8.058729       7.828717       7.459397       7.206874       7.217828       7.483902       7.812589       8.039593       1.70141E+38    1.70141E+38    1.70141E+38    

5.977354       5.837566       6.015414       6.355262       6.639541       6.887762       7.112295       7.382024       7.643067       7.870096       8.060555       8.175163       8.137798       7.916123       7.612645       7.508322       7.682803       7.945081       8.149594       8.230744       1.70141E+38    1.70141E+38    1.70141E+38    

6.359033       6.176541       6.106117       6.307729       6.567016       6.798212       7.004369       7.261566       7.555415       7.83173        8.074184       8.222633       8.211022       8.009484       7.827017       7.900454       8.13724        8.310775       8.375151       8.32312        1.70141E+38    1.70141E+38    1.70141E+38    

6.653736       6.529332       6.348124       6.383409       6.455195       6.645039       6.878922       7.111225       7.41251        7.752872       8.079318       8.279243       8.294818       8.134711       8.067627       8.253662       8.421605       8.474234       8.428959       8.279789       1.70141E+38    1.70141E+38    1.70141E+38    

6.860436       6.814494       6.688112       6.712095       6.676651       6.751121       6.996347       7.265115       7.553653       7.851467       8.159587       8.363696       8.400649       8.300747       8.285483       8.454364       8.526394       8.481622       8.344622       8.11975        1.70141E+38    1.70141E+38    1.70141E+38    

7.007677       7.041699       6.987098       7.018103       7.036111       7.079085       7.271375       7.526405       7.805235       8.063268       8.294946       8.450006       8.495055       8.43937        8.369529       8.470704       8.442352       8.295916       8.076227       7.797064       1.70141E+38    1.70141E+38    1.70141E+38    

7.107008       7.17396        7.161788       7.182501       7.266738       7.376486       7.530728       7.720366       7.942208       8.157725       8.354334       8.49708        8.545473       8.506835       8.364739       8.298541       8.11135        7.849028       7.599102       7.352073       1.70141E+38    1.70141E+38    1.70141E+38    

7.060151       7.132807       7.116089       7.112457       7.253214       7.402461       7.570677       7.751382       7.943706       8.128478       8.326825       8.503671       8.572725       8.518826       8.328012       7.992962       7.693464       7.342848       7.068692       6.897019       1.70141E+38    1.70141E+38    1.70141E+38    

6.902586       6.916555       6.853518       6.85785        7.024371       7.223471       7.416616       7.5906         7.78048        7.985921       8.266414       8.515971       8.579855       8.481589       8.21586        7.798129       7.355815       6.947128       6.623474       6.493537       1.70141E+38    1.70141E+38    1.70141E+38    

6.634993       6.623827       6.648846       6.713346       6.851833       7.067958       7.239492       7.419167       7.668586       8.010367       8.341377       8.550622       8.55557        8.379571       8.037727       7.597116       7.172135       6.802519       6.536936       6.355797       1.70141E+38    1.70141E+38    1.70141E+38    

6.546392       6.668001       6.826807       6.986631       7.126945       7.266184       7.43621        7.627872       7.881988       8.218123       8.476215       8.562752       8.478735       8.180905       7.738305       7.353826       7.056899       6.823564       6.638559       6.473182       1.70141E+38    1.70141E+38    1.70141E+38    

6.858748       7.000298       7.112424       7.24576        7.363233       7.521617       7.705974       7.959194       8.22584        8.42663        8.532741       8.517033       8.346901       7.968284       7.434926       7.035054       6.823609       6.719412       6.65727        6.550471       1.70141E+38    1.70141E+38    1.70141E+38    

7.022323       7.1093         7.154284       7.222147       7.361494       7.584273       7.868953       8.197544       8.426899       8.499248       8.495561       8.383339       8.15552        7.807979       7.358158       6.943433       6.642151       6.486632       6.451187       6.430562       1.70141E+38    1.70141E+38    1.70141E+38    

6.99381        7.025203       7.060494       7.178016       7.400862       7.698685       8.052492       8.337797       8.450756       8.431674       8.344305       8.119702       7.85712        7.584424       7.274366       7.019301       6.743505       6.448503       6.266483       6.188529       1.70141E+38    1.70141E+38    1.70141E+38    

6.871799       6.963974       7.103157       7.332474       7.604375       7.896627       8.162714       8.3167         8.326632       8.266056       8.077985       7.758374       7.484965       7.262079       7.028013       6.947871       6.843672       6.619858       6.367811       6.184745       1.70141E+38    1.70141E+38    1.70141E+38    

1.70141E+38    1.70141E+38    1.70141E+38    1.70141E+38    1.70141E+38    1.70141E+38    1.70141E+38    1.70141E+38    1.70141E+38    1.70141E+38    1.70141E+38    1.70141E+38    1.70141E+38    1.70141E+38    1.70141E+38    1.70141E+38    1.70141E+38    1.70141E+38    1.70141E+38    1.70141E+38    1.70141E+38    1.70141E+38    1.70141E+38    

1.70141E+38    1.70141E+38    1.70141E+38    1.70141E+38    1.70141E+38    1.70141E+38    1.70141E+38    1.70141E+38    1.70141E+38    1.70141E+38    1.70141E+38    1.70141E+38    1.70141E+38    1.70141E+38    1.70141E+38    1.70141E+38    1.70141E+38    1.70141E+38    1.70141E+38    1.70141E+38    1.70141E+38    1.70141E+38    1.70141E+38    

1.70141E+38    1.70141E+38    1.70141E+38    1.70141E+38    1.70141E+38    1.70141E+38    1.70141E+38    1.70141E+38    1.70141E+38    1.70141E+38    1.70141E+38    1.70141E+38    1.70141E+38    1.70141E+38    1.70141E+38    1.70141E+38    1.70141E+38    1.70141E+38    1.70141E+38    1.70141E+38    1.70141E+38    1.70141E+38    1.70141E+38    

1.70141E+38    1.70141E+38    1.70141E+38    1.70141E+38    1.70141E+38    1.70141E+38    1.70141E+38    1.70141E+38    1.70141E+38    1.70141E+38    1.70141E+38    1.70141E+38    1.70141E+38    1.70141E+38    1.70141E+38    1.70141E+38    1.70141E+38    1.70141E+38    1.70141E+38    1.70141E+38    1.70141E+38    1.70141E+38    1.70141E+38    

1.70141E+38    1.70141E+38    1.70141E+38    1.70141E+38    1.70141E+38    1.70141E+38    1.70141E+38    1.70141E+38    1.70141E+38    1.70141E+38    1.70141E+38    1.70141E+38    1.70141E+38    1.70141E+38    1.70141E+38    1.70141E+38    1.70141E+38    1.70141E+38    1.70141E+38    1.70141E+38    1.70141E+38    1.70141E+38    1.70141E+38    

1.70141E+38    1.70141E+38    1.70141E+38    1.70141E+38    1.70141E+38    1.70141E+38    1.70141E+38    1.70141E+38    1.70141E+38    1.70141E+38    1.70141E+38    1.70141E+38    1.70141E+38    1.70141E+38    1.70141E+38    1.70141E+38    1.70141E+38    1.70141E+38    1.70141E+38    1.70141E+38    1.70141E+38    1.70141E+38    1.70141E+38    

1.70141E+38    1.70141E+38    1.70141E+38    1.70141E+38    1.70141E+38    1.70141E+38    1.70141E+38    1.70141E+38    1.70141E+38    1.70141E+38    1.70141E+38    1.70141E+38    1.70141E+38    1.70141E+38    1.70141E+38    1.70141E+38    1.70141E+38    1.70141E+38    1.70141E+38    1.70141E+38    1.70141E+38    1.70141E+38    1.70141E+38    

1.70141E+38    1.70141E+38    1.70141E+38    1.70141E+38    1.70141E+38    1.70141E+38    1.70141E+38    1.70141E+38    1.70141E+38    1.70141E+38    1.70141E+38    1.70141E+38    1.70141E+38    1.70141E+38    1.70141E+38    1.70141E+38    1.70141E+38    1.70141E+38    1.70141E+38    1.70141E+38    1.70141E+38    1.70141E+38    1.70141E+38    

