py_wake/examples/data/ParqueFicticio/Ridge area   Sector 11   Height 200m   Flow inclination.grd
DSAA
23  33
 262878   265078
 6504214   6507414
-7.392211   8.851542
1.70141E+38    1.70141E+38    1.70141E+38    1.70141E+38    1.70141E+38    1.70141E+38    1.70141E+38    1.70141E+38    1.70141E+38    1.70141E+38    1.70141E+38    1.70141E+38    1.70141E+38    1.70141E+38    1.70141E+38    1.70141E+38    1.70141E+38    1.70141E+38    1.70141E+38    1.70141E+38    1.70141E+38    1.70141E+38    1.70141E+38    

1.70141E+38    1.70141E+38    1.70141E+38    1.70141E+38    1.70141E+38    1.70141E+38    1.70141E+38    1.70141E+38    1.70141E+38    1.70141E+38    1.70141E+38    1.70141E+38    1.70141E+38    1.70141E+38    1.70141E+38    1.70141E+38    1.70141E+38    1.70141E+38    1.70141E+38    1.70141E+38    1.70141E+38    1.70141E+38    1.70141E+38    

1.70141E+38    1.70141E+38    1.70141E+38    1.70141E+38    1.70141E+38    1.70141E+38    1.70141E+38    1.70141E+38    1.70141E+38    1.70141E+38    1.70141E+38    1.70141E+38    1.70141E+38    1.70141E+38    1.70141E+38    1.70141E+38    1.70141E+38    1.70141E+38    1.70141E+38    1.70141E+38    1.70141E+38    1.70141E+38    1.70141E+38    

1.70141E+38    1.70141E+38    1.70141E+38    1.70141E+38    1.70141E+38    1.70141E+38    1.70141E+38    1.70141E+38    1.70141E+38    1.70141E+38    1.70141E+38    1.70141E+38    1.70141E+38    1.70141E+38    1.70141E+38    1.70141E+38    1.70141E+38    1.70141E+38    1.70141E+38    1.70141E+38    1.70141E+38    1.70141E+38    1.70141E+38    

1.70141E+38    1.70141E+38    1.70141E+38    1.70141E+38    1.70141E+38    1.70141E+38    1.70141E+38    1.70141E+38    1.70141E+38    1.70141E+38    1.70141E+38    1.70141E+38    1.70141E+38    1.70141E+38    1.70141E+38    1.70141E+38    1.70141E+38    1.70141E+38    1.70141E+38    1.70141E+38    1.70141E+38    1.70141E+38    1.70141E+38    

4.046126       4.541598       5.003697       5.321724       5.376447       5.115845       4.649179       3.86156        2.806761       1.413923       -.04662108     -1.304137      -2.266286      -2.983902      -3.247021      -3.107434      -3.302126      -2.640223      -5.32696       -6.72775       1.70141E+38    1.70141E+38    1.70141E+38    

4.26569        4.815254       5.344428       5.858784       6.213306       6.266561       5.904283       5.062419       3.862847       2.371161       .7131214       -.7733567      -1.921152      -2.627783      -2.737829      -3.001021      -3.607795      -5.061965      -7.000505      -6.743702      1.70141E+38    1.70141E+38    1.70141E+38    

4.439819       5.007847       5.385596       5.810291       6.316782       6.684766       6.690747       6.086912       4.868316       3.211358       1.349713       -.3722303      -1.767079      -2.620473      -2.993609      -3.885367      -5.943039      -7.392211      -6.815146      -6.517333      1.70141E+38    1.70141E+38    1.70141E+38    

4.310946       5.047877       5.455746       5.740224       6.057676       6.293522       6.300941       5.863268       4.961559       3.580635       1.612456       -.2944185      -1.981007      -3.224914      -4.061195      -5.129064      -6.794081      -7.163908      -6.43438       -6.369192      1.70141E+38    1.70141E+38    1.70141E+38    

3.676278       4.631228       5.313156       5.716437       6.034493       6.217643       6.074371       5.36598        4.334748       3.121904       1.435611       -.4617228      -2.294528      -3.809741      -4.93127       -5.958116      -6.87952       -6.881146      -6.271671      -6.302176      1.70141E+38    1.70141E+38    1.70141E+38    

2.698103       3.651484       4.766459       5.538459       6.074865       6.424998       6.379478       5.643816       4.482059       3.155228       1.498191       -.3884651      -2.272317      -3.861287      -5.112353      -6.06304       -6.598529      -6.345181      -6.027426      -6.180156      1.70141E+38    1.70141E+38    1.70141E+38    

2.088724       2.414421       3.743532       5.058991       5.937326       6.527307       6.811159       6.366782       5.294037       3.877888       2.114554       .1132976       -1.872953      -3.600892      -4.863055      -5.66005       -5.620732      -5.367092      -5.446186      -5.871112      1.70141E+38    1.70141E+38    1.70141E+38    

2.454562       2.104277       2.805496       4.228183       5.557001       6.608861       7.384937       7.422386       6.525382       5.040334       3.039628       .8358131       -1.246268      -3.095723      -4.344449      -4.839804      -4.530859      -4.388284      -4.669347      -5.287712      1.70141E+38    1.70141E+38    1.70141E+38    

3.334202       2.809045       2.966335       3.888804       5.068924       6.413664       7.471947       7.932807       7.532422       6.200939       3.966179       1.517822       -.6867399      -2.675704      -3.964075      -4.17045       -3.789944      -3.678396      -3.924287      -4.471805      1.70141E+38    1.70141E+38    1.70141E+38    

4.209957       3.543807       3.408894       4.076797       4.984362       6.22443        7.244587       7.575847       7.274021       6.297629       4.362746       1.961919       -.2451006      -2.271748      -3.544042      -3.718216      -3.458816      -3.269722      -3.353859      -3.672566      1.70141E+38    1.70141E+38    1.70141E+38    

5.173262       4.470638       4.26522        4.726457       5.397552       6.266258       7.076424       7.340328       6.953193       6.028332       4.433483       2.357635       .2425855       -1.695952      -3.045244      -3.540126      -3.508235      -3.259672      -3.092589      -3.082415      1.70141E+38    1.70141E+38    1.70141E+38    

6.259278       5.594997       5.437834       5.791438       6.287917       6.80095        7.277758       7.439497       7.131455       6.343104       4.918135       2.927838       .8112099       -1.136598      -2.708776      -3.657995      -4.009937      -3.923612      -3.584137      -3.281969      1.70141E+38    1.70141E+38    1.70141E+38    

7.426136       6.748619       6.643168       7.075778       7.400731       7.681588       7.865499       7.902044       7.666302       7.120398       5.843557       3.66489        1.345837       -.7449493      -2.529626      -3.895616      -4.755174      -5.245245      -5.106041      -4.393686      1.70141E+38    1.70141E+38    1.70141E+38    

8.263338       7.783618       7.740643       8.175872       8.483576       8.540539       8.553782       8.618331       8.507031       8.122265       6.701262       4.062966       1.556975       -.6244224      -2.615994      -4.249708      -5.344066      -6.089798      -6.259632      -5.363111      1.70141E+38    1.70141E+38    1.70141E+38    

8.41657        7.999162       7.750538       7.856569       8.140638       8.281773       8.442698       8.661515       8.644264       7.834074       6.112576       3.605074       1.275352       -.9003785      -2.866382      -4.450469      -5.578013      -6.320028      -6.455681      -5.295876      1.70141E+38    1.70141E+38    1.70141E+38    

7.965462       7.5942         7.35567        7.302676       7.43749        7.64667        7.817188       7.9209         7.758531       6.708739       4.890883       2.815336       .6787191       -1.642328      -3.510852      -4.607699      -5.253495      -5.601832      -5.665711      -4.943481      1.70141E+38    1.70141E+38    1.70141E+38    

7.78387        7.558409       7.463413       7.462626       7.594901       7.743006       7.818499       7.517661       6.857805       5.66398        4.071478       2.299726       .3225632       -1.979422      -3.991365      -4.867195      -5.050733      -5.00856       -4.875224      -4.148685      1.70141E+38    1.70141E+38    1.70141E+38    

7.968662       7.885045       7.944145       8.102882       8.276772       8.363714       8.208555       7.358444       6.145559       4.907015       3.581942       2.124699       .4615232       -1.33483       -3.016959      -4.111178      -4.588969      -4.622952      -1.575986      -4.455778      1.70141E+38    1.70141E+38    1.70141E+38    

8.357735       8.440779       8.560062       8.655267       8.65424        8.482173       7.891684       6.837424       5.620557       4.409266       3.222381       2.106503       .9259707       -.3805851      -1.558998      -2.434717      -3.230225      -3.87388       -4.20481       -4.564624      1.70141E+38    1.70141E+38    1.70141E+38    

8.616349       8.767293       8.851542       8.763618       8.508472       7.962356       7.053243       6.068983       5.069176       4.011596       2.897089       1.964669       1.316128       .55296         -.1976198      -.968869       -1.802209      -2.738131      -3.680498      -4.434352      1.70141E+38    1.70141E+38    1.70141E+38    

1.70141E+38    1.70141E+38    1.70141E+38    1.70141E+38    1.70141E+38    1.70141E+38    1.70141E+38    1.70141E+38    1.70141E+38    1.70141E+38    1.70141E+38    1.70141E+38    1.70141E+38    1.70141E+38    1.70141E+38    1.70141E+38    1.70141E+38    1.70141E+38    1.70141E+38    1.70141E+38    1.70141E+38    1.70141E+38    1.70141E+38    

1.70141E+38    1.70141E+38    1.70141E+38    1.70141E+38    1.70141E+38    1.70141E+38    1.70141E+38    1.70141E+38    1.70141E+38    1.70141E+38    1.70141E+38    1.70141E+38    1.70141E+38    1.70141E+38    1.70141E+38    1.70141E+38    1.70141E+38    1.70141E+38    1.70141E+38    1.70141E+38    1.70141E+38    1.70141E+38    1.70141E+38    

1.70141E+38    1.70141E+38    1.70141E+38    1.70141E+38    1.70141E+38    1.70141E+38    1.70141E+38    1.70141E+38    1.70141E+38    1.70141E+38    1.70141E+38    1.70141E+38    1.70141E+38    1.70141E+38    1.70141E+38    1.70141E+38    1.70141E+38    1.70141E+38    1.70141E+38    1.70141E+38    1.70141E+38    1.70141E+38    1.70141E+38    

1.70141E+38    1.70141E+38    1.70141E+38    1.70141E+38    1.70141E+38    1.70141E+38    1.70141E+38    1.70141E+38    1.70141E+38    1.70141E+38    1.70141E+38    1.70141E+38    1.70141E+38    1.70141E+38    1.70141E+38    1.70141E+38    1.70141E+38    1.70141E+38    1.70141E+38    1.70141E+38    1.70141E+38    1.70141E+38    1.70141E+38    

1.70141E+38    1.70141E+38    1.70141E+38    1.70141E+38    1.70141E+38    1.70141E+38    1.70141E+38    1.70141E+38    1.70141E+38    1.70141E+38    1.70141E+38    1.70141E+38    1.70141E+38    1.70141E+38    1.70141E+38    1.70141E+38    1.70141E+38    1.70141E+38    1.70141E+38    1.70141E+38    1.70141E+38    1.70141E+38    1.70141E+38    

1.70141E+38    1.70141E+38    1.70141E+38    1.70141E+38    1.70141E+38    1.70141E+38    1.70141E+38    1.70141E+38    1.70141E+38    1.70141E+38    1.70141E+38    1.70141E+38    1.70141E+38    1.70141E+38    1.70141E+38    1.70141E+38    1.70141E+38    1.70141E+38    1.70141E+38    1.70141E+38    1.70141E+38    1.70141E+38    1.70141E+38    

1.70141E+38    1.70141E+38    1.70141E+38    1.70141E+38    1.70141E+38    1.70141E+38    1.70141E+38    1.70141E+38    1.70141E+38    1.70141E+38    1.70141E+38    1.70141E+38    1.70141E+38    1.70141E+38    1.70141E+38    1.70141E+38    1.70141E+38    1.70141E+38    1.70141E+38    1.70141E+38    1.70141E+38    1.70141E+38    1.70141E+38    

1.70141E+38    1.70141E+38    1.70141E+38    1.70141E+38    1.70141E+38    1.70141E+38    1.70141E+38    1.70141E+38    1.70141E+38    1.70141E+38    1.70141E+38    1.70141E+38    1.70141E+38    1.70141E+38    1.70141E+38    1.70141E+38    1.70141E+38    1.70141E+38    1.70141E+38    1.70141E+38    1.70141E+38    1.70141E+38    1.70141E+38    

