py_wake/examples/data/ParqueFicticio/Ridge area   Sector 4   Height 30m   Weibull-A.grd
DSAA
23  33
 262878   265078
 6504214   6507414
 .4186226   10.59827
1.70141E+38    1.70141E+38    1.70141E+38    1.70141E+38    1.70141E+38    1.70141E+38    1.70141E+38    1.70141E+38    1.70141E+38    1.70141E+38    1.70141E+38    1.70141E+38    1.70141E+38    1.70141E+38    1.70141E+38    1.70141E+38    1.70141E+38    1.70141E+38    1.70141E+38    1.70141E+38    1.70141E+38    1.70141E+38    1.70141E+38    

1.70141E+38    1.70141E+38    1.70141E+38    1.70141E+38    1.70141E+38    1.70141E+38    1.70141E+38    1.70141E+38    1.70141E+38    1.70141E+38    1.70141E+38    1.70141E+38    1.70141E+38    1.70141E+38    1.70141E+38    1.70141E+38    1.70141E+38    1.70141E+38    1.70141E+38    1.70141E+38    1.70141E+38    1.70141E+38    1.70141E+38    

1.70141E+38    1.70141E+38    1.70141E+38    1.70141E+38    1.70141E+38    1.70141E+38    1.70141E+38    1.70141E+38    1.70141E+38    1.70141E+38    1.70141E+38    1.70141E+38    1.70141E+38    1.70141E+38    1.70141E+38    1.70141E+38    1.70141E+38    1.70141E+38    1.70141E+38    1.70141E+38    1.70141E+38    1.70141E+38    1.70141E+38    

1.70141E+38    1.70141E+38    1.70141E+38    1.70141E+38    1.70141E+38    1.70141E+38    1.70141E+38    1.70141E+38    1.70141E+38    1.70141E+38    1.70141E+38    1.70141E+38    1.70141E+38    1.70141E+38    1.70141E+38    1.70141E+38    1.70141E+38    1.70141E+38    1.70141E+38    1.70141E+38    1.70141E+38    1.70141E+38    1.70141E+38    

1.70141E+38    1.70141E+38    1.70141E+38    1.70141E+38    1.70141E+38    1.70141E+38    1.70141E+38    1.70141E+38    1.70141E+38    1.70141E+38    1.70141E+38    1.70141E+38    1.70141E+38    1.70141E+38    1.70141E+38    1.70141E+38    1.70141E+38    1.70141E+38    1.70141E+38    1.70141E+38    1.70141E+38    1.70141E+38    1.70141E+38    

2.982595       2.841262       2.78151        3.042498       3.563009       4.307076       4.863436       5.761227       6.388727       7.488965       8.820035       9.42371        9.509014       8.021466       5.90688        4.071195       1.324678       1.117384       .9618794       3.524163       1.70141E+38    1.70141E+38    1.70141E+38    

2.739825       2.649706       2.528628       2.603936       2.97159        3.549416       4.442117       5.672123       6.810803       7.808525       9.104637       9.809965       9.259015       7.05821        4.681719       2.899944       1.06406        .9356021       .6133655       5.996219       1.70141E+38    1.70141E+38    1.70141E+38    

2.318566       2.465522       2.621921       2.433926       2.207396       2.247189       2.661998       3.790045       5.587504       7.277518       8.884017       9.888815       8.650459       5.936208       3.84375        2.298549       .6040072       .585421        3.024297       7.244432       1.70141E+38    1.70141E+38    1.70141E+38    

1.875558       1.980398       2.175088       2.138283       1.900286       1.803613       1.909023       2.523499       3.942733       5.926992       8.299644       9.754507       7.98302        5.186505       3.291708       1.832965       .6681294       .762235        4.776327       7.928148       1.70141E+38    1.70141E+38    1.70141E+38    

1.549582       1.553268       1.683883       1.761761       1.718747       1.970223       2.57344        3.884591       5.059288       6.327168       7.992003       9.433006       7.945245       5.436584       3.372221       1.441488       .6864498       .9459529       5.117401       8.21631        1.70141E+38    1.70141E+38    1.70141E+38    

1.445853       1.163013       1.352995       1.775403       2.129897       2.582687       3.460658       5.130177       6.566425       7.300402       8.256761       9.447994       8.452402       6.083185       3.436604       .5147119       .5951703       2.223774       6.403882       8.448224       1.70141E+38    1.70141E+38    1.70141E+38    

1.587474       .7908511       .7732692       1.377398       2.157926       2.973562       3.64477        5.150638       6.609711       7.567118       8.385773       9.506924       8.697254       6.02138        3.149623       .4186226       2.697114       6.195438       7.810369       8.589047       1.70141E+38    1.70141E+38    1.70141E+38    

2.447611       1.180084       .5725737       .5585364       .834187        1.257469       1.657602       2.982785       4.924286       6.680881       8.110265       9.469187       8.992537       6.129659       3.173971       1.951332       5.673971       7.803535       8.542855       8.544038       1.70141E+38    1.70141E+38    1.70141E+38    

3.630162       2.236925       1.078694       .6569085       .9240929       .9931343       .863894        .5246585       1.612671       4.168707       7.461465       9.604903       9.373836       6.646717       4.442181       4.788455       7.033055       8.25518        8.667301       8.248071       1.70141E+38    1.70141E+38    1.70141E+38    

4.465782       3.437335       2.145525       1.82226        .9962864       .5621624       .8366341       1.665864       2.847842       4.526445       7.604176       9.81108        9.796786       7.925562       6.495312       6.643421       7.131545       7.812937       8.072642       7.695715       1.70141E+38    1.70141E+38    1.70141E+38    

4.990763       4.710211       3.571269       3.392905       2.842888       2.191072       2.583226       3.637093       5.506052       7.187236       8.690935       9.896063       10.06709       9.072371       7.69627        6.757182       5.789755       6.225218       6.925268       6.773976       1.70141E+38    1.70141E+38    1.70141E+38    

5.508459       5.649037       4.819436       4.428157       4.625178       4.74404        5.110207       5.639461       6.750877       7.794669       8.859739       9.927384       10.0221        9.801503       8.31645        6.433681       4.408023       3.839377       4.79634        5.535682       1.70141E+38    1.70141E+38    1.70141E+38    

5.43011        5.748139       4.990142       4.312834       5.045053       5.46065        5.929184       6.414118       7.099374       7.481064       8.206257       9.563521       10.29664       10.19739       8.790759       6.88505        5.278723       3.900136       3.606843       4.25527        1.70141E+38    1.70141E+38    1.70141E+38    

4.99541        4.758173       3.904218       3.496693       4.036571       4.596373       5.022878       5.127196       5.23353        5.132155       6.775248       9.542869       10.59827       10.21646       8.656132       7.098094       6.008281       4.805348       3.629968       3.031428       1.70141E+38    1.70141E+38    1.70141E+38    

3.818766       3.289494       2.858821       2.52701        2.528341       2.841671       2.471632       1.818388       1.827286       3.414908       6.906059       9.896188       10.49474       9.739433       8.390779       7.152798       6.314817       5.486522       4.755125       3.638259       1.70141E+38    1.70141E+38    1.70141E+38    

2.989057       2.918055       3.038556       3.187134       2.905009       2.502253       2.096702       1.487902       1.515715       5.316015       8.741116       10.18992       10.39117       8.550896       7.609967       7.142333       6.731239       6.355004       6.063633       5.52804        1.70141E+38    1.70141E+38    1.70141E+38    

3.757168       4.225236       4.278219       4.428815       3.990334       3.747684       3.388556       4.08809        5.656921       7.72202        9.270282       10.12296       9.938986       8.213003       6.856313       6.53715        6.522279       6.554702       6.638288       6.389116       1.70141E+38    1.70141E+38    1.70141E+38    

3.844969       4.205133       3.9164         3.459496       2.889772       2.683209       3.079429       5.575801       7.849214       8.772309       9.261645       9.431507       9.419947       8.394785       7.137694       6.502026       6.062392       5.957693       6.288007       6.418263       1.70141E+38    1.70141E+38    1.70141E+38    

2.677782       2.606991       2.1904         1.80933        1.49114        1.545293       3.802818       6.506373       8.14172        8.965597       8.818052       8.196244       8.455114       8.29394        7.524782       7.260444       6.632875       5.865584       5.646029       5.781136       1.70141E+38    1.70141E+38    1.70141E+38    

1.324792       1.266761       1.059602       1.082956       1.80606        4.175502       6.513948       7.46172        8.000275       8.395288       8.188179       6.964592       7.175621       7.394789       6.839272       7.406506       7.428655       6.584831       5.906713       5.686339       1.70141E+38    1.70141E+38    1.70141E+38    

1.70141E+38    1.70141E+38    1.70141E+38    1.70141E+38    1.70141E+38    1.70141E+38    1.70141E+38    1.70141E+38    1.70141E+38    1.70141E+38    1.70141E+38    1.70141E+38    1.70141E+38    1.70141E+38    1.70141E+38    1.70141E+38    1.70141E+38    1.70141E+38    1.70141E+38    1.70141E+38    1.70141E+38    1.70141E+38    1.70141E+38    

1.70141E+38    1.70141E+38    1.70141E+38    1.70141E+38    1.70141E+38    1.70141E+38    1.70141E+38    1.70141E+38    1.70141E+38    1.70141E+38    1.70141E+38    1.70141E+38    1.70141E+38    1.70141E+38    1.70141E+38    1.70141E+38    1.70141E+38    1.70141E+38    1.70141E+38    1.70141E+38    1.70141E+38    1.70141E+38    1.70141E+38    

1.70141E+38    1.70141E+38    1.70141E+38    1.70141E+38    1.70141E+38    1.70141E+38    1.70141E+38    1.70141E+38    1.70141E+38    1.70141E+38    1.70141E+38    1.70141E+38    1.70141E+38    1.70141E+38    1.70141E+38    1.70141E+38    1.70141E+38    1.70141E+38    1.70141E+38    1.70141E+38    1.70141E+38    1.70141E+38    1.70141E+38    

1.70141E+38    1.70141E+38    1.70141E+38    1.70141E+38    1.70141E+38    1.70141E+38    1.70141E+38    1.70141E+38    1.70141E+38    1.70141E+38    1.70141E+38    1.70141E+38    1.70141E+38    1.70141E+38    1.70141E+38    1.70141E+38    1.70141E+38    1.70141E+38    1.70141E+38    1.70141E+38    1.70141E+38    1.70141E+38    1.70141E+38    

1.70141E+38    1.70141E+38    1.70141E+38    1.70141E+38    1.70141E+38    1.70141E+38    1.70141E+38    1.70141E+38    1.70141E+38    1.70141E+38    1.70141E+38    1.70141E+38    1.70141E+38    1.70141E+38    1.70141E+38    1.70141E+38    1.70141E+38    1.70141E+38    1.70141E+38    1.70141E+38    1.70141E+38    1.70141E+38    1.70141E+38    

1.70141E+38    1.70141E+38    1.70141E+38    1.70141E+38    1.70141E+38    1.70141E+38    1.70141E+38    1.70141E+38    1.70141E+38    1.70141E+38    1.70141E+38    1.70141E+38    1.70141E+38    1.70141E+38    1.70141E+38    1.70141E+38    1.70141E+38    1.70141E+38    1.70141E+38    1.70141E+38    1.70141E+38    1.70141E+38    1.70141E+38    

1.70141E+38    1.70141E+38    1.70141E+38    1.70141E+38    1.70141E+38    1.70141E+38    1.70141E+38    1.70141E+38    1.70141E+38    1.70141E+38    1.70141E+38    1.70141E+38    1.70141E+38    1.70141E+38    1.70141E+38    1.70141E+38    1.70141E+38    1.70141E+38    1.70141E+38    1.70141E+38    1.70141E+38    1.70141E+38    1.70141E+38    

1.70141E+38    1.70141E+38    1.70141E+38    1.70141E+38    1.70141E+38    1.70141E+38    1.70141E+38    1.70141E+38    1.70141E+38    1.70141E+38    1.70141E+38    1.70141E+38    1.70141E+38    1.70141E+38    1.70141E+38    1.70141E+38    1.70141E+38    1.70141E+38    1.70141E+38    1.70141E+38    1.70141E+38    1.70141E+38    1.70141E+38    

