py_wake/examples/data/ParqueFicticio/Ridge area   Sector 7   Height 200m   Weibull-A.grd
DSAA
23  33
 262878   265078
 6504214   6507414
 6.015578   8.323915
1.70141E+38    1.70141E+38    1.70141E+38    1.70141E+38    1.70141E+38    1.70141E+38    1.70141E+38    1.70141E+38    1.70141E+38    1.70141E+38    1.70141E+38    1.70141E+38    1.70141E+38    1.70141E+38    1.70141E+38    1.70141E+38    1.70141E+38    1.70141E+38    1.70141E+38    1.70141E+38    1.70141E+38    1.70141E+38    1.70141E+38    

1.70141E+38    1.70141E+38    1.70141E+38    1.70141E+38    1.70141E+38    1.70141E+38    1.70141E+38    1.70141E+38    1.70141E+38    1.70141E+38    1.70141E+38    1.70141E+38    1.70141E+38    1.70141E+38    1.70141E+38    1.70141E+38    1.70141E+38    1.70141E+38    1.70141E+38    1.70141E+38    1.70141E+38    1.70141E+38    1.70141E+38    

1.70141E+38    1.70141E+38    1.70141E+38    1.70141E+38    1.70141E+38    1.70141E+38    1.70141E+38    1.70141E+38    1.70141E+38    1.70141E+38    1.70141E+38    1.70141E+38    1.70141E+38    1.70141E+38    1.70141E+38    1.70141E+38    1.70141E+38    1.70141E+38    1.70141E+38    1.70141E+38    1.70141E+38    1.70141E+38    1.70141E+38    

1.70141E+38    1.70141E+38    1.70141E+38    1.70141E+38    1.70141E+38    1.70141E+38    1.70141E+38    1.70141E+38    1.70141E+38    1.70141E+38    1.70141E+38    1.70141E+38    1.70141E+38    1.70141E+38    1.70141E+38    1.70141E+38    1.70141E+38    1.70141E+38    1.70141E+38    1.70141E+38    1.70141E+38    1.70141E+38    1.70141E+38    

1.70141E+38    1.70141E+38    1.70141E+38    1.70141E+38    1.70141E+38    1.70141E+38    1.70141E+38    1.70141E+38    1.70141E+38    1.70141E+38    1.70141E+38    1.70141E+38    1.70141E+38    1.70141E+38    1.70141E+38    1.70141E+38    1.70141E+38    1.70141E+38    1.70141E+38    1.70141E+38    1.70141E+38    1.70141E+38    1.70141E+38    

6.612725       6.665785       6.746518       6.852613       6.960624       7.039972       7.065308       7.039374       7.013173       7.055279       7.080317       7.064162       7.01051        6.854174       6.612735       6.373727       6.159687       6.015578       6.049952       6.287794       1.70141E+38    1.70141E+38    1.70141E+38    

6.667851       6.7079         6.739235       6.792307       6.874602       6.965391       7.036895       7.06554        7.137428       7.189423       7.208017       7.17466        7.061876       6.816611       6.512962       6.264539       6.085315       6.044976       6.245347       6.534963       1.70141E+38    1.70141E+38    1.70141E+38    

6.666135       6.741884       6.791865       6.781566       6.757602       6.770058       6.806044       6.88633        7.037508       7.158569       7.232533       7.213049       7.065465       6.783631       6.480997       6.249187       6.110499       6.181874       6.475914       6.745859       1.70141E+38    1.70141E+38    1.70141E+38    

6.609151       6.704088       6.795033       6.826694       6.811317       6.794892       6.768616       6.78872        6.908542       7.057251       7.209862       7.260979       7.106762       6.838107       6.58683        6.395293       6.249449       6.364231       6.698234       6.94864        1.70141E+38    1.70141E+38    1.70141E+38    

6.541357       6.650032       6.794616       6.899634       6.957319       7.016406       7.062641       7.076854       7.135708       7.194909       7.29222        7.355107       7.26449        7.082536       6.874046       6.672769       6.519827       6.60726        6.916033       7.157033       1.70141E+38    1.70141E+38    1.70141E+38    

6.569127       6.609398       6.798072       6.990796       7.128515       7.233654       7.324045       7.394082       7.479574       7.507432       7.527121       7.544097       7.476655       7.342942       7.147235       6.961389       6.898707       7.023229       7.262384       7.44004        1.70141E+38    1.70141E+38    1.70141E+38    

6.753959       6.599667       6.715364       6.94123        7.12989        7.265675       7.367006       7.500954       7.605354       7.668427       7.698111       7.705624       7.644198       7.511793       7.351366       7.286081       7.408567       7.605331       7.738325       7.78983        1.70141E+38    1.70141E+38    1.70141E+38    

7.111813       6.792558       6.619428       6.729883       6.922651       7.086635       7.211446       7.356187       7.513429       7.63996        7.735201       7.789368       7.762594       7.650609       7.554637       7.649834       7.911842       8.070629       8.125527       8.098828       1.70141E+38    1.70141E+38    1.70141E+38    

7.494107       7.232775       6.887262       6.741216       6.744794       6.856392       7.00175        7.1318         7.316426       7.522698       7.718897       7.848202       7.862726       7.790945       7.771526       7.996762       8.203701       8.297781       8.315042       8.271436       1.70141E+38    1.70141E+38    1.70141E+38    

7.790971       7.656958       7.426053       7.258767       7.044901       6.989875       7.131398       7.292899       7.461362       7.624802       7.804982       7.947014       7.9893         7.962173       7.977915       8.162701       8.279781       8.323915       8.309817       8.255214       1.70141E+38    1.70141E+38    1.70141E+38    

7.996759       7.963928       7.867844       7.765206       7.637119       7.501785       7.503602       7.624985       7.762288       7.879021       7.981797       8.061078       8.100109       8.095589       8.088195       8.167778       8.170531       8.132871       8.077167       8.008779       1.70141E+38    1.70141E+38    1.70141E+38    

8.049314       8.064465       8.03519        7.979219       7.908247       7.820794       7.779078       7.826525       7.898022       7.969567       8.036342       8.095744       8.124383       8.133596       8.089737       8.055288       7.906157       7.732718       7.633611       7.586894       1.70141E+38    1.70141E+38    1.70141E+38    

7.893098       7.946718       7.940981       7.899044       7.854601       7.783137       7.769372       7.798486       7.834916       7.86903        7.926864       8.016808       8.080054       8.093641       8.033566       7.906646       7.703699       7.414809       7.204737       7.167858       1.70141E+38    1.70141E+38    1.70141E+38    

7.544392       7.60433        7.599998       7.568682       7.545324       7.492397       7.518177       7.530734       7.549546       7.57844        7.701699       7.890979       7.994346       8.002335       7.913752       7.734383       7.518237       7.239014       6.935714       6.824216       1.70141E+38    1.70141E+38    1.70141E+38    

7.106441       7.137974       7.199074       7.230784       7.222322       7.198229       7.199962       7.198914       7.266644       7.446704       7.651564       7.838953       7.896917       7.862045       7.751698       7.580283       7.370359       7.118242       6.873462       6.673948       1.70141E+38    1.70141E+38    1.70141E+38    

6.952982       7.027085       7.155261       7.259149       7.271525       7.242168       7.258541       7.28407        7.387694       7.605186       7.788126       7.868086       7.840463       7.681228       7.507052       7.38244        7.269429       7.137969       6.976996       6.787439       1.70141E+38    1.70141E+38    1.70141E+38    

7.130322       7.231795       7.294168       7.342773       7.344686       7.361962       7.400134       7.508499       7.640343       7.787487       7.880488       7.889069       7.808439       7.605044       7.324443       7.125409       7.049589       7.020375       6.975312       6.856726       1.70141E+38    1.70141E+38    1.70141E+38    

7.190517       7.234301       7.230365       7.208405       7.206908       7.267897       7.40568        7.621543       7.786033       7.860247       7.865615       7.81428        7.731936       7.590497       7.372838       7.117339       6.892017       6.779297       6.757221       6.724034       1.70141E+38    1.70141E+38    1.70141E+38    

7.067075       7.050045       7.02771        7.038805       7.121769       7.269983       7.481032       7.675163       7.78141        7.799285       7.728246       7.597252       7.515601       7.457971       7.3619         7.245676       7.049269       6.92668        6.663801       6.637767       1.70141E+38    1.70141E+38    1.70141E+38    

6.824828       6.862051       6.950731       7.110313       7.289218       7.458314       7.597318       7.666455       7.670842       7.612993       7.487185       7.284636       7.180417       7.165305       7.148674       7.193401       7.167746       7.057546       6.903991       7.185878       1.70141E+38    1.70141E+38    1.70141E+38    

1.70141E+38    1.70141E+38    1.70141E+38    1.70141E+38    1.70141E+38    1.70141E+38    1.70141E+38    1.70141E+38    1.70141E+38    1.70141E+38    1.70141E+38    1.70141E+38    1.70141E+38    1.70141E+38    1.70141E+38    1.70141E+38    1.70141E+38    1.70141E+38    1.70141E+38    1.70141E+38    1.70141E+38    1.70141E+38    1.70141E+38    

1.70141E+38    1.70141E+38    1.70141E+38    1.70141E+38    1.70141E+38    1.70141E+38    1.70141E+38    1.70141E+38    1.70141E+38    1.70141E+38    1.70141E+38    1.70141E+38    1.70141E+38    1.70141E+38    1.70141E+38    1.70141E+38    1.70141E+38    1.70141E+38    1.70141E+38    1.70141E+38    1.70141E+38    1.70141E+38    1.70141E+38    

1.70141E+38    1.70141E+38    1.70141E+38    1.70141E+38    1.70141E+38    1.70141E+38    1.70141E+38    1.70141E+38    1.70141E+38    1.70141E+38    1.70141E+38    1.70141E+38    1.70141E+38    1.70141E+38    1.70141E+38    1.70141E+38    1.70141E+38    1.70141E+38    1.70141E+38    1.70141E+38    1.70141E+38    1.70141E+38    1.70141E+38    

1.70141E+38    1.70141E+38    1.70141E+38    1.70141E+38    1.70141E+38    1.70141E+38    1.70141E+38    1.70141E+38    1.70141E+38    1.70141E+38    1.70141E+38    1.70141E+38    1.70141E+38    1.70141E+38    1.70141E+38    1.70141E+38    1.70141E+38    1.70141E+38    1.70141E+38    1.70141E+38    1.70141E+38    1.70141E+38    1.70141E+38    

1.70141E+38    1.70141E+38    1.70141E+38    1.70141E+38    1.70141E+38    1.70141E+38    1.70141E+38    1.70141E+38    1.70141E+38    1.70141E+38    1.70141E+38    1.70141E+38    1.70141E+38    1.70141E+38    1.70141E+38    1.70141E+38    1.70141E+38    1.70141E+38    1.70141E+38    1.70141E+38    1.70141E+38    1.70141E+38    1.70141E+38    

1.70141E+38    1.70141E+38    1.70141E+38    1.70141E+38    1.70141E+38    1.70141E+38    1.70141E+38    1.70141E+38    1.70141E+38    1.70141E+38    1.70141E+38    1.70141E+38    1.70141E+38    1.70141E+38    1.70141E+38    1.70141E+38    1.70141E+38    1.70141E+38    1.70141E+38    1.70141E+38    1.70141E+38    1.70141E+38    1.70141E+38    

1.70141E+38    1.70141E+38    1.70141E+38    1.70141E+38    1.70141E+38    1.70141E+38    1.70141E+38    1.70141E+38    1.70141E+38    1.70141E+38    1.70141E+38    1.70141E+38    1.70141E+38    1.70141E+38    1.70141E+38    1.70141E+38    1.70141E+38    1.70141E+38    1.70141E+38    1.70141E+38    1.70141E+38    1.70141E+38    1.70141E+38    

1.70141E+38    1.70141E+38    1.70141E+38    1.70141E+38    1.70141E+38    1.70141E+38    1.70141E+38    1.70141E+38    1.70141E+38    1.70141E+38    1.70141E+38    1.70141E+38    1.70141E+38    1.70141E+38    1.70141E+38    1.70141E+38    1.70141E+38    1.70141E+38    1.70141E+38    1.70141E+38    1.70141E+38    1.70141E+38    1.70141E+38    

