py_wake/examples/data/ParqueFicticio/Ridge area   Sector 8   Height 30m   Weibull-A.grd
DSAA
23  33
 262878   265078
 6504214   6507414
 .4657267   8.481148
1.70141E+38    1.70141E+38    1.70141E+38    1.70141E+38    1.70141E+38    1.70141E+38    1.70141E+38    1.70141E+38    1.70141E+38    1.70141E+38    1.70141E+38    1.70141E+38    1.70141E+38    1.70141E+38    1.70141E+38    1.70141E+38    1.70141E+38    1.70141E+38    1.70141E+38    1.70141E+38    1.70141E+38    1.70141E+38    1.70141E+38    

1.70141E+38    1.70141E+38    1.70141E+38    1.70141E+38    1.70141E+38    1.70141E+38    1.70141E+38    1.70141E+38    1.70141E+38    1.70141E+38    1.70141E+38    1.70141E+38    1.70141E+38    1.70141E+38    1.70141E+38    1.70141E+38    1.70141E+38    1.70141E+38    1.70141E+38    1.70141E+38    1.70141E+38    1.70141E+38    1.70141E+38    

1.70141E+38    1.70141E+38    1.70141E+38    1.70141E+38    1.70141E+38    1.70141E+38    1.70141E+38    1.70141E+38    1.70141E+38    1.70141E+38    1.70141E+38    1.70141E+38    1.70141E+38    1.70141E+38    1.70141E+38    1.70141E+38    1.70141E+38    1.70141E+38    1.70141E+38    1.70141E+38    1.70141E+38    1.70141E+38    1.70141E+38    

1.70141E+38    1.70141E+38    1.70141E+38    1.70141E+38    1.70141E+38    1.70141E+38    1.70141E+38    1.70141E+38    1.70141E+38    1.70141E+38    1.70141E+38    1.70141E+38    1.70141E+38    1.70141E+38    1.70141E+38    1.70141E+38    1.70141E+38    1.70141E+38    1.70141E+38    1.70141E+38    1.70141E+38    1.70141E+38    1.70141E+38    

1.70141E+38    1.70141E+38    1.70141E+38    1.70141E+38    1.70141E+38    1.70141E+38    1.70141E+38    1.70141E+38    1.70141E+38    1.70141E+38    1.70141E+38    1.70141E+38    1.70141E+38    1.70141E+38    1.70141E+38    1.70141E+38    1.70141E+38    1.70141E+38    1.70141E+38    1.70141E+38    1.70141E+38    1.70141E+38    1.70141E+38    

4.442059       4.487613       4.721532       5.134056       5.50922        5.800388       5.874451       6.008062       6.11649        6.484964       6.992241       7.344257       7.393795       6.350944       3.712751       1.369858       1.335271       1.213731       2.333714       3.985616       1.70141E+38    1.70141E+38    1.70141E+38    

4.65681        4.59785        4.678882       5.045148       5.451946       5.770019       6.105093       6.43357        6.688892       6.926159       7.209985       7.466441       7.110275       2.170869       1.240048       1.58327        1.501691       1.397988       2.599212       5.171113       1.70141E+38    1.70141E+38    1.70141E+38    

4.712757       4.875361       5.02339        5.079783       5.033679       5.090205       5.215745       5.515743       6.016106       6.496935       6.931119       7.206878       6.515438       2.878433       1.031271       2.197094       2.132365       2.060963       3.256465       6.099521       1.70141E+38    1.70141E+38    1.70141E+38    

4.626547       4.823126       5.007317       5.022058       4.932948       4.854418       4.788079       4.815288       5.069886       5.545705       6.408961       7.008871       6.059148       2.091876       .5982504       1.671193       2.061573       2.534053       4.230932       6.618711       1.70141E+38    1.70141E+38    1.70141E+38    

4.449845       4.719335       4.909256       4.94944        4.988099       5.15704        5.26468        5.4867         5.630905       5.80635        6.256659       6.807613       6.266213       2.903992       .5385792       1.010943       2.32989        2.331361       5.359715       6.789948       1.70141E+38    1.70141E+38    1.70141E+38    

4.541517       4.865865       5.196761       5.517688       5.721464       5.997066       6.305859       6.65006        6.948235       6.98724        6.993334       7.24798        6.890042       4.900046       1.093009       1.970421       1.982819       2.818224       5.648897       7.147629       1.70141E+38    1.70141E+38    1.70141E+38    

4.86335        4.92722        5.359234       5.973434       6.506686       6.917514       7.167539       7.327258       7.453442       7.462729       7.479625       7.552974       7.158337       5.248352       1.877626       1.843701       1.785261       4.439102       6.605537       7.829334       1.70141E+38    1.70141E+38    1.70141E+38    

5.395754       5.059336       4.981229       5.330641       5.773011       5.996193       5.998179       6.162473       6.451802       6.75121        7.096144       7.418243       7.197618       5.502301       2.050283       1.887793       4.292021       6.780742       7.913272       8.101244       1.70141E+38    1.70141E+38    1.70141E+38    

6.001638       5.739164       5.03999        4.760166       4.429913       4.292168       4.445168       4.188062       4.372978       5.207511       6.321058       7.231297       7.221114       5.685759       2.791386       4.467975       6.972145       8.21242        8.481148       7.997774       1.70141E+38    1.70141E+38    1.70141E+38    

6.460205       6.265452       5.665313       5.584943       5.024407       4.534867       4.798751       5.128358       5.371539       5.555744       6.324137       7.431245       7.474299       6.593577       5.441304       6.640179       7.56058        7.889603       7.700827       7.281291       1.70141E+38    1.70141E+38    1.70141E+38    

7.013336       7.030373       6.705859       6.714446       6.366478       5.972716       6.15567        6.567456       7.010575       7.34608        7.653927       7.88822        7.904217       7.558263       7.1724         6.616858       6.166805       6.067256       5.85073        5.499664       1.70141E+38    1.70141E+38    1.70141E+38    

7.824872       7.900956       7.717096       7.564037       7.531066       7.596322       7.736371       7.811105       7.953838       7.9804         7.942453       7.936605       7.744826       7.84533        7.263402       5.596082       3.91529        2.645775       2.649036       2.867929       1.70141E+38    1.70141E+38    1.70141E+38    

7.507716       7.522541       7.035394       6.476191       6.989877       7.262177       7.490745       7.504056       7.319064       7.016055       6.873355       7.251915       7.62237        7.769411       7.115243       5.329173       3.659302       1.533281       1.481814       1.326971       1.70141E+38    1.70141E+38    1.70141E+38    

6.416639       5.65154        3.046509       1.691144       2.375987       3.554571       4.411977       4.252812       3.736962       3.240002       4.108089       6.465419       7.580745       7.433114       6.288189       2.275598       2.96508        1.637121       .9556689       .955459        1.70141E+38    1.70141E+38    1.70141E+38    

4.230609       .8117347       .8876718       .9695596       .7718477       1.760888       1.886559       1.839652       1.916036       3.015109       4.569642       6.649303       7.041526       6.270796       4.928409       2.654254       2.007207       1.533238       .6728606       .4657267       1.70141E+38    1.70141E+38    1.70141E+38    

3.46371        3.172773       4.003676       4.649357       4.445193       3.711836       3.229684       3.020112       3.257681       4.652787       6.514763       7.416813       6.77063        3.97578        2.265189       2.243316       2.475492       2.55002        1.624436       1.100274       1.70141E+38    1.70141E+38    1.70141E+38    

5.835425       6.427316       6.852092       7.140383       6.726776       5.924847       4.974154       4.901007       5.309207       6.50054        7.565111       7.510615       6.441477       3.693065       2.169112       2.153073       2.535136       2.942234       3.512175       3.18721        1.70141E+38    1.70141E+38    1.70141E+38    

6.939233       6.955678       6.489542       5.776409       5.331106       5.052784       4.901864       5.793183       7.080743       7.581583       7.267611       6.305377       5.388632       2.852666       4.079314       2.813799       2.221313       2.312927       3.054698       3.788851       1.70141E+38    1.70141E+38    1.70141E+38    

6.047834       5.399351       4.662159       4.193229       4.318565       4.735231       5.608559       6.879056       7.687694       7.411656       5.594017       2.807635       2.62527        2.320586       7.291315       6.609828       5.314009       3.452291       2.868223       2.978826       1.70141E+38    1.70141E+38    1.70141E+38    

4.371372       4.004619       3.966137       4.837818       5.857777       6.753501       7.515646       7.754144       7.361245       6.401043       3.01145        2.844361       3.045419       2.371609       1.522381       1.69124        2.46794        1.861116       4.584563       3.608471       1.70141E+38    1.70141E+38    1.70141E+38    

1.70141E+38    1.70141E+38    1.70141E+38    1.70141E+38    1.70141E+38    1.70141E+38    1.70141E+38    1.70141E+38    1.70141E+38    1.70141E+38    1.70141E+38    1.70141E+38    1.70141E+38    1.70141E+38    1.70141E+38    1.70141E+38    1.70141E+38    1.70141E+38    1.70141E+38    1.70141E+38    1.70141E+38    1.70141E+38    1.70141E+38    

1.70141E+38    1.70141E+38    1.70141E+38    1.70141E+38    1.70141E+38    1.70141E+38    1.70141E+38    1.70141E+38    1.70141E+38    1.70141E+38    1.70141E+38    1.70141E+38    1.70141E+38    1.70141E+38    1.70141E+38    1.70141E+38    1.70141E+38    1.70141E+38    1.70141E+38    1.70141E+38    1.70141E+38    1.70141E+38    1.70141E+38    

1.70141E+38    1.70141E+38    1.70141E+38    1.70141E+38    1.70141E+38    1.70141E+38    1.70141E+38    1.70141E+38    1.70141E+38    1.70141E+38    1.70141E+38    1.70141E+38    1.70141E+38    1.70141E+38    1.70141E+38    1.70141E+38    1.70141E+38    1.70141E+38    1.70141E+38    1.70141E+38    1.70141E+38    1.70141E+38    1.70141E+38    

1.70141E+38    1.70141E+38    1.70141E+38    1.70141E+38    1.70141E+38    1.70141E+38    1.70141E+38    1.70141E+38    1.70141E+38    1.70141E+38    1.70141E+38    1.70141E+38    1.70141E+38    1.70141E+38    1.70141E+38    1.70141E+38    1.70141E+38    1.70141E+38    1.70141E+38    1.70141E+38    1.70141E+38    1.70141E+38    1.70141E+38    

1.70141E+38    1.70141E+38    1.70141E+38    1.70141E+38    1.70141E+38    1.70141E+38    1.70141E+38    1.70141E+38    1.70141E+38    1.70141E+38    1.70141E+38    1.70141E+38    1.70141E+38    1.70141E+38    1.70141E+38    1.70141E+38    1.70141E+38    1.70141E+38    1.70141E+38    1.70141E+38    1.70141E+38    1.70141E+38    1.70141E+38    

1.70141E+38    1.70141E+38    1.70141E+38    1.70141E+38    1.70141E+38    1.70141E+38    1.70141E+38    1.70141E+38    1.70141E+38    1.70141E+38    1.70141E+38    1.70141E+38    1.70141E+38    1.70141E+38    1.70141E+38    1.70141E+38    1.70141E+38    1.70141E+38    1.70141E+38    1.70141E+38    1.70141E+38    1.70141E+38    1.70141E+38    

1.70141E+38    1.70141E+38    1.70141E+38    1.70141E+38    1.70141E+38    1.70141E+38    1.70141E+38    1.70141E+38    1.70141E+38    1.70141E+38    1.70141E+38    1.70141E+38    1.70141E+38    1.70141E+38    1.70141E+38    1.70141E+38    1.70141E+38    1.70141E+38    1.70141E+38    1.70141E+38    1.70141E+38    1.70141E+38    1.70141E+38    

1.70141E+38    1.70141E+38    1.70141E+38    1.70141E+38    1.70141E+38    1.70141E+38    1.70141E+38    1.70141E+38    1.70141E+38    1.70141E+38    1.70141E+38    1.70141E+38    1.70141E+38    1.70141E+38    1.70141E+38    1.70141E+38    1.70141E+38    1.70141E+38    1.70141E+38    1.70141E+38    1.70141E+38    1.70141E+38    1.70141E+38    

