py_wake/examples/data/ParqueFicticio/Ridge area   Sector 8   Height 30m   Turbulence intensity.grd
DSAA
23  33
 262878   265078
 6504214   6507414
 10.52102   100
1.70141E+38    1.70141E+38    1.70141E+38    1.70141E+38    1.70141E+38    1.70141E+38    1.70141E+38    1.70141E+38    1.70141E+38    1.70141E+38    1.70141E+38    1.70141E+38    1.70141E+38    1.70141E+38    1.70141E+38    1.70141E+38    1.70141E+38    1.70141E+38    1.70141E+38    1.70141E+38    1.70141E+38    1.70141E+38    1.70141E+38    

1.70141E+38    1.70141E+38    1.70141E+38    1.70141E+38    1.70141E+38    1.70141E+38    1.70141E+38    1.70141E+38    1.70141E+38    1.70141E+38    1.70141E+38    1.70141E+38    1.70141E+38    1.70141E+38    1.70141E+38    1.70141E+38    1.70141E+38    1.70141E+38    1.70141E+38    1.70141E+38    1.70141E+38    1.70141E+38    1.70141E+38    

1.70141E+38    1.70141E+38    1.70141E+38    1.70141E+38    1.70141E+38    1.70141E+38    1.70141E+38    1.70141E+38    1.70141E+38    1.70141E+38    1.70141E+38    1.70141E+38    1.70141E+38    1.70141E+38    1.70141E+38    1.70141E+38    1.70141E+38    1.70141E+38    1.70141E+38    1.70141E+38    1.70141E+38    1.70141E+38    1.70141E+38    

1.70141E+38    1.70141E+38    1.70141E+38    1.70141E+38    1.70141E+38    1.70141E+38    1.70141E+38    1.70141E+38    1.70141E+38    1.70141E+38    1.70141E+38    1.70141E+38    1.70141E+38    1.70141E+38    1.70141E+38    1.70141E+38    1.70141E+38    1.70141E+38    1.70141E+38    1.70141E+38    1.70141E+38    1.70141E+38    1.70141E+38    

1.70141E+38    1.70141E+38    1.70141E+38    1.70141E+38    1.70141E+38    1.70141E+38    1.70141E+38    1.70141E+38    1.70141E+38    1.70141E+38    1.70141E+38    1.70141E+38    1.70141E+38    1.70141E+38    1.70141E+38    1.70141E+38    1.70141E+38    1.70141E+38    1.70141E+38    1.70141E+38    1.70141E+38    1.70141E+38    1.70141E+38    

17.56487       17.37359       16.77843       16.05531       15.48843       15.08801       15.25276       15.27303       14.90439       13.98462       12.84616       12.43727       12.5022        14.52342       30.19899       100            100            100            83.2276        36.78967       1.70141E+38    1.70141E+38    1.70141E+38    

16.8344        17.23354       16.99159       15.74839       14.7761        14.331         13.99642       13.70361       13.32113       12.82443       12.22427       11.84811       12.36922       37.30241       100            84.83849       100            100            77.14803       24.10582       1.70141E+38    1.70141E+38    1.70141E+38    

16.45129       16.23347       15.88663       15.58303       15.73357       15.90052       16.00071       15.62056       14.39618       13.29599       12.48918       12.05583       13.35955       42.57516       81.71465       57.19639       69.79699       85.52916       50.51905       18.68037       1.70141E+38    1.70141E+38    1.70141E+38    

16.46751       16.03585       15.51962       15.61998       16.2106        17.25463       18.51242       19.83901       19.12265       16.79886       14.00558       12.56284       14.89894       78.26176       100            67.86774       66.08833       64.66933       30.85247       16.68864       1.70141E+38    1.70141E+38    1.70141E+38    

17.08392       16.34776       16.00377       16.16144       16.39356       16.38553       17.01669       17.37311       17.59884       17.1886        15.35754       13.65507       14.66834       49.06521       100            100            69.32135       81.68586       24.31581       15.81935       1.70141E+38    1.70141E+38    1.70141E+38    

16.93042       15.86827       15.1699        14.78779       14.76947       14.40721       14.21672       14.0574        13.74712       13.66154       13.57038       12.88123       13.16981       21.66142       100            68.66212       81.3389        73.53685       22.504         14.98073       1.70141E+38    1.70141E+38    1.70141E+38    

16.40701       15.80327       14.44618       13.31395       12.63029       12.23371       12.0384        12.11315       12.16076       12.19952       12.12352       11.9461        12.36329       19.805         70.89672       68.89423       90.29394       35.98596       18.90356       13.80899       1.70141E+38    1.70141E+38    1.70141E+38    

15.30753       15.85357       15.84869       14.42769       13.43497       13.42198       13.98052       14.12719       13.74813       13.18987       12.49512       11.85477       12.12209       18.39035       70.56271       80.83307       38.88531       21.68868       16.02319       13.82145       1.70141E+38    1.70141E+38    1.70141E+38    

14.00052       14.10229       16.23986       17.67826       19.93168       22.65258       22.80912       26.49197       25.6564        19.77454       15.01052       12.51142       12.23046       17.24564       68.03175       34.32303       21.58149       17.02214       15.04979       14.54487       1.70141E+38    1.70141E+38    1.70141E+38    

12.9578        13.15843       14.80643       15.41808       17.71921       21.31081       20.76676       20.14083       20.04011       19.55911       16.20501       12.66717       12.08935       14.30124       21.64112       20.289         18.20981       16.89266       16.22482       15.85188       1.70141E+38    1.70141E+38    1.70141E+38    

11.98428       11.8769        12.77832       13.07822       13.86227       15.15          15.27274       14.48546       13.80182       13.39098       12.763         11.92115       11.44806       11.84311       13.56321       17.26829       20.20299       20.51632       21.08457       21.75106       1.70141E+38    1.70141E+38    1.70141E+38    

10.69226       10.52102       11.01038       11.6463        11.93014       12.1777        11.98575       11.71957       11.54104       11.49926       11.54956       11.41105       11.55594       11.11707       12.20553       17.60888       30.40009       53.74602       53.02781       47.1586        1.70141E+38    1.70141E+38    1.70141E+38    

10.65848       10.71043       11.83219       13.83971       12.5339        12.28139       11.96303       11.82368       11.96334       12.69967       13.20168       12.41599       11.64587       11.13353       12.07246       17.26852       31.9326        91.14821       86.2208        100            1.70141E+38    1.70141E+38    1.70141E+38    

12.38905       15.45942       37.59729       72.93101       50.78833       32.46341       24.87185       25.83948       30.17429       34.92498       27.84868       15.86666       12.08282       11.74016       14.13944       32.73112       37.16671       77.78371       100            100            1.70141E+38    1.70141E+38    1.70141E+38    

25.30317       100            100            100            100            79.43249       72.27882       72.09125       65.24488       41.59805       27.7386        16.90769       14.34804       14.93512       20.25109       30.88709       39.39629       75.87822       100            100            1.70141E+38    1.70141E+38    1.70141E+38    

36.19853       44.62678       32.4775        27.70571       31.17986       38.73973       43.03834       44.9277        40.85928       28.27344       18.45521       14.83296       15.5584        26.66343       47.95235       46.71159       43.10442       52.34788       70.01823       100            1.70141E+38    1.70141E+38    1.70141E+38    

16.83928       15.64112       14.63705       13.86786       15.42564       19.24081       24.92843       26.42055       24.41449       18.77947       14.73147       14.06225       16.35417       35.31805       57.77163       61.33925       53.90813       47.44587       40.09849       40.99181       1.70141E+38    1.70141E+38    1.70141E+38    

13.03869       13.41606       14.7521        17.16282       19.43097       21.31424       23.06966       20.30648       16.25738       14.5857        14.64707       16.39532       20.139         30.81001       30.59819       44.1595        58.6815        60.06165       47.57955       38.85144       1.70141E+38    1.70141E+38    1.70141E+38    

14.33541       16.98286       21.67608       26.1457        26.37487       24.03614       20.27439       16.23297       13.99585       13.97625       19.22673       37.22635       42.52854       58.90531       18.32701       20.06018       24.56445       38.76381       47.71583       47.37302       1.70141E+38    1.70141E+38    1.70141E+38    

21.54993       25.6899        28.34999       22.81842       18.32661       15.82304       14.1999        13.74888       13.98983       15.70644       45.05331       53.93388       47.1293        55.53643       82.99521       73.01508       51.77195       60.17445       30.51842       38.61609       1.70141E+38    1.70141E+38    1.70141E+38    

1.70141E+38    1.70141E+38    1.70141E+38    1.70141E+38    1.70141E+38    1.70141E+38    1.70141E+38    1.70141E+38    1.70141E+38    1.70141E+38    1.70141E+38    1.70141E+38    1.70141E+38    1.70141E+38    1.70141E+38    1.70141E+38    1.70141E+38    1.70141E+38    1.70141E+38    1.70141E+38    1.70141E+38    1.70141E+38    1.70141E+38    

1.70141E+38    1.70141E+38    1.70141E+38    1.70141E+38    1.70141E+38    1.70141E+38    1.70141E+38    1.70141E+38    1.70141E+38    1.70141E+38    1.70141E+38    1.70141E+38    1.70141E+38    1.70141E+38    1.70141E+38    1.70141E+38    1.70141E+38    1.70141E+38    1.70141E+38    1.70141E+38    1.70141E+38    1.70141E+38    1.70141E+38    

1.70141E+38    1.70141E+38    1.70141E+38    1.70141E+38    1.70141E+38    1.70141E+38    1.70141E+38    1.70141E+38    1.70141E+38    1.70141E+38    1.70141E+38    1.70141E+38    1.70141E+38    1.70141E+38    1.70141E+38    1.70141E+38    1.70141E+38    1.70141E+38    1.70141E+38    1.70141E+38    1.70141E+38    1.70141E+38    1.70141E+38    

1.70141E+38    1.70141E+38    1.70141E+38    1.70141E+38    1.70141E+38    1.70141E+38    1.70141E+38    1.70141E+38    1.70141E+38    1.70141E+38    1.70141E+38    1.70141E+38    1.70141E+38    1.70141E+38    1.70141E+38    1.70141E+38    1.70141E+38    1.70141E+38    1.70141E+38    1.70141E+38    1.70141E+38    1.70141E+38    1.70141E+38    

1.70141E+38    1.70141E+38    1.70141E+38    1.70141E+38    1.70141E+38    1.70141E+38    1.70141E+38    1.70141E+38    1.70141E+38    1.70141E+38    1.70141E+38    1.70141E+38    1.70141E+38    1.70141E+38    1.70141E+38    1.70141E+38    1.70141E+38    1.70141E+38    1.70141E+38    1.70141E+38    1.70141E+38    1.70141E+38    1.70141E+38    

1.70141E+38    1.70141E+38    1.70141E+38    1.70141E+38    1.70141E+38    1.70141E+38    1.70141E+38    1.70141E+38    1.70141E+38    1.70141E+38    1.70141E+38    1.70141E+38    1.70141E+38    1.70141E+38    1.70141E+38    1.70141E+38    1.70141E+38    1.70141E+38    1.70141E+38    1.70141E+38    1.70141E+38    1.70141E+38    1.70141E+38    

1.70141E+38    1.70141E+38    1.70141E+38    1.70141E+38    1.70141E+38    1.70141E+38    1.70141E+38    1.70141E+38    1.70141E+38    1.70141E+38    1.70141E+38    1.70141E+38    1.70141E+38    1.70141E+38    1.70141E+38    1.70141E+38    1.70141E+38    1.70141E+38    1.70141E+38    1.70141E+38    1.70141E+38    1.70141E+38    1.70141E+38    

1.70141E+38    1.70141E+38    1.70141E+38    1.70141E+38    1.70141E+38    1.70141E+38    1.70141E+38    1.70141E+38    1.70141E+38    1.70141E+38    1.70141E+38    1.70141E+38    1.70141E+38    1.70141E+38    1.70141E+38    1.70141E+38    1.70141E+38    1.70141E+38    1.70141E+38    1.70141E+38    1.70141E+38    1.70141E+38    1.70141E+38    

