py_wake/examples/data/ParqueFicticio/Ridge area   Sector 8   Height 30m   Mean speed.grd
DSAA
23  33
 262878   265078
 6504214   6507414
 .4133351   7.524543
1.70141E+38    1.70141E+38    1.70141E+38    1.70141E+38    1.70141E+38    1.70141E+38    1.70141E+38    1.70141E+38    1.70141E+38    1.70141E+38    1.70141E+38    1.70141E+38    1.70141E+38    1.70141E+38    1.70141E+38    1.70141E+38    1.70141E+38    1.70141E+38    1.70141E+38    1.70141E+38    1.70141E+38    1.70141E+38    1.70141E+38    

1.70141E+38    1.70141E+38    1.70141E+38    1.70141E+38    1.70141E+38    1.70141E+38    1.70141E+38    1.70141E+38    1.70141E+38    1.70141E+38    1.70141E+38    1.70141E+38    1.70141E+38    1.70141E+38    1.70141E+38    1.70141E+38    1.70141E+38    1.70141E+38    1.70141E+38    1.70141E+38    1.70141E+38    1.70141E+38    1.70141E+38    

1.70141E+38    1.70141E+38    1.70141E+38    1.70141E+38    1.70141E+38    1.70141E+38    1.70141E+38    1.70141E+38    1.70141E+38    1.70141E+38    1.70141E+38    1.70141E+38    1.70141E+38    1.70141E+38    1.70141E+38    1.70141E+38    1.70141E+38    1.70141E+38    1.70141E+38    1.70141E+38    1.70141E+38    1.70141E+38    1.70141E+38    

1.70141E+38    1.70141E+38    1.70141E+38    1.70141E+38    1.70141E+38    1.70141E+38    1.70141E+38    1.70141E+38    1.70141E+38    1.70141E+38    1.70141E+38    1.70141E+38    1.70141E+38    1.70141E+38    1.70141E+38    1.70141E+38    1.70141E+38    1.70141E+38    1.70141E+38    1.70141E+38    1.70141E+38    1.70141E+38    1.70141E+38    

1.70141E+38    1.70141E+38    1.70141E+38    1.70141E+38    1.70141E+38    1.70141E+38    1.70141E+38    1.70141E+38    1.70141E+38    1.70141E+38    1.70141E+38    1.70141E+38    1.70141E+38    1.70141E+38    1.70141E+38    1.70141E+38    1.70141E+38    1.70141E+38    1.70141E+38    1.70141E+38    1.70141E+38    1.70141E+38    1.70141E+38    

3.942302       3.982731       4.190224       4.556311       4.889138       5.14743        5.213156       5.331725       5.427947       5.754783       6.203347       6.513803       6.557342       5.633205       3.294645       1.214734       1.184063       1.076286       2.071185       3.534837       1.70141E+38    1.70141E+38    1.70141E+38    

4.132848       4.080554       4.152373       4.477424       4.838445       5.120479       5.417835       5.709333       5.935913       6.146471       6.39692        6.622801       6.306695       2.105475       1.099627       1.403979       1.331638       1.239679       2.305995       4.587447       1.70141E+38    1.70141E+38    1.70141E+38    

4.182465       4.326787       4.458107       4.508162       4.467244       4.51707        4.628218       4.89418        5.338153       5.76466        6.149479       6.392954       5.780117       2.553893       .919558        1.948293       1.890893       1.827578       2.891315       5.410221       1.70141E+38    1.70141E+38    1.70141E+38    

4.105961       4.280324       4.44385        4.456932       4.37785        4.30795        4.24874        4.271299       4.496714       4.919125       5.685295       6.217505       5.375876       1.856133       .5334445       1.481945       1.828119       2.247094       3.754222       5.870144       1.70141E+38    1.70141E+38    1.70141E+38    

3.949064       4.188306       4.356783       4.392485       4.426793       4.576613       4.672027       4.869053       4.995732       5.150297       5.549684       6.038666       5.559587       2.59396        .4802372       .8966534       2.067791       2.069097       4.753552       6.021777       1.70141E+38    1.70141E+38    1.70141E+38    

4.03046        4.318304       4.611947       4.896778       5.077497       5.322104       5.596049       5.901453       6.166061       6.200348       6.204564       6.429842       6.113192       4.345829       .9743645       1.748814       1.759764       2.516333       5.009848       6.339025       1.70141E+38    1.70141E+38    1.70141E+38    

4.315625       4.371254       4.755682       5.301314       5.774432       6.139041       6.36081        6.502395       6.614396       6.622636       6.637286       6.701378       6.351686       4.65594        1.665114       1.636296       1.58443        3.951444       5.858352       6.94412        1.70141E+38    1.70141E+38    1.70141E+38    

4.788577       4.488099       4.41783        4.727885       5.120991       5.319449       5.321422       5.466973       5.724224       5.990574       6.296797       6.582148       6.386713       4.882591       1.818912       1.675074       3.823588       6.013874       7.019175       7.185609       1.70141E+38    1.70141E+38    1.70141E+38    

5.326281       5.092998       4.470899       4.22154        3.931082       3.809378       3.943042       3.715344       3.878304       4.619241       5.608071       6.415804       6.40709        5.045533       2.497998       3.96372        6.184408       7.28634        7.524543       7.094205       1.70141E+38    1.70141E+38    1.70141E+38    

5.733078       5.559974       5.027795       4.955276       4.456129       4.022109       4.255995       4.548644       4.764434       4.928103       5.610234       6.592389       6.631557       5.851024       4.825842       5.890179       6.707853       7.000647       6.832763       6.458707       1.70141E+38    1.70141E+38    1.70141E+38    

6.223959       6.23899        5.951351       5.958995       5.650043       5.300213       5.461757       5.827332       6.22074        6.51827        6.79078        6.998333       7.012991       6.706348       6.36358        5.868374       5.469463       5.382783       5.191642       4.879911       1.70141E+38    1.70141E+38    1.70141E+38    

6.944376       7.01187        6.84895        6.712892       6.683638       6.741573       6.865767       6.931642       7.057073       7.080589       7.046905       7.041403       6.871394       6.960555       6.444217       4.96339        3.473325       2.347825       2.350661       2.544899       1.70141E+38    1.70141E+38    1.70141E+38    

6.662687       6.675811       6.243692       5.747519       6.203302       6.444835       6.647362       6.658089       6.49324        6.224029       6.097546       6.433391       6.762027       6.892456       6.313059       4.729142       3.247216       1.360613       1.320482       1.177507       1.70141E+38    1.70141E+38    1.70141E+38    

5.693715       5.015579       2.703624       1.499939       2.107553       3.153034       3.913553       3.772128       3.314548       2.873835       3.644061       5.734565       6.723853       6.593823       5.579489       2.150506       2.631172       1.452759       .8480477       .8476464       1.70141E+38    1.70141E+38    1.70141E+38    

3.752453       .7194335       .786736        .8593124       .6840822       1.596662       1.694445       1.646939       1.702618       2.673916       4.052759       5.896954       6.244956       5.562681       4.373147       2.547932       1.972337       1.360575       .5971677       .4133351       1.70141E+38    1.70141E+38    1.70141E+38    

3.07417        2.819552       3.55084        4.123501       3.942592       3.292089       2.86429        2.678587       2.889651       4.127493       5.778291       6.577747       6.004859       3.526588       2.010144       1.990688       2.196718       2.268927       1.495583       .9764735       1.70141E+38    1.70141E+38    1.70141E+38    

5.177458       5.702495       6.080124       6.335951       5.969408       5.257737       4.414062       4.349033       4.710525       5.766443       6.710074       6.662012       5.714425       3.274806       1.923485       1.909257       2.248054       2.609052       3.114453       2.837822       1.70141E+38    1.70141E+38    1.70141E+38    

6.156651       6.17061        5.757468       5.125391       4.730621       4.483439       4.349282       5.140075       6.281669       6.725105       6.446282       5.593723       4.78148        2.92151        3.617378       2.495161       1.96977        2.051009       2.70878        3.359797       1.70141E+38    1.70141E+38    1.70141E+38    

5.364728       4.790025       4.13681        3.721086       3.832316       4.201669       4.975035       6.101429       6.818455       6.574078       4.962916       2.49021        2.329065       2.058376       6.465656       5.861325       4.712245       3.06135        2.543423       2.6415         1.70141E+38    1.70141E+38    1.70141E+38    

3.877201       3.552976       3.519747       4.293319       5.198026       5.992012       6.666412       6.876984       6.528471       5.677718       2.673234       2.524465       2.702827       2.104645       1.351023       1.501853       2.190017       1.651529       4.065401       3.199843       1.70141E+38    1.70141E+38    1.70141E+38    

1.70141E+38    1.70141E+38    1.70141E+38    1.70141E+38    1.70141E+38    1.70141E+38    1.70141E+38    1.70141E+38    1.70141E+38    1.70141E+38    1.70141E+38    1.70141E+38    1.70141E+38    1.70141E+38    1.70141E+38    1.70141E+38    1.70141E+38    1.70141E+38    1.70141E+38    1.70141E+38    1.70141E+38    1.70141E+38    1.70141E+38    

1.70141E+38    1.70141E+38    1.70141E+38    1.70141E+38    1.70141E+38    1.70141E+38    1.70141E+38    1.70141E+38    1.70141E+38    1.70141E+38    1.70141E+38    1.70141E+38    1.70141E+38    1.70141E+38    1.70141E+38    1.70141E+38    1.70141E+38    1.70141E+38    1.70141E+38    1.70141E+38    1.70141E+38    1.70141E+38    1.70141E+38    

1.70141E+38    1.70141E+38    1.70141E+38    1.70141E+38    1.70141E+38    1.70141E+38    1.70141E+38    1.70141E+38    1.70141E+38    1.70141E+38    1.70141E+38    1.70141E+38    1.70141E+38    1.70141E+38    1.70141E+38    1.70141E+38    1.70141E+38    1.70141E+38    1.70141E+38    1.70141E+38    1.70141E+38    1.70141E+38    1.70141E+38    

1.70141E+38    1.70141E+38    1.70141E+38    1.70141E+38    1.70141E+38    1.70141E+38    1.70141E+38    1.70141E+38    1.70141E+38    1.70141E+38    1.70141E+38    1.70141E+38    1.70141E+38    1.70141E+38    1.70141E+38    1.70141E+38    1.70141E+38    1.70141E+38    1.70141E+38    1.70141E+38    1.70141E+38    1.70141E+38    1.70141E+38    

1.70141E+38    1.70141E+38    1.70141E+38    1.70141E+38    1.70141E+38    1.70141E+38    1.70141E+38    1.70141E+38    1.70141E+38    1.70141E+38    1.70141E+38    1.70141E+38    1.70141E+38    1.70141E+38    1.70141E+38    1.70141E+38    1.70141E+38    1.70141E+38    1.70141E+38    1.70141E+38    1.70141E+38    1.70141E+38    1.70141E+38    

1.70141E+38    1.70141E+38    1.70141E+38    1.70141E+38    1.70141E+38    1.70141E+38    1.70141E+38    1.70141E+38    1.70141E+38    1.70141E+38    1.70141E+38    1.70141E+38    1.70141E+38    1.70141E+38    1.70141E+38    1.70141E+38    1.70141E+38    1.70141E+38    1.70141E+38    1.70141E+38    1.70141E+38    1.70141E+38    1.70141E+38    

1.70141E+38    1.70141E+38    1.70141E+38    1.70141E+38    1.70141E+38    1.70141E+38    1.70141E+38    1.70141E+38    1.70141E+38    1.70141E+38    1.70141E+38    1.70141E+38    1.70141E+38    1.70141E+38    1.70141E+38    1.70141E+38    1.70141E+38    1.70141E+38    1.70141E+38    1.70141E+38    1.70141E+38    1.70141E+38    1.70141E+38    

1.70141E+38    1.70141E+38    1.70141E+38    1.70141E+38    1.70141E+38    1.70141E+38    1.70141E+38    1.70141E+38    1.70141E+38    1.70141E+38    1.70141E+38    1.70141E+38    1.70141E+38    1.70141E+38    1.70141E+38    1.70141E+38    1.70141E+38    1.70141E+38    1.70141E+38    1.70141E+38    1.70141E+38    1.70141E+38    1.70141E+38    

