py_wake/examples/data/ParqueFicticio/Ridge area   Sector 10   Height 200m   Weibull-A.grd
DSAA
23  33
 262878   265078
 6504214   6507414
 4.175896   14.86427
1.70141E+38    1.70141E+38    1.70141E+38    1.70141E+38    1.70141E+38    1.70141E+38    1.70141E+38    1.70141E+38    1.70141E+38    1.70141E+38    1.70141E+38    1.70141E+38    1.70141E+38    1.70141E+38    1.70141E+38    1.70141E+38    1.70141E+38    1.70141E+38    1.70141E+38    1.70141E+38    1.70141E+38    1.70141E+38    1.70141E+38    

1.70141E+38    1.70141E+38    1.70141E+38    1.70141E+38    1.70141E+38    1.70141E+38    1.70141E+38    1.70141E+38    1.70141E+38    1.70141E+38    1.70141E+38    1.70141E+38    1.70141E+38    1.70141E+38    1.70141E+38    1.70141E+38    1.70141E+38    1.70141E+38    1.70141E+38    1.70141E+38    1.70141E+38    1.70141E+38    1.70141E+38    

1.70141E+38    1.70141E+38    1.70141E+38    1.70141E+38    1.70141E+38    1.70141E+38    1.70141E+38    1.70141E+38    1.70141E+38    1.70141E+38    1.70141E+38    1.70141E+38    1.70141E+38    1.70141E+38    1.70141E+38    1.70141E+38    1.70141E+38    1.70141E+38    1.70141E+38    1.70141E+38    1.70141E+38    1.70141E+38    1.70141E+38    

1.70141E+38    1.70141E+38    1.70141E+38    1.70141E+38    1.70141E+38    1.70141E+38    1.70141E+38    1.70141E+38    1.70141E+38    1.70141E+38    1.70141E+38    1.70141E+38    1.70141E+38    1.70141E+38    1.70141E+38    1.70141E+38    1.70141E+38    1.70141E+38    1.70141E+38    1.70141E+38    1.70141E+38    1.70141E+38    1.70141E+38    

1.70141E+38    1.70141E+38    1.70141E+38    1.70141E+38    1.70141E+38    1.70141E+38    1.70141E+38    1.70141E+38    1.70141E+38    1.70141E+38    1.70141E+38    1.70141E+38    1.70141E+38    1.70141E+38    1.70141E+38    1.70141E+38    1.70141E+38    1.70141E+38    1.70141E+38    1.70141E+38    1.70141E+38    1.70141E+38    1.70141E+38    

11.1382        11.23625       11.39915       11.65831       11.98181       12.34641       12.71866       13.14671       13.5789        14.01307       14.31376       14.43392       14.40388       14.21028       13.81765       13.29048       12.22603       10.72099       10.68385       11.62564       1.70141E+38    1.70141E+38    1.70141E+38    

11.11968       11.2269        11.36309       11.57225       11.87229       12.23856       12.67647       13.16851       13.65306       14.09244       14.3927        14.48886       14.40444       14.12001       13.6212        12.51204       9.80249        8.875036       10.13263       11.67475       1.70141E+38    1.70141E+38    1.70141E+38    

11.06959       11.24083       11.44168       11.59445       11.77582       12.0707        12.48988       13.02601       13.59281       14.09704       14.41422       14.50235       14.37091       14.00122       13.42812       11.06146       8.16128        8.440037       11.08879       12.63922       1.70141E+38    1.70141E+38    1.70141E+38    

11.0138        11.17963       11.41507       11.61778       11.81414       12.09238       12.47921       12.98443       13.53272       14.04636       14.41773       14.51956       14.36534       13.95043       13.41186       11.23416       7.775405       9.024282       12.28089       13.14247       1.70141E+38    1.70141E+38    1.70141E+38    

11.00434       11.12163       11.35882       11.61076       11.85916       12.20433       12.657         13.19536       13.68693       14.1143        14.46644       14.58546       14.45999       14.11863       13.6523        12.89668       11.00223       11.66246       13.18857       13.50629       1.70141E+38    1.70141E+38    1.70141E+38    

11.17177       11.13138       11.3407        11.66193       11.97916       12.33531       12.79803       13.34976       13.84686       14.24741       14.56318       14.69385       14.60386       14.31647       13.88755       13.42568       13.20696       13.37275       13.57366       13.66566       1.70141E+38    1.70141E+38    1.70141E+38    

11.49332       11.25604       11.32495       11.6582        12.02936       12.41257       12.82633       13.34503       13.85404       14.29197       14.62997       14.78752       14.72655       14.43758       14.00052       13.64267       13.63607       13.76442       13.84308       13.80998       1.70141E+38    1.70141E+38    1.70141E+38    

11.86335       11.5643        11.35495       11.53583       11.87202       12.23729       12.62516       13.14015       13.71592       14.24076       14.65187       14.84776       14.80537       14.52039       14.08325       13.81001       13.87576       13.98084       13.99497       13.89004       1.70141E+38    1.70141E+38    1.70141E+38    

12.15031       11.95125       11.61977       11.58006       11.66466       11.96444       12.39105       12.87457       13.47398       14.10055       14.62511       14.86427       14.84138       14.56931       14.16604       13.97666       13.99953       14.04394       14.02242       13.88822       1.70141E+38    1.70141E+38    1.70141E+38    

12.32192       12.23188       11.97919       11.91264       11.83815       11.97224       12.41532       12.93003       13.48056       14.04725       14.57566       14.83832       14.83915       14.61754       14.28128       14.07211       13.98285       13.96446       13.91897       13.78225       1.70141E+38    1.70141E+38    1.70141E+38    

12.42187       12.42583       12.27          12.21983       12.21657       12.29424       12.64937       13.11071       13.61538       14.10182       14.53523       14.78973       14.81852       14.64748       14.34609       14.04817       13.80842       13.70253       13.63148       13.47521       1.70141E+38    1.70141E+38    1.70141E+38    

12.46828       12.52374       12.43942       12.39362       12.48097       12.64945       12.90821       13.25449       13.66944       14.0883        14.4809        14.73697       14.78741       14.63857       14.33702       13.93051       13.45022       13.10948       12.94254       12.70639       1.70141E+38    1.70141E+38    1.70141E+38    

12.40782       12.49215       12.41953       12.34797       12.50103       12.70217       12.95611       13.26268       13.62146       13.9872        14.387         14.68424       14.7424        14.59806       14.29176       13.84032       13.24629       11.57649       8.881593       8.226542       1.70141E+38    1.70141E+38    1.70141E+38    

12.27265       12.33523       12.22735       12.15359       12.31005       12.55551       12.81523       13.08042       13.40741       13.77439       14.27374       14.64688       14.69952       14.5403        14.20077       13.7067        13.05945       10.1374        5.430575       4.175896       1.70141E+38    1.70141E+38    1.70141E+38    

12.0175        12.05943       12.04485       12.04913       12.16835       12.4203        12.62255       12.84151       13.21087       13.77101       14.33253       14.65159       14.66531       14.4635        14.10175       13.60756       12.64329       9.194565       5.958765       4.674864       1.70141E+38    1.70141E+38    1.70141E+38    

11.86382       12.02971       12.18415       12.3256        12.43966       12.58426       12.78836       13.03824       13.43169       13.99461       14.44377       14.64674       14.63021       14.37592       13.93629       13.47381       12.11529       9.643767       7.626869       6.475823       1.70141E+38    1.70141E+38    1.70141E+38    

11.99218       12.21863       12.36593       12.50568       12.61451       12.77939       13.01026       13.37646       13.7948        14.2201        14.51194       14.62848       14.5699        14.30103       13.82807       13.04727       10.84098       9.102166       8.259864       7.369714       1.70141E+38    1.70141E+38    1.70141E+38    

12.03488       12.22763       12.32566       12.40099       12.52065       12.74605       13.11324       13.62599       14.0618        14.36233       14.53474       14.57293       14.48904       14.28718       13.95673       13.49464       11.72877       8.055          8.950733       8.623983       1.70141E+38    1.70141E+38    1.70141E+38    

11.90956       12.05097       12.13604       12.26008       12.50171       12.87328       13.37285       13.85819       14.20726       14.42371       14.50386       14.43941       14.32939       14.19636       14.01077       13.82989       13.53117       12.16798       10.58229       9.825547       1.70141E+38    1.70141E+38    1.70141E+38    

11.64978       11.8372        12.04395       12.36307       12.76336       13.22872       13.684         14.03014       14.26706       14.40143       14.40557       14.23983       14.07903       13.97689       13.85557       13.84861       13.7958        13.58001       13.08909       12.1975        1.70141E+38    1.70141E+38    1.70141E+38    

1.70141E+38    1.70141E+38    1.70141E+38    1.70141E+38    1.70141E+38    1.70141E+38    1.70141E+38    1.70141E+38    1.70141E+38    1.70141E+38    1.70141E+38    1.70141E+38    1.70141E+38    1.70141E+38    1.70141E+38    1.70141E+38    1.70141E+38    1.70141E+38    1.70141E+38    1.70141E+38    1.70141E+38    1.70141E+38    1.70141E+38    

1.70141E+38    1.70141E+38    1.70141E+38    1.70141E+38    1.70141E+38    1.70141E+38    1.70141E+38    1.70141E+38    1.70141E+38    1.70141E+38    1.70141E+38    1.70141E+38    1.70141E+38    1.70141E+38    1.70141E+38    1.70141E+38    1.70141E+38    1.70141E+38    1.70141E+38    1.70141E+38    1.70141E+38    1.70141E+38    1.70141E+38    

1.70141E+38    1.70141E+38    1.70141E+38    1.70141E+38    1.70141E+38    1.70141E+38    1.70141E+38    1.70141E+38    1.70141E+38    1.70141E+38    1.70141E+38    1.70141E+38    1.70141E+38    1.70141E+38    1.70141E+38    1.70141E+38    1.70141E+38    1.70141E+38    1.70141E+38    1.70141E+38    1.70141E+38    1.70141E+38    1.70141E+38    

1.70141E+38    1.70141E+38    1.70141E+38    1.70141E+38    1.70141E+38    1.70141E+38    1.70141E+38    1.70141E+38    1.70141E+38    1.70141E+38    1.70141E+38    1.70141E+38    1.70141E+38    1.70141E+38    1.70141E+38    1.70141E+38    1.70141E+38    1.70141E+38    1.70141E+38    1.70141E+38    1.70141E+38    1.70141E+38    1.70141E+38    

1.70141E+38    1.70141E+38    1.70141E+38    1.70141E+38    1.70141E+38    1.70141E+38    1.70141E+38    1.70141E+38    1.70141E+38    1.70141E+38    1.70141E+38    1.70141E+38    1.70141E+38    1.70141E+38    1.70141E+38    1.70141E+38    1.70141E+38    1.70141E+38    1.70141E+38    1.70141E+38    1.70141E+38    1.70141E+38    1.70141E+38    

1.70141E+38    1.70141E+38    1.70141E+38    1.70141E+38    1.70141E+38    1.70141E+38    1.70141E+38    1.70141E+38    1.70141E+38    1.70141E+38    1.70141E+38    1.70141E+38    1.70141E+38    1.70141E+38    1.70141E+38    1.70141E+38    1.70141E+38    1.70141E+38    1.70141E+38    1.70141E+38    1.70141E+38    1.70141E+38    1.70141E+38    

1.70141E+38    1.70141E+38    1.70141E+38    1.70141E+38    1.70141E+38    1.70141E+38    1.70141E+38    1.70141E+38    1.70141E+38    1.70141E+38    1.70141E+38    1.70141E+38    1.70141E+38    1.70141E+38    1.70141E+38    1.70141E+38    1.70141E+38    1.70141E+38    1.70141E+38    1.70141E+38    1.70141E+38    1.70141E+38    1.70141E+38    

1.70141E+38    1.70141E+38    1.70141E+38    1.70141E+38    1.70141E+38    1.70141E+38    1.70141E+38    1.70141E+38    1.70141E+38    1.70141E+38    1.70141E+38    1.70141E+38    1.70141E+38    1.70141E+38    1.70141E+38    1.70141E+38    1.70141E+38    1.70141E+38    1.70141E+38    1.70141E+38    1.70141E+38    1.70141E+38    1.70141E+38    

