py_wake/examples/data/ParqueFicticio/Ridge area   Sector 10   Height 30m   Weibull-k.grd
DSAA
23  33
 262878   265078
 6504214   6507414
 .8808594   2.392578
1.70141E+38    1.70141E+38    1.70141E+38    1.70141E+38    1.70141E+38    1.70141E+38    1.70141E+38    1.70141E+38    1.70141E+38    1.70141E+38    1.70141E+38    1.70141E+38    1.70141E+38    1.70141E+38    1.70141E+38    1.70141E+38    1.70141E+38    1.70141E+38    1.70141E+38    1.70141E+38    1.70141E+38    1.70141E+38    1.70141E+38    

1.70141E+38    1.70141E+38    1.70141E+38    1.70141E+38    1.70141E+38    1.70141E+38    1.70141E+38    1.70141E+38    1.70141E+38    1.70141E+38    1.70141E+38    1.70141E+38    1.70141E+38    1.70141E+38    1.70141E+38    1.70141E+38    1.70141E+38    1.70141E+38    1.70141E+38    1.70141E+38    1.70141E+38    1.70141E+38    1.70141E+38    

1.70141E+38    1.70141E+38    1.70141E+38    1.70141E+38    1.70141E+38    1.70141E+38    1.70141E+38    1.70141E+38    1.70141E+38    1.70141E+38    1.70141E+38    1.70141E+38    1.70141E+38    1.70141E+38    1.70141E+38    1.70141E+38    1.70141E+38    1.70141E+38    1.70141E+38    1.70141E+38    1.70141E+38    1.70141E+38    1.70141E+38    

1.70141E+38    1.70141E+38    1.70141E+38    1.70141E+38    1.70141E+38    1.70141E+38    1.70141E+38    1.70141E+38    1.70141E+38    1.70141E+38    1.70141E+38    1.70141E+38    1.70141E+38    1.70141E+38    1.70141E+38    1.70141E+38    1.70141E+38    1.70141E+38    1.70141E+38    1.70141E+38    1.70141E+38    1.70141E+38    1.70141E+38    

1.70141E+38    1.70141E+38    1.70141E+38    1.70141E+38    1.70141E+38    1.70141E+38    1.70141E+38    1.70141E+38    1.70141E+38    1.70141E+38    1.70141E+38    1.70141E+38    1.70141E+38    1.70141E+38    1.70141E+38    1.70141E+38    1.70141E+38    1.70141E+38    1.70141E+38    1.70141E+38    1.70141E+38    1.70141E+38    1.70141E+38    

2.181641       2.173828       2.166016       2.166016       2.162109       2.154297       2.150391       2.154297       2.169922       2.177734       2.173828       2.130859       2.095703       2.193359       .8808594       2.189453       2.189453       2.189453       2.185547       2.185547       1.70141E+38    1.70141E+38    1.70141E+38    

2.185547       2.177734       2.185547       2.193359       2.193359       2.193359       2.185547       2.181641       2.177734       2.181641       2.185547       2.162109       2.193359       1.970703       2.189453       2.189453       2.189453       2.158203       2.185547       2.185547       1.70141E+38    1.70141E+38    1.70141E+38    

2.197266       2.189453       2.185547       2.193359       2.193359       2.193359       2.193359       2.189453       2.185547       2.181641       2.181641       2.169922       2.193359       1.763672       1.583984       2.044922       1.755859       1.888672       2.185547       2.064453       1.70141E+38    1.70141E+38    1.70141E+38    

2.201172       2.201172       2.193359       2.185547       2.181641       2.181641       2.177734       2.134766       2.111328       2.123047       2.146484       2.142578       1.767578       1.705078       1.583984       1.298828       1.771484       1.771484       2.025391       2.001953       1.70141E+38    1.70141E+38    1.70141E+38    

2.189453       2.201172       2.197266       2.185547       2.181641       2.177734       2.169922       2.166016       2.130859       2.103516       2.099609       2.103516       2.072266       1.775391       1.193359       1.771484       2.298828       2.220703       2.150391       1.986328       1.70141E+38    1.70141E+38    1.70141E+38    

2.146484       2.123047       2.197266       2.197266       2.193359       2.197266       2.193359       2.185547       2.181641       2.158203       2.130859       2.099609       2.068359       1.853516       1.771484       2.103516       2.189453       2.189453       2.185547       2.130859       1.70141E+38    1.70141E+38    1.70141E+38    

2.150391       1.955078       2.017578       2.123047       2.181641       2.197266       2.193359       2.197266       2.189453       2.181641       2.169922       2.123047       2.091797       1.841797       1.599609       2.189453       2.189453       2.189453       2.185547       2.099609       1.70141E+38    1.70141E+38    1.70141E+38    

2.201172       1.830078       1.783203       1.505859       1.791016       2.009766       2.080078       2.111328       2.162109       2.177734       2.162109       2.130859       2.107422       1.880859       2.189453       2.189453       2.189453       2.189453       2.150391       2.119141       1.70141E+38    1.70141E+38    1.70141E+38    

2.197266       2.201172       1.744141       1.767578       1.685547       1.470703       1.802734       1.900391       1.990234       2.064453       2.115234       2.123047       2.103516       2.068359       1.634766       1.943359       2.173828       2.162109       2.169922       2.185547       1.70141E+38    1.70141E+38    1.70141E+38    

2.193359       2.201172       1.830078       1.806641       1.388672       1.501953       1.939453       2.037109       2.060547       2.076172       2.111328       2.123047       2.126953       2.076172       1.205078       1.787109       2.111328       2.138672       2.185547       2.185547       1.70141E+38    1.70141E+38    1.70141E+38    

2.197266       2.201172       2.201172       2.197266       2.154297       2.095703       2.111328       2.134766       2.142578       2.142578       2.134766       2.138672       2.142578       2.134766       2.138672       2.189453       2.189453       2.189453       2.185547       2.189453       1.70141E+38    1.70141E+38    1.70141E+38    

2.201172       2.201172       2.201172       2.197266       2.197266       2.197266       2.181641       2.162109       2.154297       2.154297       2.162109       2.154297       2.154297       2.158203       2.177734       1.916016       1.736328       2.076172       2.185547       1.916016       1.70141E+38    1.70141E+38    1.70141E+38    

2.197266       2.201172       2.201172       2.197266       2.197266       2.197266       2.189453       2.169922       2.158203       2.162109       2.162109       2.146484       2.138672       2.146484       2.189453       2.392578       2.392578       2.392578       1.771484       2.388672       1.70141E+38    1.70141E+38    1.70141E+38    

2.150391       2.181641       2.154297       2.080078       2.142578       2.146484       2.138672       2.134766       2.119141       2.080078       2.068359       2.083984       2.091797       2.095703       1.888672       1.771484       2.392578       2.392578       2.388672       2.388672       1.70141E+38    1.70141E+38    1.70141E+38    

2.142578       2.126953       2.056641       2.001953       1.990234       2.001953       1.958984       1.916016       1.912109       2.025391       2.060547       2.056641       2.064453       1.939453       .9589844       .9511719       .9667969       1.939453       2.388672       .8886719       1.70141E+38    1.70141E+38    1.70141E+38    

2.166016       2.162109       2.173828       2.169922       2.150391       2.138672       2.142578       2.119141       2.099609       2.103516       2.060547       2.048828       2.068359       1.388672       1.169922       1.142578       2.341797       2.189453       2.185547       2.185547       1.70141E+38    1.70141E+38    1.70141E+38    

2.201172       2.189453       2.185547       2.189453       2.197266       2.197266       2.193359       2.173828       2.115234       2.056641       2.037109       2.068359       2.080078       1.353516       1.294922       1.462891       2.189453       2.189453       2.185547       2.185547       1.70141E+38    1.70141E+38    1.70141E+38    

2.169922       2.166016       2.181641       2.193359       2.197266       2.193359       2.181641       2.138672       2.083984       2.037109       2.025391       2.072266       2.107422       2.056641       2.189453       2.189453       2.189453       2.189453       2.185547       2.185547       1.70141E+38    1.70141E+38    1.70141E+38    

2.146484       2.169922       2.193359       2.169922       2.169922       2.158203       2.107422       2.044922       2.021484       2.033203       2.068359       2.091797       2.107422       2.166016       2.189453       2.189453       2.189453       2.189453       1.146484       1.541016       1.70141E+38    1.70141E+38    1.70141E+38    

2.138672       2.169922       2.185547       2.185547       2.162109       2.126953       2.068359       2.009766       2.009766       2.056641       2.095703       2.115234       2.111328       2.173828       2.189453       2.189453       2.341797       2.341797       2.185547       2.158203       1.70141E+38    1.70141E+38    1.70141E+38    

1.70141E+38    1.70141E+38    1.70141E+38    1.70141E+38    1.70141E+38    1.70141E+38    1.70141E+38    1.70141E+38    1.70141E+38    1.70141E+38    1.70141E+38    1.70141E+38    1.70141E+38    1.70141E+38    1.70141E+38    1.70141E+38    1.70141E+38    1.70141E+38    1.70141E+38    1.70141E+38    1.70141E+38    1.70141E+38    1.70141E+38    

1.70141E+38    1.70141E+38    1.70141E+38    1.70141E+38    1.70141E+38    1.70141E+38    1.70141E+38    1.70141E+38    1.70141E+38    1.70141E+38    1.70141E+38    1.70141E+38    1.70141E+38    1.70141E+38    1.70141E+38    1.70141E+38    1.70141E+38    1.70141E+38    1.70141E+38    1.70141E+38    1.70141E+38    1.70141E+38    1.70141E+38    

1.70141E+38    1.70141E+38    1.70141E+38    1.70141E+38    1.70141E+38    1.70141E+38    1.70141E+38    1.70141E+38    1.70141E+38    1.70141E+38    1.70141E+38    1.70141E+38    1.70141E+38    1.70141E+38    1.70141E+38    1.70141E+38    1.70141E+38    1.70141E+38    1.70141E+38    1.70141E+38    1.70141E+38    1.70141E+38    1.70141E+38    

1.70141E+38    1.70141E+38    1.70141E+38    1.70141E+38    1.70141E+38    1.70141E+38    1.70141E+38    1.70141E+38    1.70141E+38    1.70141E+38    1.70141E+38    1.70141E+38    1.70141E+38    1.70141E+38    1.70141E+38    1.70141E+38    1.70141E+38    1.70141E+38    1.70141E+38    1.70141E+38    1.70141E+38    1.70141E+38    1.70141E+38    

1.70141E+38    1.70141E+38    1.70141E+38    1.70141E+38    1.70141E+38    1.70141E+38    1.70141E+38    1.70141E+38    1.70141E+38    1.70141E+38    1.70141E+38    1.70141E+38    1.70141E+38    1.70141E+38    1.70141E+38    1.70141E+38    1.70141E+38    1.70141E+38    1.70141E+38    1.70141E+38    1.70141E+38    1.70141E+38    1.70141E+38    

1.70141E+38    1.70141E+38    1.70141E+38    1.70141E+38    1.70141E+38    1.70141E+38    1.70141E+38    1.70141E+38    1.70141E+38    1.70141E+38    1.70141E+38    1.70141E+38    1.70141E+38    1.70141E+38    1.70141E+38    1.70141E+38    1.70141E+38    1.70141E+38    1.70141E+38    1.70141E+38    1.70141E+38    1.70141E+38    1.70141E+38    

1.70141E+38    1.70141E+38    1.70141E+38    1.70141E+38    1.70141E+38    1.70141E+38    1.70141E+38    1.70141E+38    1.70141E+38    1.70141E+38    1.70141E+38    1.70141E+38    1.70141E+38    1.70141E+38    1.70141E+38    1.70141E+38    1.70141E+38    1.70141E+38    1.70141E+38    1.70141E+38    1.70141E+38    1.70141E+38    1.70141E+38    

1.70141E+38    1.70141E+38    1.70141E+38    1.70141E+38    1.70141E+38    1.70141E+38    1.70141E+38    1.70141E+38    1.70141E+38    1.70141E+38    1.70141E+38    1.70141E+38    1.70141E+38    1.70141E+38    1.70141E+38    1.70141E+38    1.70141E+38    1.70141E+38    1.70141E+38    1.70141E+38    1.70141E+38    1.70141E+38    1.70141E+38    

