py_wake/examples/data/ParqueFicticio/Ridge area   Sector 2   Height 30m   Weibull-k.grd
DSAA
23  33
 262878   265078
 6504214   6507414
 1.111328   2.263672
1.70141E+38    1.70141E+38    1.70141E+38    1.70141E+38    1.70141E+38    1.70141E+38    1.70141E+38    1.70141E+38    1.70141E+38    1.70141E+38    1.70141E+38    1.70141E+38    1.70141E+38    1.70141E+38    1.70141E+38    1.70141E+38    1.70141E+38    1.70141E+38    1.70141E+38    1.70141E+38    1.70141E+38    1.70141E+38    1.70141E+38    

1.70141E+38    1.70141E+38    1.70141E+38    1.70141E+38    1.70141E+38    1.70141E+38    1.70141E+38    1.70141E+38    1.70141E+38    1.70141E+38    1.70141E+38    1.70141E+38    1.70141E+38    1.70141E+38    1.70141E+38    1.70141E+38    1.70141E+38    1.70141E+38    1.70141E+38    1.70141E+38    1.70141E+38    1.70141E+38    1.70141E+38    

1.70141E+38    1.70141E+38    1.70141E+38    1.70141E+38    1.70141E+38    1.70141E+38    1.70141E+38    1.70141E+38    1.70141E+38    1.70141E+38    1.70141E+38    1.70141E+38    1.70141E+38    1.70141E+38    1.70141E+38    1.70141E+38    1.70141E+38    1.70141E+38    1.70141E+38    1.70141E+38    1.70141E+38    1.70141E+38    1.70141E+38    

1.70141E+38    1.70141E+38    1.70141E+38    1.70141E+38    1.70141E+38    1.70141E+38    1.70141E+38    1.70141E+38    1.70141E+38    1.70141E+38    1.70141E+38    1.70141E+38    1.70141E+38    1.70141E+38    1.70141E+38    1.70141E+38    1.70141E+38    1.70141E+38    1.70141E+38    1.70141E+38    1.70141E+38    1.70141E+38    1.70141E+38    

1.70141E+38    1.70141E+38    1.70141E+38    1.70141E+38    1.70141E+38    1.70141E+38    1.70141E+38    1.70141E+38    1.70141E+38    1.70141E+38    1.70141E+38    1.70141E+38    1.70141E+38    1.70141E+38    1.70141E+38    1.70141E+38    1.70141E+38    1.70141E+38    1.70141E+38    1.70141E+38    1.70141E+38    1.70141E+38    1.70141E+38    

2.107422       2.072266       2.041016       2.064453       2.126953       2.138672       2.115234       2.111328       2.111328       2.025391       1.982422       1.958984       1.939453       1.935547       1.408203       1.662109       1.697266       1.556641       1.318359       2.111328       1.70141E+38    1.70141E+38    1.70141E+38    

2.126953       2.103516       2.072266       2.056641       2.087891       2.123047       2.119141       2.111328       2.111328       2.064453       1.978516       1.966797       1.947266       1.873047       1.591797       1.685547       1.615234       2.111328       2.111328       1.931641       1.70141E+38    1.70141E+38    1.70141E+38    

2.130859       2.123047       2.115234       2.107422       2.107422       2.111328       2.111328       2.111328       2.044922       1.998047       1.974609       1.966797       1.939453       1.775391       1.607422       1.658203       2.111328       2.111328       1.951172       1.833984       1.70141E+38    1.70141E+38    1.70141E+38    

2.126953       2.115234       2.115234       2.111328       2.111328       2.111328       2.111328       2.064453       2.037109       1.998047       1.978516       1.970703       1.939453       1.716797       1.509766       1.716797       2.111328       2.111328       1.775391       1.857422       1.70141E+38    1.70141E+38    1.70141E+38    

2.115234       2.115234       2.107422       2.107422       2.107422       2.111328       2.111328       2.111328       2.076172       2.021484       1.986328       1.978516       1.958984       1.744141       1.298828       1.787109       1.533203       2.111328       1.669922       1.884766       1.70141E+38    1.70141E+38    1.70141E+38    

2.064453       2.103516       2.091797       2.107422       2.130859       2.142578       2.134766       2.111328       2.111328       2.099609       2.025391       2.005859       2.001953       1.916016       1.111328       1.787109       1.787109       2.111328       1.775391       1.931641       1.70141E+38    1.70141E+38    1.70141E+38    

1.982422       1.869141       2.041016       2.091797       2.142578       2.169922       2.166016       2.111328       2.111328       2.111328       2.068359       2.029297       2.029297       2.048828       2.111328       1.787109       1.455078       2.107422       1.990234       1.978516       1.70141E+38    1.70141E+38    1.70141E+38    

1.931641       1.744141       1.798828       1.916016       1.978516       1.919922       1.876953       1.955078       2.033203       2.068359       2.056641       2.033203       2.037109       2.064453       1.951172       1.591797       1.853516       2.029297       2.013672       2.009766       1.70141E+38    1.70141E+38    1.70141E+38    

2.111328       2.013672       1.873047       1.619141       1.642578       1.392578       1.833984       1.861328       2.009766       2.044922       2.033203       2.021484       2.025391       2.044922       1.931641       1.880859       2.021484       2.048828       2.091797       2.162109       1.70141E+38    1.70141E+38    1.70141E+38    

2.111328       2.138672       2.166016       2.052734       1.681641       1.994141       1.951172       1.994141       2.076172       2.068359       2.029297       2.009766       2.013672       2.013672       1.970703       1.970703       2.009766       2.037109       2.111328       2.197266       1.70141E+38    1.70141E+38    1.70141E+38    

2.138672       2.166016       2.208984       2.232422       2.244141       2.228516       2.181641       2.150391       2.115234       2.087891       2.037109       2.013672       2.013672       2.001953       1.974609       1.974609       1.986328       2.001953       2.044922       2.162109       1.70141E+38    1.70141E+38    1.70141E+38    

2.166016       2.177734       2.181641       2.197266       2.251953       2.263672       2.228516       2.181641       2.080078       2.041016       2.029297       2.013672       2.005859       1.994141       1.982422       1.955078       1.919922       1.919922       1.962891       2.029297       1.70141E+38    1.70141E+38    1.70141E+38    

2.056641       2.142578       2.154297       2.123047       2.181641       2.216797       2.197266       2.076172       1.994141       2.017578       2.021484       2.009766       1.998047       1.986328       1.994141       1.998047       1.626953       1.583984       1.919922       1.724609       1.70141E+38    1.70141E+38    1.70141E+38    

1.939453       2.064453       2.111328       2.103516       2.111328       2.134766       2.123047       1.857422       1.884766       2.076172       2.041016       1.986328       1.978516       1.986328       2.005859       2.025391       1.458984       1.646484       1.833984       1.900391       1.70141E+38    1.70141E+38    1.70141E+38    

1.876953       2.111328       2.111328       2.111328       2.111328       2.111328       2.048828       1.896484       2.169922       2.130859       2.013672       1.962891       1.955078       1.982422       2.037109       2.087891       2.048828       1.556641       1.939453       1.873047       1.70141E+38    1.70141E+38    1.70141E+38    

1.876953       2.111328       2.111328       2.111328       2.111328       2.111328       2.095703       2.111328       2.111328       1.900391       1.990234       1.962891       1.955078       1.974609       2.013672       2.095703       2.111328       2.111328       2.025391       1.982422       1.70141E+38    1.70141E+38    1.70141E+38    

2.103516       2.087891       2.080078       2.083984       2.095703       2.138672       2.134766       2.111328       1.943359       1.974609       1.974609       1.978516       1.978516       1.978516       1.986328       1.986328       2.025391       2.091797       2.111328       2.111328       1.70141E+38    1.70141E+38    1.70141E+38    

2.029297       1.998047       1.978516       1.923828       1.841797       1.857422       2.056641       2.013672       1.986328       1.970703       1.962891       1.982422       2.021484       2.091797       2.083984       2.001953       1.912109       1.896484       1.990234       2.068359       1.70141E+38    1.70141E+38    1.70141E+38    

1.990234       2.009766       1.998047       1.619141       1.150391       1.275391       1.955078       1.978516       1.962891       1.958984       1.962891       1.986328       2.025391       2.111328       2.111328       2.111328       2.099609       1.923828       1.794922       1.896484       1.70141E+38    1.70141E+38    1.70141E+38    

1.955078       2.091797       2.123047       2.099609       2.103516       2.017578       1.978516       1.958984       1.951172       1.958984       1.958984       1.974609       2.001953       2.048828       2.111328       2.111328       2.111328       2.111328       2.033203       1.892578       1.70141E+38    1.70141E+38    1.70141E+38    

1.70141E+38    1.70141E+38    1.70141E+38    1.70141E+38    1.70141E+38    1.70141E+38    1.70141E+38    1.70141E+38    1.70141E+38    1.70141E+38    1.70141E+38    1.70141E+38    1.70141E+38    1.70141E+38    1.70141E+38    1.70141E+38    1.70141E+38    1.70141E+38    1.70141E+38    1.70141E+38    1.70141E+38    1.70141E+38    1.70141E+38    

1.70141E+38    1.70141E+38    1.70141E+38    1.70141E+38    1.70141E+38    1.70141E+38    1.70141E+38    1.70141E+38    1.70141E+38    1.70141E+38    1.70141E+38    1.70141E+38    1.70141E+38    1.70141E+38    1.70141E+38    1.70141E+38    1.70141E+38    1.70141E+38    1.70141E+38    1.70141E+38    1.70141E+38    1.70141E+38    1.70141E+38    

1.70141E+38    1.70141E+38    1.70141E+38    1.70141E+38    1.70141E+38    1.70141E+38    1.70141E+38    1.70141E+38    1.70141E+38    1.70141E+38    1.70141E+38    1.70141E+38    1.70141E+38    1.70141E+38    1.70141E+38    1.70141E+38    1.70141E+38    1.70141E+38    1.70141E+38    1.70141E+38    1.70141E+38    1.70141E+38    1.70141E+38    

1.70141E+38    1.70141E+38    1.70141E+38    1.70141E+38    1.70141E+38    1.70141E+38    1.70141E+38    1.70141E+38    1.70141E+38    1.70141E+38    1.70141E+38    1.70141E+38    1.70141E+38    1.70141E+38    1.70141E+38    1.70141E+38    1.70141E+38    1.70141E+38    1.70141E+38    1.70141E+38    1.70141E+38    1.70141E+38    1.70141E+38    

1.70141E+38    1.70141E+38    1.70141E+38    1.70141E+38    1.70141E+38    1.70141E+38    1.70141E+38    1.70141E+38    1.70141E+38    1.70141E+38    1.70141E+38    1.70141E+38    1.70141E+38    1.70141E+38    1.70141E+38    1.70141E+38    1.70141E+38    1.70141E+38    1.70141E+38    1.70141E+38    1.70141E+38    1.70141E+38    1.70141E+38    

1.70141E+38    1.70141E+38    1.70141E+38    1.70141E+38    1.70141E+38    1.70141E+38    1.70141E+38    1.70141E+38    1.70141E+38    1.70141E+38    1.70141E+38    1.70141E+38    1.70141E+38    1.70141E+38    1.70141E+38    1.70141E+38    1.70141E+38    1.70141E+38    1.70141E+38    1.70141E+38    1.70141E+38    1.70141E+38    1.70141E+38    

1.70141E+38    1.70141E+38    1.70141E+38    1.70141E+38    1.70141E+38    1.70141E+38    1.70141E+38    1.70141E+38    1.70141E+38    1.70141E+38    1.70141E+38    1.70141E+38    1.70141E+38    1.70141E+38    1.70141E+38    1.70141E+38    1.70141E+38    1.70141E+38    1.70141E+38    1.70141E+38    1.70141E+38    1.70141E+38    1.70141E+38    

1.70141E+38    1.70141E+38    1.70141E+38    1.70141E+38    1.70141E+38    1.70141E+38    1.70141E+38    1.70141E+38    1.70141E+38    1.70141E+38    1.70141E+38    1.70141E+38    1.70141E+38    1.70141E+38    1.70141E+38    1.70141E+38    1.70141E+38    1.70141E+38    1.70141E+38    1.70141E+38    1.70141E+38    1.70141E+38    1.70141E+38    

