py_wake/examples/data/ParqueFicticio/Ridge area   Sector 5   Height 30m   Mean speed.grd
DSAA
23  33
 262878   265078
 6504214   6507414
 .6461354   9.54724
1.70141E+38    1.70141E+38    1.70141E+38    1.70141E+38    1.70141E+38    1.70141E+38    1.70141E+38    1.70141E+38    1.70141E+38    1.70141E+38    1.70141E+38    1.70141E+38    1.70141E+38    1.70141E+38    1.70141E+38    1.70141E+38    1.70141E+38    1.70141E+38    1.70141E+38    1.70141E+38    1.70141E+38    1.70141E+38    1.70141E+38    

1.70141E+38    1.70141E+38    1.70141E+38    1.70141E+38    1.70141E+38    1.70141E+38    1.70141E+38    1.70141E+38    1.70141E+38    1.70141E+38    1.70141E+38    1.70141E+38    1.70141E+38    1.70141E+38    1.70141E+38    1.70141E+38    1.70141E+38    1.70141E+38    1.70141E+38    1.70141E+38    1.70141E+38    1.70141E+38    1.70141E+38    

1.70141E+38    1.70141E+38    1.70141E+38    1.70141E+38    1.70141E+38    1.70141E+38    1.70141E+38    1.70141E+38    1.70141E+38    1.70141E+38    1.70141E+38    1.70141E+38    1.70141E+38    1.70141E+38    1.70141E+38    1.70141E+38    1.70141E+38    1.70141E+38    1.70141E+38    1.70141E+38    1.70141E+38    1.70141E+38    1.70141E+38    

1.70141E+38    1.70141E+38    1.70141E+38    1.70141E+38    1.70141E+38    1.70141E+38    1.70141E+38    1.70141E+38    1.70141E+38    1.70141E+38    1.70141E+38    1.70141E+38    1.70141E+38    1.70141E+38    1.70141E+38    1.70141E+38    1.70141E+38    1.70141E+38    1.70141E+38    1.70141E+38    1.70141E+38    1.70141E+38    1.70141E+38    

1.70141E+38    1.70141E+38    1.70141E+38    1.70141E+38    1.70141E+38    1.70141E+38    1.70141E+38    1.70141E+38    1.70141E+38    1.70141E+38    1.70141E+38    1.70141E+38    1.70141E+38    1.70141E+38    1.70141E+38    1.70141E+38    1.70141E+38    1.70141E+38    1.70141E+38    1.70141E+38    1.70141E+38    1.70141E+38    1.70141E+38    

4.908859       4.886153       4.976432       5.356452       5.842017       6.529561       6.973255       7.508027       7.588164       8.073363       8.233332       7.902497       7.475181       6.616912       5.797542       5.232841       4.334294       3.579655       3.700536       5.237963       1.70141E+38    1.70141E+38    1.70141E+38    

4.765767       4.679269       4.424202       4.386476       4.766395       5.358413       6.228409       7.300524       8.121201       8.558077       8.810193       8.478165       7.657986       6.329895       5.358748       4.675082       3.337563       .9454874       3.6413         5.921945       1.70141E+38    1.70141E+38    1.70141E+38    

4.161963       4.393092       4.596988       4.190089       3.777361       3.836614       4.328581       5.465056       6.884359       8.055571       9.025242       8.793126       7.626692       6.221324       2.82809        4.211314       .8258479       .760121        5.134149       6.347312       1.70141E+38    1.70141E+38    1.70141E+38    

3.483628       3.72954        4.175974       4.277426       4.014312       3.923052       3.924001       4.343388       5.13132        6.599959       8.371173       9.147601       7.734609       6.092606       2.916342       3.543555       1.539405       .6461354       5.743311       6.809004       1.70141E+38    1.70141E+38    1.70141E+38    

2.981465       3.214964       3.748905       4.097037       4.061188       4.380269       4.880395       5.7642         6.075227       6.559859       7.917643       8.996394       8.091859       6.523155       5.040385       2.326967       1.261348       1.099211       5.667418       7.046551       1.70141E+38    1.70141E+38    1.70141E+38    

2.972344       2.663855       3.262443       4.01346        4.372891       4.648613       5.376354       6.802992       7.755793       7.977322       8.404157       8.98495        8.288299       7.096019       5.295187       1.57352        1.163678       3.899428       6.04166        7.135767       1.70141E+38    1.70141E+38    1.70141E+38    

3.386529       2.110441       2.246551       3.140004       3.997904       4.798767       5.289728       6.50972        7.790734       8.587998       9.039134       9.323907       8.520506       7.088278       5.118427       2.162607       4.429533       6.300425       6.890368       7.276673       1.70141E+38    1.70141E+38    1.70141E+38    

4.297242       2.307362       1.337925       1.40678        2.168301       2.85437        2.976386       3.935312       6.13661        7.690084       8.819243       9.54724        8.810698       6.902345       4.851713       3.956518       6.110342       7.44633        7.758948       7.608362       1.70141E+38    1.70141E+38    1.70141E+38    

5.371655       3.374502       1.719158       1.223698       .8794956       .8829737       1.133225       1.398442       2.815329       5.425325       7.932344       9.307347       8.666928       6.721439       4.935749       4.908309       6.58721        7.59529        8.099009       7.999058       1.70141E+38    1.70141E+38    1.70141E+38    

6.068717       4.597413       2.961285       2.559096       1.490078       1.077158       1.654038       2.668067       3.959918       5.298126       7.277009       8.826393       8.827774       7.040487       5.46762        5.434131       5.979687       6.84801        7.497966       7.775813       1.70141E+38    1.70141E+38    1.70141E+38    

6.10304        5.605614       4.287432       3.998482       3.252005       2.511764       2.998513       4.066476       5.57726        6.758865       7.824198       8.767998       8.995958       7.926672       6.436199       5.367022       4.43837        4.938007       6.035507       6.583722       1.70141E+38    1.70141E+38    1.70141E+38    

5.957522       6.066722       5.265408       4.809375       4.781916       4.64802        4.737097       4.99857        5.83051        6.838944       7.87559        8.809932       8.840099       8.458328       6.893961       4.999278       3.157053       2.346336       3.112008       4.140297       1.70141E+38    1.70141E+38    1.70141E+38    

5.037914       5.457192       4.879748       4.105894       4.479414       4.661995       4.786651       4.989076       5.58285        6.151746       6.982481       8.272663       8.845084       8.581697       7.409559       5.652373       3.992422       2.486391       1.527507       2.171129       1.70141E+38    1.70141E+38    1.70141E+38    

4.011508       4.091466       3.504281       2.811981       3.01963        3.379725       3.648157       3.709288       3.928689       4.01471        5.395198       7.671226       8.521193       8.477742       7.412589       6.065884       4.925958       3.525336       1.465839       .6463978       1.70141E+38    1.70141E+38    1.70141E+38    

2.755731       2.906954       2.850613       2.393627       2.269826       2.685032       2.586199       2.328133       2.697421       4.225347       5.763642       7.504505       7.949326       7.762401       7.366817       6.596502       5.651155       4.365143       3.021202       1.095175       1.70141E+38    1.70141E+38    1.70141E+38    

2.89146        3.202885       3.520166       3.814908       3.724754       3.587351       3.619735       3.468559       3.708974       5.420784       6.924658       7.783166       7.838086       6.606435       6.289549       6.533279       6.510788       5.452285       5.154096       3.984727       1.70141E+38    1.70141E+38    1.70141E+38    

3.915224       4.433408       4.622886       4.906205       4.757051       4.77175        4.710846       5.160047       5.316553       6.228258       7.314576       8.03781        8.213953       6.918236       4.489292       4.10681        4.867602       5.573455       6.30883        5.85431        1.70141E+38    1.70141E+38    1.70141E+38    

4.229831       4.643527       4.487954       4.202344       3.990209       3.993782       4.095163       5.13917        6.365719       6.905555       7.202775       7.556181       8.339324       8.21745        6.990039       5.039118       3.852016       4.124544       4.985432       5.795044       1.70141E+38    1.70141E+38    1.70141E+38    

3.922822       3.93645        3.626795       3.404718       3.360156       3.443593       4.037026       5.180937       6.315444       6.915109       6.854124       6.444049       7.206186       8.070283       8.079833       7.80356        5.47384        3.944023       3.661692       4.20585        1.70141E+38    1.70141E+38    1.70141E+38    

3.001725       2.977257       2.860267       3.101769       3.580297       4.301788       5.253918       5.735279       6.057219       6.397462       6.380076       3.886997       5.606792       6.665644       6.813033       7.826698       8.107423       6.696673       4.274281       3.871595       1.70141E+38    1.70141E+38    1.70141E+38    

1.70141E+38    1.70141E+38    1.70141E+38    1.70141E+38    1.70141E+38    1.70141E+38    1.70141E+38    1.70141E+38    1.70141E+38    1.70141E+38    1.70141E+38    1.70141E+38    1.70141E+38    1.70141E+38    1.70141E+38    1.70141E+38    1.70141E+38    1.70141E+38    1.70141E+38    1.70141E+38    1.70141E+38    1.70141E+38    1.70141E+38    

1.70141E+38    1.70141E+38    1.70141E+38    1.70141E+38    1.70141E+38    1.70141E+38    1.70141E+38    1.70141E+38    1.70141E+38    1.70141E+38    1.70141E+38    1.70141E+38    1.70141E+38    1.70141E+38    1.70141E+38    1.70141E+38    1.70141E+38    1.70141E+38    1.70141E+38    1.70141E+38    1.70141E+38    1.70141E+38    1.70141E+38    

1.70141E+38    1.70141E+38    1.70141E+38    1.70141E+38    1.70141E+38    1.70141E+38    1.70141E+38    1.70141E+38    1.70141E+38    1.70141E+38    1.70141E+38    1.70141E+38    1.70141E+38    1.70141E+38    1.70141E+38    1.70141E+38    1.70141E+38    1.70141E+38    1.70141E+38    1.70141E+38    1.70141E+38    1.70141E+38    1.70141E+38    

1.70141E+38    1.70141E+38    1.70141E+38    1.70141E+38    1.70141E+38    1.70141E+38    1.70141E+38    1.70141E+38    1.70141E+38    1.70141E+38    1.70141E+38    1.70141E+38    1.70141E+38    1.70141E+38    1.70141E+38    1.70141E+38    1.70141E+38    1.70141E+38    1.70141E+38    1.70141E+38    1.70141E+38    1.70141E+38    1.70141E+38    

1.70141E+38    1.70141E+38    1.70141E+38    1.70141E+38    1.70141E+38    1.70141E+38    1.70141E+38    1.70141E+38    1.70141E+38    1.70141E+38    1.70141E+38    1.70141E+38    1.70141E+38    1.70141E+38    1.70141E+38    1.70141E+38    1.70141E+38    1.70141E+38    1.70141E+38    1.70141E+38    1.70141E+38    1.70141E+38    1.70141E+38    

1.70141E+38    1.70141E+38    1.70141E+38    1.70141E+38    1.70141E+38    1.70141E+38    1.70141E+38    1.70141E+38    1.70141E+38    1.70141E+38    1.70141E+38    1.70141E+38    1.70141E+38    1.70141E+38    1.70141E+38    1.70141E+38    1.70141E+38    1.70141E+38    1.70141E+38    1.70141E+38    1.70141E+38    1.70141E+38    1.70141E+38    

1.70141E+38    1.70141E+38    1.70141E+38    1.70141E+38    1.70141E+38    1.70141E+38    1.70141E+38    1.70141E+38    1.70141E+38    1.70141E+38    1.70141E+38    1.70141E+38    1.70141E+38    1.70141E+38    1.70141E+38    1.70141E+38    1.70141E+38    1.70141E+38    1.70141E+38    1.70141E+38    1.70141E+38    1.70141E+38    1.70141E+38    

1.70141E+38    1.70141E+38    1.70141E+38    1.70141E+38    1.70141E+38    1.70141E+38    1.70141E+38    1.70141E+38    1.70141E+38    1.70141E+38    1.70141E+38    1.70141E+38    1.70141E+38    1.70141E+38    1.70141E+38    1.70141E+38    1.70141E+38    1.70141E+38    1.70141E+38    1.70141E+38    1.70141E+38    1.70141E+38    1.70141E+38    

