py_wake/examples/data/ParqueFicticio/Ridge area   Sector 12   Height 200m   Weibull-A.grd
DSAA
23  33
 262878   265078
 6504214   6507414
 5.51935   8.412375
1.70141E+38    1.70141E+38    1.70141E+38    1.70141E+38    1.70141E+38    1.70141E+38    1.70141E+38    1.70141E+38    1.70141E+38    1.70141E+38    1.70141E+38    1.70141E+38    1.70141E+38    1.70141E+38    1.70141E+38    1.70141E+38    1.70141E+38    1.70141E+38    1.70141E+38    1.70141E+38    1.70141E+38    1.70141E+38    1.70141E+38    

1.70141E+38    1.70141E+38    1.70141E+38    1.70141E+38    1.70141E+38    1.70141E+38    1.70141E+38    1.70141E+38    1.70141E+38    1.70141E+38    1.70141E+38    1.70141E+38    1.70141E+38    1.70141E+38    1.70141E+38    1.70141E+38    1.70141E+38    1.70141E+38    1.70141E+38    1.70141E+38    1.70141E+38    1.70141E+38    1.70141E+38    

1.70141E+38    1.70141E+38    1.70141E+38    1.70141E+38    1.70141E+38    1.70141E+38    1.70141E+38    1.70141E+38    1.70141E+38    1.70141E+38    1.70141E+38    1.70141E+38    1.70141E+38    1.70141E+38    1.70141E+38    1.70141E+38    1.70141E+38    1.70141E+38    1.70141E+38    1.70141E+38    1.70141E+38    1.70141E+38    1.70141E+38    

1.70141E+38    1.70141E+38    1.70141E+38    1.70141E+38    1.70141E+38    1.70141E+38    1.70141E+38    1.70141E+38    1.70141E+38    1.70141E+38    1.70141E+38    1.70141E+38    1.70141E+38    1.70141E+38    1.70141E+38    1.70141E+38    1.70141E+38    1.70141E+38    1.70141E+38    1.70141E+38    1.70141E+38    1.70141E+38    1.70141E+38    

1.70141E+38    1.70141E+38    1.70141E+38    1.70141E+38    1.70141E+38    1.70141E+38    1.70141E+38    1.70141E+38    1.70141E+38    1.70141E+38    1.70141E+38    1.70141E+38    1.70141E+38    1.70141E+38    1.70141E+38    1.70141E+38    1.70141E+38    1.70141E+38    1.70141E+38    1.70141E+38    1.70141E+38    1.70141E+38    1.70141E+38    

6.817782       6.886712       6.99425        7.145145       7.310004       7.460893       7.565128       7.64257        7.674213       7.68127        7.660219       7.559536       7.415527       7.162666       6.800006       6.398304       5.91555        5.51935        5.715179       6.279426       1.70141E+38    1.70141E+38    1.70141E+38    

6.834596       6.889282       6.952175       7.056767       7.206595       7.365541       7.52314        7.657517       7.747127       7.806428       7.787911       7.695022       7.508862       7.168849       6.719378       6.249445       5.721044       5.617068       6.244663       6.675059       1.70141E+38    1.70141E+38    1.70141E+38    

6.802474       6.892574       6.984333       7.034886       7.08577        7.183547       7.31566        7.477926       7.660201       7.77944        7.829451       7.766289       7.558325       7.180135       6.709481       6.219966       5.780332       6.096181       6.684783       6.903178       1.70141E+38    1.70141E+38    1.70141E+38    

6.736318       6.831928       6.959582       7.052511       7.121741       7.199717       7.283187       7.386091       7.536232       7.689942       7.821749       7.825286       7.622248       7.249362       6.839214       6.466495       6.213119       6.566346       6.939832       7.095798       1.70141E+38    1.70141E+38    1.70141E+38    

6.686468       6.770758       6.925982       7.081861       7.211297       7.355081       7.496282       7.647676       7.72559        7.795848       7.883746       7.902345       7.754168       7.474937       7.150383       6.873374       6.745082       6.870346       7.114964       7.265131       1.70141E+38    1.70141E+38    1.70141E+38    

6.756029       6.752865       6.92096        7.144174       7.332322       7.49929        7.693972       7.865388       7.981228       8.035753       8.061645       8.048226       7.923886       7.701879       7.404563       7.168548       7.137957       7.243112       7.369394       7.472804       1.70141E+38    1.70141E+38    1.70141E+38    

6.950252       6.798684       6.887604       7.146046       7.379453       7.533509       7.712649       7.89477        8.046676       8.146688       8.194373       8.180433       8.067676       7.847095       7.573191       7.444644       7.556095       7.669741       7.727714       7.742531       1.70141E+38    1.70141E+38    1.70141E+38    

7.243858       6.999228       6.895857       7.049418       7.235299       7.39703        7.502146       7.704705       7.924686       8.102352       8.218297       8.251577       8.174125       7.967963       7.73315        7.702129       7.863669       7.983984       8.023492       8.000016       1.70141E+38    1.70141E+38    1.70141E+38    

7.556237       7.36828        7.190752       7.174829       7.178005       7.233781       7.296746       7.466083       7.701818       7.961274       8.182034       8.287999       8.250694       8.081258       7.892744       7.886777       8.012023       8.110448       8.159111       8.178589       1.70141E+38    1.70141E+38    1.70141E+38    

7.833261       7.746076       7.631475       7.588792       7.490849       7.414614       7.428707       7.596389       7.789685       7.989498       8.202565       8.332923       8.334319       8.21374        8.051767       7.978976       7.99585        8.057088       8.135589       8.169529       1.70141E+38    1.70141E+38    1.70141E+38    

8.029993       8.028832       7.997475       7.977867       7.890153       7.777689       7.719779       7.826168       7.991448       8.148838       8.292439       8.389436       8.403652       8.320699       8.16463        7.980609       7.842247       7.840861       7.887788       7.934257       1.70141E+38    1.70141E+38    1.70141E+38    

8.058874       8.09162        8.101497       8.096577       8.035267       7.956061       7.875754       7.935455       8.050148       8.172676       8.298693       8.392327       8.412375       8.359933       8.20758        7.937778       7.610758       7.439254       7.444979       7.501605       1.70141E+38    1.70141E+38    1.70141E+38    

7.85041        7.910687       7.944011       7.912495       7.872601       7.813684       7.804102       7.857734       7.94023        8.037758       8.170036       8.303309       8.363429       8.337355       8.20787        7.952427       7.611108       7.244103       7.055547       7.058273       1.70141E+38    1.70141E+38    1.70141E+38    

7.417286       7.462661       7.420558       7.359782       7.381442       7.45548        7.516675       7.55976        7.632626       7.72818        7.926455       8.160175       8.269483       8.267437       8.15234        7.941959       7.629939       7.254095       6.897296       6.739766       1.70141E+38    1.70141E+38    1.70141E+38    

7.006542       7.049315       7.059222       7.047053       7.078728       7.179153       7.216176       7.246435       7.366636       7.599406       7.850099       8.078199       8.167418       8.155009       8.078264       7.891084       7.626869       7.299498       6.984514       6.699401       1.70141E+38    1.70141E+38    1.70141E+38    

6.930736       7.044064       7.165221       7.255369       7.288547       7.310959       7.347997       7.391055       7.502511       7.732598       7.953222       8.089177       8.122174       8.025776       7.914132       7.789587       7.633393       7.441036       7.224414       6.983129       1.70141E+38    1.70141E+38    1.70141E+38    

7.108312       7.2432         7.327636       7.396919       7.421488       7.455701       7.504434       7.602304       7.713008       7.871546       8.019628       8.109433       8.122559       8.040394       7.829183       7.645864       7.527039       7.431881       7.337963       7.189603       1.70141E+38    1.70141E+38    1.70141E+38    

7.123427       7.218191       7.251828       7.264777       7.289746       7.35567        7.468661       7.651792       7.812949       7.920897       7.997516       8.05048        8.110229       8.075315       7.935555       7.723873       7.489455       7.316699       5.707841       7.174652       1.70141E+38    1.70141E+38    1.70141E+38    

6.946793       7.00709        7.039679       7.091269       7.189923       7.315936       7.476762       7.650548       7.784948       7.867323       7.882962       7.889408       7.938547       7.977654       7.944887       7.860443       7.682929       7.416534       7.19264        7.05451        1.70141E+38    1.70141E+38    1.70141E+38    

6.668884       6.793489       6.930089       7.111823       7.290398       7.44339        7.567968       7.639665       7.686805       7.722334       7.701685       7.6299         7.632584       7.70452        7.740165       7.806498       7.7995         7.662428       7.429612       7.188282       1.70141E+38    1.70141E+38    1.70141E+38    

1.70141E+38    1.70141E+38    1.70141E+38    1.70141E+38    1.70141E+38    1.70141E+38    1.70141E+38    1.70141E+38    1.70141E+38    1.70141E+38    1.70141E+38    1.70141E+38    1.70141E+38    1.70141E+38    1.70141E+38    1.70141E+38    1.70141E+38    1.70141E+38    1.70141E+38    1.70141E+38    1.70141E+38    1.70141E+38    1.70141E+38    

1.70141E+38    1.70141E+38    1.70141E+38    1.70141E+38    1.70141E+38    1.70141E+38    1.70141E+38    1.70141E+38    1.70141E+38    1.70141E+38    1.70141E+38    1.70141E+38    1.70141E+38    1.70141E+38    1.70141E+38    1.70141E+38    1.70141E+38    1.70141E+38    1.70141E+38    1.70141E+38    1.70141E+38    1.70141E+38    1.70141E+38    

1.70141E+38    1.70141E+38    1.70141E+38    1.70141E+38    1.70141E+38    1.70141E+38    1.70141E+38    1.70141E+38    1.70141E+38    1.70141E+38    1.70141E+38    1.70141E+38    1.70141E+38    1.70141E+38    1.70141E+38    1.70141E+38    1.70141E+38    1.70141E+38    1.70141E+38    1.70141E+38    1.70141E+38    1.70141E+38    1.70141E+38    

1.70141E+38    1.70141E+38    1.70141E+38    1.70141E+38    1.70141E+38    1.70141E+38    1.70141E+38    1.70141E+38    1.70141E+38    1.70141E+38    1.70141E+38    1.70141E+38    1.70141E+38    1.70141E+38    1.70141E+38    1.70141E+38    1.70141E+38    1.70141E+38    1.70141E+38    1.70141E+38    1.70141E+38    1.70141E+38    1.70141E+38    

1.70141E+38    1.70141E+38    1.70141E+38    1.70141E+38    1.70141E+38    1.70141E+38    1.70141E+38    1.70141E+38    1.70141E+38    1.70141E+38    1.70141E+38    1.70141E+38    1.70141E+38    1.70141E+38    1.70141E+38    1.70141E+38    1.70141E+38    1.70141E+38    1.70141E+38    1.70141E+38    1.70141E+38    1.70141E+38    1.70141E+38    

1.70141E+38    1.70141E+38    1.70141E+38    1.70141E+38    1.70141E+38    1.70141E+38    1.70141E+38    1.70141E+38    1.70141E+38    1.70141E+38    1.70141E+38    1.70141E+38    1.70141E+38    1.70141E+38    1.70141E+38    1.70141E+38    1.70141E+38    1.70141E+38    1.70141E+38    1.70141E+38    1.70141E+38    1.70141E+38    1.70141E+38    

1.70141E+38    1.70141E+38    1.70141E+38    1.70141E+38    1.70141E+38    1.70141E+38    1.70141E+38    1.70141E+38    1.70141E+38    1.70141E+38    1.70141E+38    1.70141E+38    1.70141E+38    1.70141E+38    1.70141E+38    1.70141E+38    1.70141E+38    1.70141E+38    1.70141E+38    1.70141E+38    1.70141E+38    1.70141E+38    1.70141E+38    

1.70141E+38    1.70141E+38    1.70141E+38    1.70141E+38    1.70141E+38    1.70141E+38    1.70141E+38    1.70141E+38    1.70141E+38    1.70141E+38    1.70141E+38    1.70141E+38    1.70141E+38    1.70141E+38    1.70141E+38    1.70141E+38    1.70141E+38    1.70141E+38    1.70141E+38    1.70141E+38    1.70141E+38    1.70141E+38    1.70141E+38    

