py_wake/examples/data/ParqueFicticio/Ridge area   Sector 2   Height 30m   Orographic turn.grd
DSAA
23  33
 262878   265078
 6504214   6507414
-40.96036   130.763
1.70141E+38    1.70141E+38    1.70141E+38    1.70141E+38    1.70141E+38    1.70141E+38    1.70141E+38    1.70141E+38    1.70141E+38    1.70141E+38    1.70141E+38    1.70141E+38    1.70141E+38    1.70141E+38    1.70141E+38    1.70141E+38    1.70141E+38    1.70141E+38    1.70141E+38    1.70141E+38    1.70141E+38    1.70141E+38    1.70141E+38    

1.70141E+38    1.70141E+38    1.70141E+38    1.70141E+38    1.70141E+38    1.70141E+38    1.70141E+38    1.70141E+38    1.70141E+38    1.70141E+38    1.70141E+38    1.70141E+38    1.70141E+38    1.70141E+38    1.70141E+38    1.70141E+38    1.70141E+38    1.70141E+38    1.70141E+38    1.70141E+38    1.70141E+38    1.70141E+38    1.70141E+38    

1.70141E+38    1.70141E+38    1.70141E+38    1.70141E+38    1.70141E+38    1.70141E+38    1.70141E+38    1.70141E+38    1.70141E+38    1.70141E+38    1.70141E+38    1.70141E+38    1.70141E+38    1.70141E+38    1.70141E+38    1.70141E+38    1.70141E+38    1.70141E+38    1.70141E+38    1.70141E+38    1.70141E+38    1.70141E+38    1.70141E+38    

1.70141E+38    1.70141E+38    1.70141E+38    1.70141E+38    1.70141E+38    1.70141E+38    1.70141E+38    1.70141E+38    1.70141E+38    1.70141E+38    1.70141E+38    1.70141E+38    1.70141E+38    1.70141E+38    1.70141E+38    1.70141E+38    1.70141E+38    1.70141E+38    1.70141E+38    1.70141E+38    1.70141E+38    1.70141E+38    1.70141E+38    

1.70141E+38    1.70141E+38    1.70141E+38    1.70141E+38    1.70141E+38    1.70141E+38    1.70141E+38    1.70141E+38    1.70141E+38    1.70141E+38    1.70141E+38    1.70141E+38    1.70141E+38    1.70141E+38    1.70141E+38    1.70141E+38    1.70141E+38    1.70141E+38    1.70141E+38    1.70141E+38    1.70141E+38    1.70141E+38    1.70141E+38    

-2.692315      -3.733429      -6.039627      -7.411016      -7.705468      -7.557258      -6.775487      -2.597043      2.543333       8.557491       12.88987       16.12753       17.68607       16.93588       14.40942       7.789168       -8.59787       -38.72627      -40.96036      .8390832       1.70141E+38    1.70141E+38    1.70141E+38    

-4.275279      -4.591617      -3.718667      -3.143355      -3.128879      -3.563737      -3.05492       -.9467351      1.987768       6.913185       12.50762       15.76786       16.89282       17.66774       20.1199        16.2986        -3.285125      -31.12314      -6.808963      11.98692       1.70141E+38    1.70141E+38    1.70141E+38    

-3.74106       -5.112616      -4.407369      -2.697433      -.5254552      1.421162       3.122818       5.393226       7.287838       10.13043       14.51682       17.57556       17.59122       20.0838        29.01499       29.50885       15.68192       -1.028105      9.261132       14.98637       1.70141E+38    1.70141E+38    1.70141E+38    

-1.111288      -2.778229      -3.130488      -3.676294      -2.513736      1.228453       5.252863       10.68163       12.95938       14.74275       17.38091       18.69627       18.12868       21.25883       35.03735       45.94875       48.54395       11.96921       11.93632       15.24466       1.70141E+38    1.70141E+38    1.70141E+38    

2.223872       -.9593306      -3.334799      -4.210932      -3.551035      -1.812606      -.2541219      4.317513       8.887984       12.57192       16.67402       18.25565       15.29886       13.29972       21.64744       70.24557       85.01221       16.1921        12.36558       15.07832       1.70141E+38    1.70141E+38    1.70141E+38    

5.711309       1.551742       -2.862704      -5.402666      -5.943019      -4.608496      -3.905191      -1.248213      2.048073       5.670476       10.3626        13.24602       10.48103       5.251629       5.153036       116.072        114.3393       9.185835       10.29763       12.38549       1.70141E+38    1.70141E+38    1.70141E+38    

8.680453       6.211596       1.246338       -2.137585      -3.80131       -3.725417      -2.431381      -.4321091      1.438981       3.198986       6.870827       10.39758       8.755642       2.729673       -4.625933      130.763        41.7844        1.761814       5.911376       7.620563       1.70141E+38    1.70141E+38    1.70141E+38    

6.252791       8.87574        9.167467       7.865672       4.598279       3.349223       4.099651       5.587548       6.014458       6.38508        8.399431       10.824         9.268232       3.352774       -.3883764      48.53756       -2.908527      -.2076547      1.833559       2.51442        1.70141E+38    1.70141E+38    1.70141E+38    

.6544207       2.446743       7.925226       14.21585       14.21592       10.00949       9.33331        11.52123       11.33031       10.2356        10.99184       12.22505       10.36557       5.112915       3.945478       3.22707        -.3698319      -.6456962      -1.344176      -2.625247      1.70141E+38    1.70141E+38    1.70141E+38    

-2.151724      -2.897431      -2.624264      1.645621       5.957765       5.518396       4.310699       4.039263       4.748717       6.440833       9.274899       11.34497       9.961466       6.392426       4.855055       3.726344       1.486556       .3536629       -1.881246      -5.49212       1.70141E+38    1.70141E+38    1.70141E+38    

-4.127634      -5.464485      -8.095939      -8.503197      -8.281383      -6.361051      -3.270204      -1.540471      .2270485       2.10285        5.349805       8.254363       8.132378       6.632648       5.186657       4.345336       3.084582       2.213998       .4051138       -3.270573      1.70141E+38    1.70141E+38    1.70141E+38    

-4.64464       -5.901068      -9.117315      -11.49708      -11.82753      -10.07071      -6.193563      -2.890195      .2358418       2.312825       4.619461       7.48358        8.183411       7.489506       6.114511       5.606164       6.171403       6.214113       4.485844       1.274558       1.70141E+38    1.70141E+38    1.70141E+38    

-.4173862      -2.153435      -7.005385      -10.57         -9.249389      -7.62943       -4.22403       -.3875372      3.207858       5.146594       7.113977       9.012298       9.677962       9.11615        5.89119        3.488502       4.363221       6.168723       6.5908         5.143307       1.70141E+38    1.70141E+38    1.70141E+38    

4.435735       3.117341       -2.169187      -5.911298      -4.724558      -3.560814      -1.54221       3.455597       9.476141       9.655407       10.30747       12.32456       11.90092       9.722496       5.985808       2.969265       2.543598       4.052376       7.122617       8.480629       1.70141E+38    1.70141E+38    1.70141E+38    

9.822853       11.08443       7.182054       3.061213       -.106092       -1.1012        -6.16563       -23.33419      -13.5792       3.53811        10.18605       13.25713       13.51834       10.18681       5.1559         2.093897       2.089957       3.774214       6.95395        9.992652       1.70141E+38    1.70141E+38    1.70141E+38    

8.83029        7.035218       .605538        -2.142563      -3.770249      -3.012973      -2.866118      -2.69839       1.780581       6.054526       8.781412       11.97442       13.41333       11.47336       7.640212       3.106989       .121126        -.1267611      2.093258       4.482534       1.70141E+38    1.70141E+38    1.70141E+38    

-.2851839      -.7157246      -2.290145      -2.675009      -5.315272      -4.584389      -3.001884      1.875254       6.39675        7.288552       8.05601        9.12999        10.24472       9.187896       9.607053       9.157001       5.374537       1.296826       -.4801153      .01224367      1.70141E+38    1.70141E+38    1.70141E+38    

-.01012803     1.100349       -.08793701     -2.592289      -6.468461      -8.665782      -3.108309      3.512995       6.109085       7.615293       8.84302        8.074158       6.726731       4.595737       3.629865       7.475082       10.8439        9.627326       6.20826        2.687631       1.70141E+38    1.70141E+38    1.70141E+38    

3.45548        3.209476       -.3025459      -4.501835      -6.320031      -3.19076       4.295552       6.39526        8.450244       9.649482       10.26067       8.927286       7.152849       4.043981       -.8505678      -.02324184     4.464356       9.670544       12.51413       11.5117        1.70141E+38    1.70141E+38    1.70141E+38    

5.193655       3.136392       .06683127      -.7687095      .1676718       2.45247        5.694258       8.55148        10.16044       11.26749       12.75605       11.44336       9.886918       7.50606        1.009084       -1.34215       -.7252932      2.083797       7.034651       11.07245       1.70141E+38    1.70141E+38    1.70141E+38    

1.70141E+38    1.70141E+38    1.70141E+38    1.70141E+38    1.70141E+38    1.70141E+38    1.70141E+38    1.70141E+38    1.70141E+38    1.70141E+38    1.70141E+38    1.70141E+38    1.70141E+38    1.70141E+38    1.70141E+38    1.70141E+38    1.70141E+38    1.70141E+38    1.70141E+38    1.70141E+38    1.70141E+38    1.70141E+38    1.70141E+38    

1.70141E+38    1.70141E+38    1.70141E+38    1.70141E+38    1.70141E+38    1.70141E+38    1.70141E+38    1.70141E+38    1.70141E+38    1.70141E+38    1.70141E+38    1.70141E+38    1.70141E+38    1.70141E+38    1.70141E+38    1.70141E+38    1.70141E+38    1.70141E+38    1.70141E+38    1.70141E+38    1.70141E+38    1.70141E+38    1.70141E+38    

1.70141E+38    1.70141E+38    1.70141E+38    1.70141E+38    1.70141E+38    1.70141E+38    1.70141E+38    1.70141E+38    1.70141E+38    1.70141E+38    1.70141E+38    1.70141E+38    1.70141E+38    1.70141E+38    1.70141E+38    1.70141E+38    1.70141E+38    1.70141E+38    1.70141E+38    1.70141E+38    1.70141E+38    1.70141E+38    1.70141E+38    

1.70141E+38    1.70141E+38    1.70141E+38    1.70141E+38    1.70141E+38    1.70141E+38    1.70141E+38    1.70141E+38    1.70141E+38    1.70141E+38    1.70141E+38    1.70141E+38    1.70141E+38    1.70141E+38    1.70141E+38    1.70141E+38    1.70141E+38    1.70141E+38    1.70141E+38    1.70141E+38    1.70141E+38    1.70141E+38    1.70141E+38    

1.70141E+38    1.70141E+38    1.70141E+38    1.70141E+38    1.70141E+38    1.70141E+38    1.70141E+38    1.70141E+38    1.70141E+38    1.70141E+38    1.70141E+38    1.70141E+38    1.70141E+38    1.70141E+38    1.70141E+38    1.70141E+38    1.70141E+38    1.70141E+38    1.70141E+38    1.70141E+38    1.70141E+38    1.70141E+38    1.70141E+38    

1.70141E+38    1.70141E+38    1.70141E+38    1.70141E+38    1.70141E+38    1.70141E+38    1.70141E+38    1.70141E+38    1.70141E+38    1.70141E+38    1.70141E+38    1.70141E+38    1.70141E+38    1.70141E+38    1.70141E+38    1.70141E+38    1.70141E+38    1.70141E+38    1.70141E+38    1.70141E+38    1.70141E+38    1.70141E+38    1.70141E+38    

1.70141E+38    1.70141E+38    1.70141E+38    1.70141E+38    1.70141E+38    1.70141E+38    1.70141E+38    1.70141E+38    1.70141E+38    1.70141E+38    1.70141E+38    1.70141E+38    1.70141E+38    1.70141E+38    1.70141E+38    1.70141E+38    1.70141E+38    1.70141E+38    1.70141E+38    1.70141E+38    1.70141E+38    1.70141E+38    1.70141E+38    

1.70141E+38    1.70141E+38    1.70141E+38    1.70141E+38    1.70141E+38    1.70141E+38    1.70141E+38    1.70141E+38    1.70141E+38    1.70141E+38    1.70141E+38    1.70141E+38    1.70141E+38    1.70141E+38    1.70141E+38    1.70141E+38    1.70141E+38    1.70141E+38    1.70141E+38    1.70141E+38    1.70141E+38    1.70141E+38    1.70141E+38    

