py_wake/examples/data/ParqueFicticio/Ridge area   Sector 5   Height 30m   Weibull-k.grd
DSAA
23  33
 262878   265078
 6504214   6507414
 1.189453   2.697266
1.70141E+38    1.70141E+38    1.70141E+38    1.70141E+38    1.70141E+38    1.70141E+38    1.70141E+38    1.70141E+38    1.70141E+38    1.70141E+38    1.70141E+38    1.70141E+38    1.70141E+38    1.70141E+38    1.70141E+38    1.70141E+38    1.70141E+38    1.70141E+38    1.70141E+38    1.70141E+38    1.70141E+38    1.70141E+38    1.70141E+38    

1.70141E+38    1.70141E+38    1.70141E+38    1.70141E+38    1.70141E+38    1.70141E+38    1.70141E+38    1.70141E+38    1.70141E+38    1.70141E+38    1.70141E+38    1.70141E+38    1.70141E+38    1.70141E+38    1.70141E+38    1.70141E+38    1.70141E+38    1.70141E+38    1.70141E+38    1.70141E+38    1.70141E+38    1.70141E+38    1.70141E+38    

1.70141E+38    1.70141E+38    1.70141E+38    1.70141E+38    1.70141E+38    1.70141E+38    1.70141E+38    1.70141E+38    1.70141E+38    1.70141E+38    1.70141E+38    1.70141E+38    1.70141E+38    1.70141E+38    1.70141E+38    1.70141E+38    1.70141E+38    1.70141E+38    1.70141E+38    1.70141E+38    1.70141E+38    1.70141E+38    1.70141E+38    

1.70141E+38    1.70141E+38    1.70141E+38    1.70141E+38    1.70141E+38    1.70141E+38    1.70141E+38    1.70141E+38    1.70141E+38    1.70141E+38    1.70141E+38    1.70141E+38    1.70141E+38    1.70141E+38    1.70141E+38    1.70141E+38    1.70141E+38    1.70141E+38    1.70141E+38    1.70141E+38    1.70141E+38    1.70141E+38    1.70141E+38    

1.70141E+38    1.70141E+38    1.70141E+38    1.70141E+38    1.70141E+38    1.70141E+38    1.70141E+38    1.70141E+38    1.70141E+38    1.70141E+38    1.70141E+38    1.70141E+38    1.70141E+38    1.70141E+38    1.70141E+38    1.70141E+38    1.70141E+38    1.70141E+38    1.70141E+38    1.70141E+38    1.70141E+38    1.70141E+38    1.70141E+38    

2.451172       2.400391       2.330078       2.318359       2.373047       2.447266       2.513672       2.576172       2.583984       2.552734       2.466797       2.380859       2.298828       2.384766       2.544922       2.587891       2.306641       1.732422       1.775391       2.564453       1.70141E+38    1.70141E+38    1.70141E+38    

2.357422       2.357422       2.380859       2.412109       2.439453       2.474609       2.529297       2.603516       2.623047       2.587891       2.490234       2.388672       2.349609       2.458984       2.576172       2.494141       1.775391       2.642578       1.787109       2.603516       1.70141E+38    1.70141E+38    1.70141E+38    

2.279297       2.287109       2.345703       2.392578       2.435547       2.482422       2.537109       2.595703       2.603516       2.568359       2.482422       2.353516       2.361328       2.505859       1.244141       2.376953       2.427734       2.533203       2.537109       2.529297       1.70141E+38    1.70141E+38    1.70141E+38    

2.232422       2.232422       2.267578       2.251953       2.236328       2.287109       2.376953       2.537109       2.548828       2.509766       2.435547       2.353516       2.388672       2.505859       1.287109       2.064453       1.462891       2.642578       2.654297       2.494141       1.70141E+38    1.70141E+38    1.70141E+38    

2.240234       2.201172       2.201172       2.197266       2.177734       2.244141       2.353516       2.517578       2.541016       2.474609       2.404297       2.349609       2.427734       2.552734       2.447266       1.517578       1.525391       2.548828       2.630859       2.482422       1.70141E+38    1.70141E+38    1.70141E+38    

2.255859       2.177734       2.220703       2.251953       2.287109       2.373047       2.470703       2.595703       2.603516       2.564453       2.501953       2.419922       2.474609       2.607422       2.369141       2.005859       1.978516       2.283203       2.607422       2.505859       1.70141E+38    1.70141E+38    1.70141E+38    

2.392578       2.158203       2.099609       2.279297       2.400391       2.501953       2.580078       2.638672       2.654297       2.623047       2.576172       2.486328       2.505859       2.626953       2.283203       1.201172       2.330078       2.673828       2.623047       2.580078       1.70141E+38    1.70141E+38    1.70141E+38    

2.556641       2.587891       2.185547       1.962891       2.345703       2.587891       2.689453       2.689453       2.666016       2.623047       2.572266       2.498047       2.517578       2.654297       2.384766       2.220703       2.658203       2.689453       2.689453       2.669922       1.70141E+38    1.70141E+38    1.70141E+38    

2.564453       2.650391       2.591797       2.455078       2.689453       2.689453       2.689453       2.689453       2.673828       2.619141       2.556641       2.494141       2.509766       2.662109       2.646484       2.677734       2.689453       2.689453       2.689453       2.689453       1.70141E+38    1.70141E+38    1.70141E+38    

2.587891       2.634766       2.603516       2.619141       2.626953       2.458984       2.416016       2.509766       2.603516       2.630859       2.572266       2.505859       2.533203       2.650391       2.689453       2.689453       2.689453       2.689453       2.689453       2.685547       1.70141E+38    1.70141E+38    1.70141E+38    

2.623047       2.638672       2.619141       2.623047       2.638672       2.623047       2.619141       2.650391       2.685547       2.673828       2.626953       2.568359       2.568359       2.626953       2.689453       2.689453       2.689453       2.666016       2.662109       2.685547       1.70141E+38    1.70141E+38    1.70141E+38    

2.658203       2.658203       2.638672       2.626953       2.658203       2.681641       2.689453       2.693359       2.689453       2.689453       2.654297       2.583984       2.564453       2.587891       2.646484       2.666016       2.583984       1.994141       2.138672       2.373047       1.70141E+38    1.70141E+38    1.70141E+38    

2.689453       2.689453       2.677734       2.685547       2.697266       2.693359       2.681641       2.681641       2.689453       2.685547       2.623047       2.548828       2.517578       2.537109       2.619141       2.666016       2.603516       1.962891       1.189453       1.349609       1.70141E+38    1.70141E+38    1.70141E+38    

2.658203       2.654297       2.681641       2.669922       2.666016       2.666016       2.673828       2.685547       2.658203       2.595703       2.474609       2.435547       2.435547       2.505859       2.591797       2.638672       2.607422       2.310547       1.220703       2.318359       1.70141E+38    1.70141E+38    1.70141E+38    

2.240234       2.435547       2.521484       2.439453       2.458984       2.513672       2.486328       2.451172       2.435547       2.470703       2.373047       2.326172       2.341797       2.451172       2.568359       2.615234       2.583984       2.396484       1.919922       2.318359       1.70141E+38    1.70141E+38    1.70141E+38    

2.439453       2.548828       2.583984       2.603516       2.619141       2.587891       2.501953       2.353516       2.412109       2.537109       2.435547       2.361328       2.330078       2.369141       2.431641       2.517578       2.583984       2.076172       2.462891       2.236328       1.70141E+38    1.70141E+38    1.70141E+38    

2.673828       2.677734       2.673828       2.666016       2.630859       2.607422       2.560547       2.646484       2.623047       2.556641       2.494141       2.458984       2.455078       2.451172       1.669922       1.611328       1.888672       2.138672       2.552734       2.552734       1.70141E+38    1.70141E+38    1.70141E+38    

2.673828       2.677734       2.658203       2.619141       2.560547       2.525391       2.615234       2.669922       2.607422       2.544922       2.490234       2.474609       2.498047       2.552734       2.556641       1.935547       1.705078       1.943359       2.201172       2.494141       1.70141E+38    1.70141E+38    1.70141E+38    

2.634766       2.544922       2.419922       2.318359       2.322266       2.423828       2.662109       2.623047       2.552734       2.490234       2.455078       2.400391       2.412109       2.498047       2.580078       2.572266       1.927734       1.787109       1.837891       2.041016       1.70141E+38    1.70141E+38    1.70141E+38    

2.525391       2.208984       1.994141       2.072266       2.458984       2.681641       2.638672       2.564453       2.482422       2.400391       2.333984       1.455078       2.212891       2.380859       2.501953       2.541016       2.560547       2.552734       1.740234       1.779297       1.70141E+38    1.70141E+38    1.70141E+38    

1.70141E+38    1.70141E+38    1.70141E+38    1.70141E+38    1.70141E+38    1.70141E+38    1.70141E+38    1.70141E+38    1.70141E+38    1.70141E+38    1.70141E+38    1.70141E+38    1.70141E+38    1.70141E+38    1.70141E+38    1.70141E+38    1.70141E+38    1.70141E+38    1.70141E+38    1.70141E+38    1.70141E+38    1.70141E+38    1.70141E+38    

1.70141E+38    1.70141E+38    1.70141E+38    1.70141E+38    1.70141E+38    1.70141E+38    1.70141E+38    1.70141E+38    1.70141E+38    1.70141E+38    1.70141E+38    1.70141E+38    1.70141E+38    1.70141E+38    1.70141E+38    1.70141E+38    1.70141E+38    1.70141E+38    1.70141E+38    1.70141E+38    1.70141E+38    1.70141E+38    1.70141E+38    

1.70141E+38    1.70141E+38    1.70141E+38    1.70141E+38    1.70141E+38    1.70141E+38    1.70141E+38    1.70141E+38    1.70141E+38    1.70141E+38    1.70141E+38    1.70141E+38    1.70141E+38    1.70141E+38    1.70141E+38    1.70141E+38    1.70141E+38    1.70141E+38    1.70141E+38    1.70141E+38    1.70141E+38    1.70141E+38    1.70141E+38    

1.70141E+38    1.70141E+38    1.70141E+38    1.70141E+38    1.70141E+38    1.70141E+38    1.70141E+38    1.70141E+38    1.70141E+38    1.70141E+38    1.70141E+38    1.70141E+38    1.70141E+38    1.70141E+38    1.70141E+38    1.70141E+38    1.70141E+38    1.70141E+38    1.70141E+38    1.70141E+38    1.70141E+38    1.70141E+38    1.70141E+38    

1.70141E+38    1.70141E+38    1.70141E+38    1.70141E+38    1.70141E+38    1.70141E+38    1.70141E+38    1.70141E+38    1.70141E+38    1.70141E+38    1.70141E+38    1.70141E+38    1.70141E+38    1.70141E+38    1.70141E+38    1.70141E+38    1.70141E+38    1.70141E+38    1.70141E+38    1.70141E+38    1.70141E+38    1.70141E+38    1.70141E+38    

1.70141E+38    1.70141E+38    1.70141E+38    1.70141E+38    1.70141E+38    1.70141E+38    1.70141E+38    1.70141E+38    1.70141E+38    1.70141E+38    1.70141E+38    1.70141E+38    1.70141E+38    1.70141E+38    1.70141E+38    1.70141E+38    1.70141E+38    1.70141E+38    1.70141E+38    1.70141E+38    1.70141E+38    1.70141E+38    1.70141E+38    

1.70141E+38    1.70141E+38    1.70141E+38    1.70141E+38    1.70141E+38    1.70141E+38    1.70141E+38    1.70141E+38    1.70141E+38    1.70141E+38    1.70141E+38    1.70141E+38    1.70141E+38    1.70141E+38    1.70141E+38    1.70141E+38    1.70141E+38    1.70141E+38    1.70141E+38    1.70141E+38    1.70141E+38    1.70141E+38    1.70141E+38    

1.70141E+38    1.70141E+38    1.70141E+38    1.70141E+38    1.70141E+38    1.70141E+38    1.70141E+38    1.70141E+38    1.70141E+38    1.70141E+38    1.70141E+38    1.70141E+38    1.70141E+38    1.70141E+38    1.70141E+38    1.70141E+38    1.70141E+38    1.70141E+38    1.70141E+38    1.70141E+38    1.70141E+38    1.70141E+38    1.70141E+38    

