py_wake/examples/data/ParqueFicticio/Ridge area   Sector 11   Height 30m   Mean speed.grd
DSAA
23  33
 262878   265078
 6504214   6507414
 .4734429   8.707699
1.70141E+38    1.70141E+38    1.70141E+38    1.70141E+38    1.70141E+38    1.70141E+38    1.70141E+38    1.70141E+38    1.70141E+38    1.70141E+38    1.70141E+38    1.70141E+38    1.70141E+38    1.70141E+38    1.70141E+38    1.70141E+38    1.70141E+38    1.70141E+38    1.70141E+38    1.70141E+38    1.70141E+38    1.70141E+38    1.70141E+38    

1.70141E+38    1.70141E+38    1.70141E+38    1.70141E+38    1.70141E+38    1.70141E+38    1.70141E+38    1.70141E+38    1.70141E+38    1.70141E+38    1.70141E+38    1.70141E+38    1.70141E+38    1.70141E+38    1.70141E+38    1.70141E+38    1.70141E+38    1.70141E+38    1.70141E+38    1.70141E+38    1.70141E+38    1.70141E+38    1.70141E+38    

1.70141E+38    1.70141E+38    1.70141E+38    1.70141E+38    1.70141E+38    1.70141E+38    1.70141E+38    1.70141E+38    1.70141E+38    1.70141E+38    1.70141E+38    1.70141E+38    1.70141E+38    1.70141E+38    1.70141E+38    1.70141E+38    1.70141E+38    1.70141E+38    1.70141E+38    1.70141E+38    1.70141E+38    1.70141E+38    1.70141E+38    

1.70141E+38    1.70141E+38    1.70141E+38    1.70141E+38    1.70141E+38    1.70141E+38    1.70141E+38    1.70141E+38    1.70141E+38    1.70141E+38    1.70141E+38    1.70141E+38    1.70141E+38    1.70141E+38    1.70141E+38    1.70141E+38    1.70141E+38    1.70141E+38    1.70141E+38    1.70141E+38    1.70141E+38    1.70141E+38    1.70141E+38    

1.70141E+38    1.70141E+38    1.70141E+38    1.70141E+38    1.70141E+38    1.70141E+38    1.70141E+38    1.70141E+38    1.70141E+38    1.70141E+38    1.70141E+38    1.70141E+38    1.70141E+38    1.70141E+38    1.70141E+38    1.70141E+38    1.70141E+38    1.70141E+38    1.70141E+38    1.70141E+38    1.70141E+38    1.70141E+38    1.70141E+38    

5.203279       5.282579       5.501007       5.95249        6.454556       7.100898       7.460321       7.77839        7.536067       7.636861       7.480155       6.927832       6.13615        2.873083       1.289835       1.213154       1.182523       1.118401       1.585436       2.891451       1.70141E+38    1.70141E+38    1.70141E+38    

5.323494       5.394214       5.287302       5.328842       5.685565       6.181563       6.805488       7.53173        8.065417       8.127537       7.908282       7.225223       5.529625       1.998469       1.098196       1.359313       1.160392       1.188908       1.684828       2.147371       1.70141E+38    1.70141E+38    1.70141E+38    

5.025114       5.4176         5.764016       5.504721       5.24799        5.26448        5.494594       5.956227       6.67456        7.377596       7.946087       7.243323       4.055258       1.315593       .7527811       .7875323       1.191298       1.518481       1.826745       2.646339       1.70141E+38    1.70141E+38    1.70141E+38    

4.587538       4.960953       5.487568       5.776473       5.681612       5.572186       5.364338       5.237444       5.308047       5.869281       7.115292       7.425501       3.959266       1.233188       .7783672       .5577305       1.245199       1.671845       2.570615       4.020998       1.70141E+38    1.70141E+38    1.70141E+38    

4.019909       4.341652       5.10644        5.666594       5.728601       5.916072       6.105756       6.29136        6.07233        5.935146       6.590138       7.26556        5.425025       1.849185       1.120799       .5991349       1.570472       1.748083       3.19484        5.000944       1.70141E+38    1.70141E+38    1.70141E+38    

3.957493       3.529863       4.519316       5.473625       5.855061       5.93502        6.399408       7.301951       7.646173       7.340608       7.330077       7.541033       6.395853       3.570988       1.452325       1.162501       1.831192       2.873196       3.888917       4.765047       1.70141E+38    1.70141E+38    1.70141E+38    

4.606909       2.927364       3.27775        4.220127       4.95945        5.732878       6.130559       6.928921       7.761008       8.160441       8.103626       8.003849       6.798611       2.996018       .8356923       1.524608       2.841115       4.060017       4.433634       4.766789       1.70141E+38    1.70141E+38    1.70141E+38    

5.735022       1.997537       1.817212       2.217654       2.966805       3.94809        4.459177       5.032899       6.14442        7.097408       7.805595       8.133718       6.959641       2.229665       1.394731       2.056767       3.918414       5.278756       5.58298        5.426817       1.70141E+38    1.70141E+38    1.70141E+38    

6.788313       2.962209       .7919858       1.156258       .8801097       1.332802       2.738986       3.255688       4.115894       5.263162       6.771413       7.981654       7.018652       2.908059       1.586765       2.908314       4.548492       5.782211       6.246957       5.835701       1.70141E+38    1.70141E+38    1.70141E+38    

7.39969        5.546099       1.421261       1.990452       1.360699       .9425775       2.955769       3.972666       4.750863       5.395839       6.641723       8.066631       7.852102       5.56516        3.345204       3.569068       3.803419       4.457831       4.974115       5.32421        1.70141E+38    1.70141E+38    1.70141E+38    

7.535028       7.01389        5.569579       5.550423       5.004198       4.138796       4.730364       5.653189       6.58449        7.137366       7.770172       8.486278       8.525276       7.44352        5.140281       2.452255       1.78528        2.227255       3.072634       3.790988       1.70141E+38    1.70141E+38    1.70141E+38    

7.44266        7.593923       6.925313       6.65857        6.80659        6.659437       6.615625       6.687564       7.083488       7.521622       8.083485       8.707699       8.517446       7.969965       5.529605       1.554357       .8400967       1.095776       2.163318       3.324361       1.70141E+38    1.70141E+38    1.70141E+38    

6.629489       7.132056       6.784096       6.148432       6.609323       6.691054       6.70101        6.754517       7.019268       7.142765       7.434041       8.21635        8.527049       8.04313        6.349638       2.51732        1.401272       1.101491       1.941149       1.175985       1.70141E+38    1.70141E+38    1.70141E+38    

6.013166       6.175836       5.791466       5.130588       5.229947       5.548667       5.781917       5.796968       5.944134       5.840806       6.120057       7.513282       8.177003       8.012753       6.616437       3.996078       1.188178       .8329458       .4734429       .6140137       1.70141E+38    1.70141E+38    1.70141E+38    

5.25892        5.200234       4.952145       4.242182       3.911624       4.390124       4.355888       4.183733       4.329523       5.320758       5.982883       7.314904       7.751933       7.52242        4.54085        5.577491       4.656459       .6936653       1.284963       2.058658       1.70141E+38    1.70141E+38    1.70141E+38    

5.167523       5.293711       5.553175       5.756907       5.523891       5.326288       5.384152       5.207945       5.186139       6.109398       7.066509       7.768256       7.812707       3.864204       2.554315       2.637908       3.794154       2.558509       2.818311       2.882815       1.70141E+38    1.70141E+38    1.70141E+38    

5.890047       6.262404       6.283458       6.453731       6.428326       6.476417       6.458898       6.598185       6.440919       6.776134       7.523774       8.139969       8.223161       6.884998       4.492892       3.951202       4.263679       4.345336       4.277828       3.373013       1.70141E+38    1.70141E+38    1.70141E+38    

5.833792       6.143324       6.024229       5.89679        5.776227       5.867725       5.942163       6.54797        7.173527       7.376624       7.508836       7.72399        8.351045       8.13714        6.54028        4.409732       2.315291       1.855153       2.063068       2.130704       1.70141E+38    1.70141E+38    1.70141E+38    

5.382602       5.551251       5.491087       5.478221       5.467623       5.604966       5.878839       6.465456       7.124217       7.484255       7.369814       6.82495        7.245884       7.913102       7.629781       6.886817       4.602614       1.002617       .7796946       .6433276       1.70141E+38    1.70141E+38    1.70141E+38    

4.565473       4.976252       5.186959       5.582933       5.947299       6.276811       6.698009       6.860839       6.980452       7.173082       7.105886       5.985445       5.808568       6.314172       6.11972        7.066334       5.956045       4.191426       1.440266       1.039425       1.70141E+38    1.70141E+38    1.70141E+38    

1.70141E+38    1.70141E+38    1.70141E+38    1.70141E+38    1.70141E+38    1.70141E+38    1.70141E+38    1.70141E+38    1.70141E+38    1.70141E+38    1.70141E+38    1.70141E+38    1.70141E+38    1.70141E+38    1.70141E+38    1.70141E+38    1.70141E+38    1.70141E+38    1.70141E+38    1.70141E+38    1.70141E+38    1.70141E+38    1.70141E+38    

1.70141E+38    1.70141E+38    1.70141E+38    1.70141E+38    1.70141E+38    1.70141E+38    1.70141E+38    1.70141E+38    1.70141E+38    1.70141E+38    1.70141E+38    1.70141E+38    1.70141E+38    1.70141E+38    1.70141E+38    1.70141E+38    1.70141E+38    1.70141E+38    1.70141E+38    1.70141E+38    1.70141E+38    1.70141E+38    1.70141E+38    

1.70141E+38    1.70141E+38    1.70141E+38    1.70141E+38    1.70141E+38    1.70141E+38    1.70141E+38    1.70141E+38    1.70141E+38    1.70141E+38    1.70141E+38    1.70141E+38    1.70141E+38    1.70141E+38    1.70141E+38    1.70141E+38    1.70141E+38    1.70141E+38    1.70141E+38    1.70141E+38    1.70141E+38    1.70141E+38    1.70141E+38    

1.70141E+38    1.70141E+38    1.70141E+38    1.70141E+38    1.70141E+38    1.70141E+38    1.70141E+38    1.70141E+38    1.70141E+38    1.70141E+38    1.70141E+38    1.70141E+38    1.70141E+38    1.70141E+38    1.70141E+38    1.70141E+38    1.70141E+38    1.70141E+38    1.70141E+38    1.70141E+38    1.70141E+38    1.70141E+38    1.70141E+38    

1.70141E+38    1.70141E+38    1.70141E+38    1.70141E+38    1.70141E+38    1.70141E+38    1.70141E+38    1.70141E+38    1.70141E+38    1.70141E+38    1.70141E+38    1.70141E+38    1.70141E+38    1.70141E+38    1.70141E+38    1.70141E+38    1.70141E+38    1.70141E+38    1.70141E+38    1.70141E+38    1.70141E+38    1.70141E+38    1.70141E+38    

1.70141E+38    1.70141E+38    1.70141E+38    1.70141E+38    1.70141E+38    1.70141E+38    1.70141E+38    1.70141E+38    1.70141E+38    1.70141E+38    1.70141E+38    1.70141E+38    1.70141E+38    1.70141E+38    1.70141E+38    1.70141E+38    1.70141E+38    1.70141E+38    1.70141E+38    1.70141E+38    1.70141E+38    1.70141E+38    1.70141E+38    

1.70141E+38    1.70141E+38    1.70141E+38    1.70141E+38    1.70141E+38    1.70141E+38    1.70141E+38    1.70141E+38    1.70141E+38    1.70141E+38    1.70141E+38    1.70141E+38    1.70141E+38    1.70141E+38    1.70141E+38    1.70141E+38    1.70141E+38    1.70141E+38    1.70141E+38    1.70141E+38    1.70141E+38    1.70141E+38    1.70141E+38    

1.70141E+38    1.70141E+38    1.70141E+38    1.70141E+38    1.70141E+38    1.70141E+38    1.70141E+38    1.70141E+38    1.70141E+38    1.70141E+38    1.70141E+38    1.70141E+38    1.70141E+38    1.70141E+38    1.70141E+38    1.70141E+38    1.70141E+38    1.70141E+38    1.70141E+38    1.70141E+38    1.70141E+38    1.70141E+38    1.70141E+38    

