py_wake/examples/data/ParqueFicticio/Ridge area   Sector 8   Height 200m   Mean speed.grd
DSAA
23  33
 262878   265078
 6504214   6507414
 1.660337   10.82924
1.70141E+38    1.70141E+38    1.70141E+38    1.70141E+38    1.70141E+38    1.70141E+38    1.70141E+38    1.70141E+38    1.70141E+38    1.70141E+38    1.70141E+38    1.70141E+38    1.70141E+38    1.70141E+38    1.70141E+38    1.70141E+38    1.70141E+38    1.70141E+38    1.70141E+38    1.70141E+38    1.70141E+38    1.70141E+38    1.70141E+38    

1.70141E+38    1.70141E+38    1.70141E+38    1.70141E+38    1.70141E+38    1.70141E+38    1.70141E+38    1.70141E+38    1.70141E+38    1.70141E+38    1.70141E+38    1.70141E+38    1.70141E+38    1.70141E+38    1.70141E+38    1.70141E+38    1.70141E+38    1.70141E+38    1.70141E+38    1.70141E+38    1.70141E+38    1.70141E+38    1.70141E+38    

1.70141E+38    1.70141E+38    1.70141E+38    1.70141E+38    1.70141E+38    1.70141E+38    1.70141E+38    1.70141E+38    1.70141E+38    1.70141E+38    1.70141E+38    1.70141E+38    1.70141E+38    1.70141E+38    1.70141E+38    1.70141E+38    1.70141E+38    1.70141E+38    1.70141E+38    1.70141E+38    1.70141E+38    1.70141E+38    1.70141E+38    

1.70141E+38    1.70141E+38    1.70141E+38    1.70141E+38    1.70141E+38    1.70141E+38    1.70141E+38    1.70141E+38    1.70141E+38    1.70141E+38    1.70141E+38    1.70141E+38    1.70141E+38    1.70141E+38    1.70141E+38    1.70141E+38    1.70141E+38    1.70141E+38    1.70141E+38    1.70141E+38    1.70141E+38    1.70141E+38    1.70141E+38    

1.70141E+38    1.70141E+38    1.70141E+38    1.70141E+38    1.70141E+38    1.70141E+38    1.70141E+38    1.70141E+38    1.70141E+38    1.70141E+38    1.70141E+38    1.70141E+38    1.70141E+38    1.70141E+38    1.70141E+38    1.70141E+38    1.70141E+38    1.70141E+38    1.70141E+38    1.70141E+38    1.70141E+38    1.70141E+38    1.70141E+38    

7.34631        7.382134       7.48042        7.642152       7.868062       8.050266       8.217885       8.409339       8.582698       8.768512       8.93945        9.046163       9.066538       8.930701       8.678541       8.338261       8.012978       7.787035       7.855316       8.253204       1.70141E+38    1.70141E+38    1.70141E+38    

7.414167       7.461841       7.537098       7.67111        7.845431       8.078054       8.289506       8.519839       8.712343       8.887249       9.030387       9.105961       9.064672       8.839552       8.512037       8.172825       7.898594       7.806499       8.110152       8.574347       1.70141E+38    1.70141E+38    1.70141E+38    

7.437391       7.541811       7.648558       7.715302       7.787961       7.95963        8.145806       8.390821       8.639753       8.86314        9.038227       9.107121       9.025238       8.745823       8.369091       8.105278       7.902496       7.970307       8.404163       8.814491       1.70141E+38    1.70141E+38    1.70141E+38    

7.42643        7.553298       7.684569       7.771764       7.837229       7.976641       8.114138       8.310552       8.538724       8.788052       9.022452       9.126373       9.024833       8.739484       8.409749       8.204086       8.031382       8.188449       8.666541       9.011076       1.70141E+38    1.70141E+38    1.70141E+38    

7.420427       7.570125       7.735559       7.871846       7.986848       8.147251       8.384901       8.603867       8.762924       8.921674       9.0965         9.199424       9.137635       8.931141       8.649719       8.441613       8.299775       8.463994       8.886325       9.20127        1.70141E+38    1.70141E+38    1.70141E+38    

7.525644       7.639534       7.853097       8.077714       8.268457       8.45519        8.70728        8.925707       9.076583       9.181862       9.277737       9.34641        9.305112       9.153004       8.887707       8.654981       8.680137       8.906937       9.220059       9.452056       1.70141E+38    1.70141E+38    1.70141E+38    

7.750549       7.748918       7.940335       8.212453       8.451321       8.654932       8.870632       9.043913       9.188178       9.303618       9.399373       9.464355       9.438662       9.29835        9.070496       8.973494       9.218523       9.47176        9.663416       9.753007       1.70141E+38    1.70141E+38    1.70141E+38    

8.07303        7.960768       7.969976       8.157302       8.375273       8.554986       8.697077       8.910851       9.102984       9.27162        9.42283        9.530682       9.543031       9.435002       9.287156       9.366635       9.661131       9.908341       9.997844       9.997305       1.70141E+38    1.70141E+38    1.70141E+38    

8.423482       8.32999        8.177917       8.177663       8.199519       8.318755       8.4826         8.68384        8.915425       9.174103       9.42823        9.598935       9.649555       9.591429       9.549885       9.72048        9.941409       10.10839       10.14327       10.10693       1.70141E+38    1.70141E+38    1.70141E+38    

8.726487       8.705948       8.605881       8.582597       8.475221       8.44736        8.618834       8.864332       9.082428       9.307707       9.544982       9.715414       9.782441       9.778066       9.793322       9.9001         10.00632       10.11216       10.10869       10.05101       1.70141E+38    1.70141E+38    1.70141E+38    

8.985932       9.031654       9.012134       9.007512       8.970277       8.942388       9.021761       9.231311       9.410873       9.577478       9.723417       9.832181       9.889187       9.906254       9.907922       9.904586       9.874838       9.840103       9.846043       9.782058       1.70141E+38    1.70141E+38    1.70141E+38    

9.146668       9.204576       9.214947       9.220309       9.245873       9.284549       9.331276       9.409129       9.563098       9.671926       9.778955       9.867073       9.917493       9.936238       9.898982       9.777239       9.547938       9.352826       9.328991       9.305354       1.70141E+38    1.70141E+38    1.70141E+38    

9.121252       9.168584       9.177589       9.171439       9.23465        9.299793       9.339118       9.398685       9.516427       9.588372       9.693901       9.81309        9.887138       9.896564       9.818409       9.622903       9.306065       8.929804       8.731377       8.710208       1.70141E+38    1.70141E+38    1.70141E+38    

8.894775       8.902375       8.873967       8.875813       8.970453       9.066358       9.107888       9.151129       9.252242       9.33266        9.523105       9.74417        9.832283       9.810555       9.677625       9.433731       9.12128        8.705893       8.240623       8.059568       1.70141E+38    1.70141E+38    1.70141E+38    

8.532589       8.495689       8.504144       8.586351       8.696271       8.802159       8.81247        8.82997        8.946484       9.253119       9.536008       9.740211       9.768525       9.679409       9.49624        9.243079       8.945335       8.553935       8.105698       7.738336       1.70141E+38    1.70141E+38    1.70141E+38    

8.373174       8.463541       8.607223       8.745885       8.823253       8.856518       8.890623       8.950845       9.117313       9.456572       9.682008       9.759962       9.707392       9.489255       9.221011       9.014976       8.824165       8.601522       8.317764       8.023511       1.70141E+38    1.70141E+38    1.70141E+38    

8.634708       8.761321       8.844218       8.915386       8.947043       8.987405       9.055089       9.224733       9.430176       9.665105       9.758459       9.742929       9.62655        9.354794       8.974867       8.651805       8.492594       8.430436       8.344561       8.118418       1.70141E+38    1.70141E+38    1.70141E+38    

8.760429       8.820298       8.824498       8.811194       8.834876       8.935748       9.135952       9.424711       9.630619       9.709884       9.731454       9.630362       9.484047       9.272131       8.965417       8.571746       7.896609       7.658097       7.873151       7.866663       1.70141E+38    1.70141E+38    1.70141E+38    

8.65333        8.653768       8.637186       8.665378       8.806605       9.044282       9.349138       9.587884       9.688514       9.676037       9.595777       9.384702       9.220374       9.088498       8.90533        8.714827       8.165584       1.660337       9.384989       8.713863       1.70141E+38    1.70141E+38    1.70141E+38    

8.407756       8.475044       8.601148       8.831375       9.091496       9.354403       9.559252       9.655845       9.644258       9.534739       9.378428       9.072668       8.844655       8.703752       8.543901       8.595631       8.513145       7.719695       3.7104         10.82924       1.70141E+38    1.70141E+38    1.70141E+38    

1.70141E+38    1.70141E+38    1.70141E+38    1.70141E+38    1.70141E+38    1.70141E+38    1.70141E+38    1.70141E+38    1.70141E+38    1.70141E+38    1.70141E+38    1.70141E+38    1.70141E+38    1.70141E+38    1.70141E+38    1.70141E+38    1.70141E+38    1.70141E+38    1.70141E+38    1.70141E+38    1.70141E+38    1.70141E+38    1.70141E+38    

1.70141E+38    1.70141E+38    1.70141E+38    1.70141E+38    1.70141E+38    1.70141E+38    1.70141E+38    1.70141E+38    1.70141E+38    1.70141E+38    1.70141E+38    1.70141E+38    1.70141E+38    1.70141E+38    1.70141E+38    1.70141E+38    1.70141E+38    1.70141E+38    1.70141E+38    1.70141E+38    1.70141E+38    1.70141E+38    1.70141E+38    

1.70141E+38    1.70141E+38    1.70141E+38    1.70141E+38    1.70141E+38    1.70141E+38    1.70141E+38    1.70141E+38    1.70141E+38    1.70141E+38    1.70141E+38    1.70141E+38    1.70141E+38    1.70141E+38    1.70141E+38    1.70141E+38    1.70141E+38    1.70141E+38    1.70141E+38    1.70141E+38    1.70141E+38    1.70141E+38    1.70141E+38    

1.70141E+38    1.70141E+38    1.70141E+38    1.70141E+38    1.70141E+38    1.70141E+38    1.70141E+38    1.70141E+38    1.70141E+38    1.70141E+38    1.70141E+38    1.70141E+38    1.70141E+38    1.70141E+38    1.70141E+38    1.70141E+38    1.70141E+38    1.70141E+38    1.70141E+38    1.70141E+38    1.70141E+38    1.70141E+38    1.70141E+38    

1.70141E+38    1.70141E+38    1.70141E+38    1.70141E+38    1.70141E+38    1.70141E+38    1.70141E+38    1.70141E+38    1.70141E+38    1.70141E+38    1.70141E+38    1.70141E+38    1.70141E+38    1.70141E+38    1.70141E+38    1.70141E+38    1.70141E+38    1.70141E+38    1.70141E+38    1.70141E+38    1.70141E+38    1.70141E+38    1.70141E+38    

1.70141E+38    1.70141E+38    1.70141E+38    1.70141E+38    1.70141E+38    1.70141E+38    1.70141E+38    1.70141E+38    1.70141E+38    1.70141E+38    1.70141E+38    1.70141E+38    1.70141E+38    1.70141E+38    1.70141E+38    1.70141E+38    1.70141E+38    1.70141E+38    1.70141E+38    1.70141E+38    1.70141E+38    1.70141E+38    1.70141E+38    

1.70141E+38    1.70141E+38    1.70141E+38    1.70141E+38    1.70141E+38    1.70141E+38    1.70141E+38    1.70141E+38    1.70141E+38    1.70141E+38    1.70141E+38    1.70141E+38    1.70141E+38    1.70141E+38    1.70141E+38    1.70141E+38    1.70141E+38    1.70141E+38    1.70141E+38    1.70141E+38    1.70141E+38    1.70141E+38    1.70141E+38    

1.70141E+38    1.70141E+38    1.70141E+38    1.70141E+38    1.70141E+38    1.70141E+38    1.70141E+38    1.70141E+38    1.70141E+38    1.70141E+38    1.70141E+38    1.70141E+38    1.70141E+38    1.70141E+38    1.70141E+38    1.70141E+38    1.70141E+38    1.70141E+38    1.70141E+38    1.70141E+38    1.70141E+38    1.70141E+38    1.70141E+38    

