py_wake/examples/data/ParqueFicticio/Ridge area   Sector 9   Height 200m   Weibull-A.grd
DSAA
23  33
 262878   265078
 6504214   6507414
 1.614707   13.35261
1.70141E+38    1.70141E+38    1.70141E+38    1.70141E+38    1.70141E+38    1.70141E+38    1.70141E+38    1.70141E+38    1.70141E+38    1.70141E+38    1.70141E+38    1.70141E+38    1.70141E+38    1.70141E+38    1.70141E+38    1.70141E+38    1.70141E+38    1.70141E+38    1.70141E+38    1.70141E+38    1.70141E+38    1.70141E+38    1.70141E+38    

1.70141E+38    1.70141E+38    1.70141E+38    1.70141E+38    1.70141E+38    1.70141E+38    1.70141E+38    1.70141E+38    1.70141E+38    1.70141E+38    1.70141E+38    1.70141E+38    1.70141E+38    1.70141E+38    1.70141E+38    1.70141E+38    1.70141E+38    1.70141E+38    1.70141E+38    1.70141E+38    1.70141E+38    1.70141E+38    1.70141E+38    

1.70141E+38    1.70141E+38    1.70141E+38    1.70141E+38    1.70141E+38    1.70141E+38    1.70141E+38    1.70141E+38    1.70141E+38    1.70141E+38    1.70141E+38    1.70141E+38    1.70141E+38    1.70141E+38    1.70141E+38    1.70141E+38    1.70141E+38    1.70141E+38    1.70141E+38    1.70141E+38    1.70141E+38    1.70141E+38    1.70141E+38    

1.70141E+38    1.70141E+38    1.70141E+38    1.70141E+38    1.70141E+38    1.70141E+38    1.70141E+38    1.70141E+38    1.70141E+38    1.70141E+38    1.70141E+38    1.70141E+38    1.70141E+38    1.70141E+38    1.70141E+38    1.70141E+38    1.70141E+38    1.70141E+38    1.70141E+38    1.70141E+38    1.70141E+38    1.70141E+38    1.70141E+38    

1.70141E+38    1.70141E+38    1.70141E+38    1.70141E+38    1.70141E+38    1.70141E+38    1.70141E+38    1.70141E+38    1.70141E+38    1.70141E+38    1.70141E+38    1.70141E+38    1.70141E+38    1.70141E+38    1.70141E+38    1.70141E+38    1.70141E+38    1.70141E+38    1.70141E+38    1.70141E+38    1.70141E+38    1.70141E+38    1.70141E+38    

9.582504       9.630514       9.751148       9.967173       10.23793       10.54078       10.84801       11.21363       11.59155       12.00573       12.3625        12.58982       12.64701       12.49913       12.15757       11.76369       11.37014       11.01366       11.00463       11.42132       1.70141E+38    1.70141E+38    1.70141E+38    

9.621813       9.692047       9.797672       9.977034       10.22999       10.53344       10.89658       11.31061       11.72801       12.12498       12.45272       12.63419       12.62227       12.36512       11.928         11.52008       11.18236       11.00182       11.30437       11.81849       1.70141E+38    1.70141E+38    1.70141E+38    

9.627913       9.765287       9.928988       10.04567       10.17956       10.41159       10.74943       11.19497       11.68165       12.13066       12.47392       12.63299       12.5692        12.23513       11.76763       11.39383       11.15098       11.22243       11.64283       12.09799       1.70141E+38    1.70141E+38    1.70141E+38    

9.618799       9.766278       9.953234       10.1026        10.24021       10.44467       10.73734       11.14542       11.61177       12.08664       12.47673       12.64016       12.54457       12.18082       11.75014       11.43346       11.23716       11.43579       11.92076       12.2888        1.70141E+38    1.70141E+38    1.70141E+38    

9.638151       9.777463       9.978236       10.17366       10.35882       10.62846       10.98246       11.41047       11.80637       12.18636       12.52684       12.68519       12.60913       12.31131       11.91226       11.56547       11.38119       11.63728       12.0989        12.42321       1.70141E+38    1.70141E+38    1.70141E+38    

9.806804       9.858985       10.07428       10.35466       10.61809       10.9028        11.25734       11.67439       12.04576       12.35522       12.62234       12.76533       12.71489       12.47254       12.0689        11.684         11.62214       11.94393       12.30725       12.54784       1.70141E+38    1.70141E+38    1.70141E+38    

10.11049       10.02254       10.16672       10.48251       10.79829       11.10034       11.40159       11.75949       12.10773       12.41724       12.67741       12.82726       12.80023       12.56701       12.17693       11.90962       12.0786        12.35713       12.57102       12.66072       1.70141E+38    1.70141E+38    1.70141E+38    

10.46817       10.30649       10.23699       10.45052       10.73483       11.00822       11.27378       11.61491       11.99665       12.36056       12.68152       12.87029       12.87313       12.66418       12.33124       12.23013       12.46259       12.66183       12.74599       12.71675       1.70141E+38    1.70141E+38    1.70141E+38    

10.77685       10.66266       10.44836       10.49213       10.55938       10.76809       11.06146       11.38182       11.79354       12.24864       12.67175       12.91261       12.94617       12.77437       12.53141       12.52862       12.67284       12.77028       12.7796        12.68698       1.70141E+38    1.70141E+38    1.70141E+38    

11.0033        10.96857       10.81007       10.81908       10.75935       10.82728       11.14749       11.52053       11.92108       12.33031       12.7315        12.9622        13.00076       12.88336       12.71736       12.67404       12.6888        12.70622       12.66472       12.54221       1.70141E+38    1.70141E+38    1.70141E+38    

11.18669       11.22362       11.16652       11.17528       11.18432       11.24246       11.50009       11.82881       12.18721       12.51732       12.80767       12.98463       13.0184        12.92912       12.77284       12.62712       12.49753       12.42655       12.35675       12.22371       1.70141E+38    1.70141E+38    1.70141E+38    

11.33871       11.40052       11.3764        11.37715       11.46733       11.61672       11.82953       12.05658       12.3075        12.55982       12.78926       12.94295       12.97498       12.89693       12.71349       12.43512       12.08817       11.85304       11.78078       11.71455       1.70141E+38    1.70141E+38    1.70141E+38    

11.36659       11.41048       11.36428       11.33556       11.4808        11.66397       11.87524       12.07271       12.25919       12.45368       12.67114       12.85194       12.89465       12.8063        12.59129       12.24301       11.80982       11.32289       10.92286       10.86029       1.70141E+38    1.70141E+38    1.70141E+38    

11.24208       11.21729       11.09743       11.06603       11.2491        11.47979       11.68434       11.82983       11.9804        12.18549       12.50835       12.77547       12.8073        12.67508       12.39434       11.99207       11.54301       10.74877       9.296821       8.755109       1.70141E+38    1.70141E+38    1.70141E+38    

10.9277        10.87474       10.84517       10.88043       11.04325       11.2776        11.40887       11.51487       11.74511       12.17097       12.57308       12.77367       12.7174        12.49059       12.14429       11.69771       10.96213       8.88722        7.222375       6.262181       1.70141E+38    1.70141E+38    1.70141E+38    

10.77149       10.87625       11.04508       11.2139        11.32799       11.43737       11.57952       11.77371       12.12247       12.60112       12.88394       12.88811       12.67832       12.22414       11.70469       11.11638       9.343535       7.111564       5.937034       5.332019       1.70141E+38    1.70141E+38    1.70141E+38    

11.07392       11.24865       11.36182       11.47717       11.55557       11.68365       11.88816       12.25683       12.67659       13.01193       13.11079       13.0008        12.72451       12.23351       11.37259       8.249568       4.982383       3.871117       3.699585       3.818321       1.70141E+38    1.70141E+38    1.70141E+38    

11.23578       11.3528        11.3858        11.40157       11.48405       11.72384       12.13962       12.68191       13.07127       13.25166       13.23537       13.03473       12.72076       12.3312        11.71211       8.059258       1.880531       1.838517       9.003325       1.614707       1.70141E+38    1.70141E+38    1.70141E+38    

11.17746       11.21751       11.21294       11.28718       11.54016       11.98178       12.5661        13.04803       13.29265       13.34471       13.22943       12.93505       12.59672       12.29649       11.90667       10.37488       5.016193       12.23518       10.63547       9.87443        1.70141E+38    1.70141E+38    1.70141E+38    

10.96195       11.0564        11.21813       11.54693       11.98671       12.48334       12.93089       13.23361       13.35261       13.2912        13.06187       12.68708       12.34875       12.09498       11.75787       10.92048       8.366475       3.960881       8.995518       12.27152       1.70141E+38    1.70141E+38    1.70141E+38    

1.70141E+38    1.70141E+38    1.70141E+38    1.70141E+38    1.70141E+38    1.70141E+38    1.70141E+38    1.70141E+38    1.70141E+38    1.70141E+38    1.70141E+38    1.70141E+38    1.70141E+38    1.70141E+38    1.70141E+38    1.70141E+38    1.70141E+38    1.70141E+38    1.70141E+38    1.70141E+38    1.70141E+38    1.70141E+38    1.70141E+38    

1.70141E+38    1.70141E+38    1.70141E+38    1.70141E+38    1.70141E+38    1.70141E+38    1.70141E+38    1.70141E+38    1.70141E+38    1.70141E+38    1.70141E+38    1.70141E+38    1.70141E+38    1.70141E+38    1.70141E+38    1.70141E+38    1.70141E+38    1.70141E+38    1.70141E+38    1.70141E+38    1.70141E+38    1.70141E+38    1.70141E+38    

1.70141E+38    1.70141E+38    1.70141E+38    1.70141E+38    1.70141E+38    1.70141E+38    1.70141E+38    1.70141E+38    1.70141E+38    1.70141E+38    1.70141E+38    1.70141E+38    1.70141E+38    1.70141E+38    1.70141E+38    1.70141E+38    1.70141E+38    1.70141E+38    1.70141E+38    1.70141E+38    1.70141E+38    1.70141E+38    1.70141E+38    

1.70141E+38    1.70141E+38    1.70141E+38    1.70141E+38    1.70141E+38    1.70141E+38    1.70141E+38    1.70141E+38    1.70141E+38    1.70141E+38    1.70141E+38    1.70141E+38    1.70141E+38    1.70141E+38    1.70141E+38    1.70141E+38    1.70141E+38    1.70141E+38    1.70141E+38    1.70141E+38    1.70141E+38    1.70141E+38    1.70141E+38    

1.70141E+38    1.70141E+38    1.70141E+38    1.70141E+38    1.70141E+38    1.70141E+38    1.70141E+38    1.70141E+38    1.70141E+38    1.70141E+38    1.70141E+38    1.70141E+38    1.70141E+38    1.70141E+38    1.70141E+38    1.70141E+38    1.70141E+38    1.70141E+38    1.70141E+38    1.70141E+38    1.70141E+38    1.70141E+38    1.70141E+38    

1.70141E+38    1.70141E+38    1.70141E+38    1.70141E+38    1.70141E+38    1.70141E+38    1.70141E+38    1.70141E+38    1.70141E+38    1.70141E+38    1.70141E+38    1.70141E+38    1.70141E+38    1.70141E+38    1.70141E+38    1.70141E+38    1.70141E+38    1.70141E+38    1.70141E+38    1.70141E+38    1.70141E+38    1.70141E+38    1.70141E+38    

1.70141E+38    1.70141E+38    1.70141E+38    1.70141E+38    1.70141E+38    1.70141E+38    1.70141E+38    1.70141E+38    1.70141E+38    1.70141E+38    1.70141E+38    1.70141E+38    1.70141E+38    1.70141E+38    1.70141E+38    1.70141E+38    1.70141E+38    1.70141E+38    1.70141E+38    1.70141E+38    1.70141E+38    1.70141E+38    1.70141E+38    

1.70141E+38    1.70141E+38    1.70141E+38    1.70141E+38    1.70141E+38    1.70141E+38    1.70141E+38    1.70141E+38    1.70141E+38    1.70141E+38    1.70141E+38    1.70141E+38    1.70141E+38    1.70141E+38    1.70141E+38    1.70141E+38    1.70141E+38    1.70141E+38    1.70141E+38    1.70141E+38    1.70141E+38    1.70141E+38    1.70141E+38    

