py_wake/examples/data/ParqueFicticio/Ridge area   Sector 10   Height 30m   Mean speed.grd
DSAA
23  33
 262878   265078
 6504214   6507414
 .474058   10.56788
1.70141E+38    1.70141E+38    1.70141E+38    1.70141E+38    1.70141E+38    1.70141E+38    1.70141E+38    1.70141E+38    1.70141E+38    1.70141E+38    1.70141E+38    1.70141E+38    1.70141E+38    1.70141E+38    1.70141E+38    1.70141E+38    1.70141E+38    1.70141E+38    1.70141E+38    1.70141E+38    1.70141E+38    1.70141E+38    1.70141E+38    

1.70141E+38    1.70141E+38    1.70141E+38    1.70141E+38    1.70141E+38    1.70141E+38    1.70141E+38    1.70141E+38    1.70141E+38    1.70141E+38    1.70141E+38    1.70141E+38    1.70141E+38    1.70141E+38    1.70141E+38    1.70141E+38    1.70141E+38    1.70141E+38    1.70141E+38    1.70141E+38    1.70141E+38    1.70141E+38    1.70141E+38    

1.70141E+38    1.70141E+38    1.70141E+38    1.70141E+38    1.70141E+38    1.70141E+38    1.70141E+38    1.70141E+38    1.70141E+38    1.70141E+38    1.70141E+38    1.70141E+38    1.70141E+38    1.70141E+38    1.70141E+38    1.70141E+38    1.70141E+38    1.70141E+38    1.70141E+38    1.70141E+38    1.70141E+38    1.70141E+38    1.70141E+38    

1.70141E+38    1.70141E+38    1.70141E+38    1.70141E+38    1.70141E+38    1.70141E+38    1.70141E+38    1.70141E+38    1.70141E+38    1.70141E+38    1.70141E+38    1.70141E+38    1.70141E+38    1.70141E+38    1.70141E+38    1.70141E+38    1.70141E+38    1.70141E+38    1.70141E+38    1.70141E+38    1.70141E+38    1.70141E+38    1.70141E+38    

1.70141E+38    1.70141E+38    1.70141E+38    1.70141E+38    1.70141E+38    1.70141E+38    1.70141E+38    1.70141E+38    1.70141E+38    1.70141E+38    1.70141E+38    1.70141E+38    1.70141E+38    1.70141E+38    1.70141E+38    1.70141E+38    1.70141E+38    1.70141E+38    1.70141E+38    1.70141E+38    1.70141E+38    1.70141E+38    1.70141E+38    

5.279212       5.304493       5.40853        5.770461       6.229095       6.817214       7.175552       7.754232       8.081866       8.743709       9.446469       9.499285       9.190298       7.167766       1.082337       1.214734       1.184063       1.076286       1.5875         2.895216       1.70141E+38    1.70141E+38    1.70141E+38    

5.331752       5.409509       5.456051       5.63497        5.99475        6.392852       6.915117       7.619493       8.305199       8.974052       9.771693       9.753716       8.721588       2.932027       1.099627       1.403979       1.331638       1.236855       2.082594       3.799196       1.70141E+38    1.70141E+38    1.70141E+38    

5.123651       5.441216       5.862442       5.89975        5.871425       6.067985       6.415369       7.016449       7.814759       8.694405       9.743146       9.63996        6.407674       1.234478       .7535732       1.864035       1.444905       1.62576        2.66468        3.693424       1.70141E+38    1.70141E+38    1.70141E+38    

4.903346       5.206964       5.744049       5.998183       5.980419       6.179943       6.43253        6.850657       7.318862       7.987852       9.261977       9.601863       4.049725       1.122757       .7791862       .8153453       1.247224       1.768317       2.47241        3.7229         1.70141E+38    1.70141E+38    1.70141E+38    

4.734991       4.948255       5.478099       5.915739       6.017039       6.346959       6.782593       7.603496       7.936498       8.170063       9.011277       9.689227       6.892958       1.711767       .683887        .6001093       1.98367        2.184677       2.794121       4.131818       1.70141E+38    1.70141E+38    1.70141E+38    

5.024667       4.60225        5.171804       5.89214        6.303239       6.621023       7.030889       7.966894       8.823394       9.076179       9.439948       10.00623       8.645107       3.573165       .9694672       1.520971       1.833577       2.688817       3.924663       5.365619       1.70141E+38    1.70141E+38    1.70141E+38    

5.768673       4.241121       4.471874       5.456655       6.314173       6.951548       7.21373        7.941341       8.77798        9.353674       9.9026         10.38729       9.293698       4.902927       1.279782       1.526594       3.266129       5.194604       6.292572       6.578836       1.70141E+38    1.70141E+38    1.70141E+38    

6.75062        4.271195       1.978233       3.462443       5.044556       6.13145        6.551629       7.101402       8.077113       8.886162       9.782265       10.56788       9.593526       4.508166       1.766437       1.789924       4.511582       7.139684       7.883612       7.563553       1.70141E+38    1.70141E+38    1.70141E+38    

7.480273       5.686828       1.025433       1.409912       1.709387       3.875964       5.415658       5.947145       6.743661       7.678502       9.050464       10.39106       9.439144       3.654368       1.340033       1.957159       4.964925       7.012412       7.686318       7.177087       1.70141E+38    1.70141E+38    1.70141E+38    

7.881907       6.708298       3.118655       3.324364       2.331363       2.822704       4.73429        5.717574       6.593011       7.291424       8.487316       10.0488        9.506873       5.631327       1.891904       2.200277       3.688352       5.170043       5.962439       5.807429       1.70141E+38    1.70141E+38    1.70141E+38    

7.930943       7.601045       6.093418       5.747334       4.924403       4.218639       4.984588       5.973568       7.069378       7.872111       8.904316       9.913815       9.795778       8.367183       5.40362        3.103433       2.493467       3.206938       3.829037       3.754369       1.70141E+38    1.70141E+38    1.70141E+38    

7.904491       8.034616       7.149592       6.606188       6.642385       6.529848       6.689583       6.960173       7.630549       8.242635       9.048135       9.951281       9.718258       9.031328       6.108069       2.043373       1.36292        1.047768       1.477444       1.756496       1.70141E+38    1.70141E+38    1.70141E+38    

7.652228       7.926084       7.107653       6.121094       6.75694        6.997781       7.25417        7.45773        7.850018       8.025208       8.402133       9.459571       9.796129       9.013538       5.323497       2.520591       1.403093       1.102922       1.944306       1.177512       1.70141E+38    1.70141E+38    1.70141E+38    

7.297918       7.287588       6.281577       5.338431       5.99068        6.562168       6.924399       6.95429        7.080747       6.907651       7.44911        9.288278       9.833138       8.630326       3.333054       4.002578       1.189722       .834028        .474058        .6148114       1.70141E+38    1.70141E+38    1.70141E+38    

6.579416       6.226218       5.606987       5.147099       5.144549       5.714898       5.651611       5.368062       5.414689       6.638332       7.861864       9.689544       9.514472       7.037156       2.646735       2.52741        2.193954       1.163848       .5971677       .5463737       1.70141E+38    1.70141E+38    1.70141E+38    

6.086827       6.167027       6.423872       6.751883       6.698148       6.657027       6.685841       6.510799       6.531765       7.675904       9.088799       9.985685       9.293968       4.722          3.575671       3.305233       2.196718       2.561841       2.821982       2.88657        1.70141E+38    1.70141E+38    1.70141E+38    

6.504448       7.032485       7.105571       7.338594       7.130571       7.152953       7.009478       7.429997       7.713783       8.525188       9.57335        9.918101       9.058799       4.424276       2.871603       2.205677       2.248054       2.609052       3.114453       3.321552       1.70141E+38    1.70141E+38    1.70141E+38    

6.804129       7.239458       7.024373       6.713879       6.429241       6.466477       6.651334       7.662498       8.834752       9.379795       9.613838       9.337026       9.051555       6.589116       3.617378       2.495161       1.96977        2.051009       2.70878        3.359797       1.70141E+38    1.70141E+38    1.70141E+38    

6.570729       6.690779       6.333256       6.101188       6.263282       6.553533       7.200678       8.254923       9.26652        9.691118       9.285412       8.127514       8.013596       7.836632       6.465656       5.861325       4.712245       3.06135        1.264637       2.08099        1.70141E+38    1.70141E+38    1.70141E+38    

5.759941       6.005772       6.00929        6.41653        6.888149       7.455031       8.404292       9.023831       9.271294       9.341677       8.970551       7.123486       6.654797       6.914198       6.090108       7.079117       2.190017       1.651529       4.065401       3.175631       1.70141E+38    1.70141E+38    1.70141E+38    

1.70141E+38    1.70141E+38    1.70141E+38    1.70141E+38    1.70141E+38    1.70141E+38    1.70141E+38    1.70141E+38    1.70141E+38    1.70141E+38    1.70141E+38    1.70141E+38    1.70141E+38    1.70141E+38    1.70141E+38    1.70141E+38    1.70141E+38    1.70141E+38    1.70141E+38    1.70141E+38    1.70141E+38    1.70141E+38    1.70141E+38    

1.70141E+38    1.70141E+38    1.70141E+38    1.70141E+38    1.70141E+38    1.70141E+38    1.70141E+38    1.70141E+38    1.70141E+38    1.70141E+38    1.70141E+38    1.70141E+38    1.70141E+38    1.70141E+38    1.70141E+38    1.70141E+38    1.70141E+38    1.70141E+38    1.70141E+38    1.70141E+38    1.70141E+38    1.70141E+38    1.70141E+38    

1.70141E+38    1.70141E+38    1.70141E+38    1.70141E+38    1.70141E+38    1.70141E+38    1.70141E+38    1.70141E+38    1.70141E+38    1.70141E+38    1.70141E+38    1.70141E+38    1.70141E+38    1.70141E+38    1.70141E+38    1.70141E+38    1.70141E+38    1.70141E+38    1.70141E+38    1.70141E+38    1.70141E+38    1.70141E+38    1.70141E+38    

1.70141E+38    1.70141E+38    1.70141E+38    1.70141E+38    1.70141E+38    1.70141E+38    1.70141E+38    1.70141E+38    1.70141E+38    1.70141E+38    1.70141E+38    1.70141E+38    1.70141E+38    1.70141E+38    1.70141E+38    1.70141E+38    1.70141E+38    1.70141E+38    1.70141E+38    1.70141E+38    1.70141E+38    1.70141E+38    1.70141E+38    

1.70141E+38    1.70141E+38    1.70141E+38    1.70141E+38    1.70141E+38    1.70141E+38    1.70141E+38    1.70141E+38    1.70141E+38    1.70141E+38    1.70141E+38    1.70141E+38    1.70141E+38    1.70141E+38    1.70141E+38    1.70141E+38    1.70141E+38    1.70141E+38    1.70141E+38    1.70141E+38    1.70141E+38    1.70141E+38    1.70141E+38    

1.70141E+38    1.70141E+38    1.70141E+38    1.70141E+38    1.70141E+38    1.70141E+38    1.70141E+38    1.70141E+38    1.70141E+38    1.70141E+38    1.70141E+38    1.70141E+38    1.70141E+38    1.70141E+38    1.70141E+38    1.70141E+38    1.70141E+38    1.70141E+38    1.70141E+38    1.70141E+38    1.70141E+38    1.70141E+38    1.70141E+38    

1.70141E+38    1.70141E+38    1.70141E+38    1.70141E+38    1.70141E+38    1.70141E+38    1.70141E+38    1.70141E+38    1.70141E+38    1.70141E+38    1.70141E+38    1.70141E+38    1.70141E+38    1.70141E+38    1.70141E+38    1.70141E+38    1.70141E+38    1.70141E+38    1.70141E+38    1.70141E+38    1.70141E+38    1.70141E+38    1.70141E+38    

1.70141E+38    1.70141E+38    1.70141E+38    1.70141E+38    1.70141E+38    1.70141E+38    1.70141E+38    1.70141E+38    1.70141E+38    1.70141E+38    1.70141E+38    1.70141E+38    1.70141E+38    1.70141E+38    1.70141E+38    1.70141E+38    1.70141E+38    1.70141E+38    1.70141E+38    1.70141E+38    1.70141E+38    1.70141E+38    1.70141E+38    

