py_wake/examples/data/ParqueFicticio/Ridge area   Sector 11   Height 200m   Mean speed.grd
DSAA
23  33
 262878   265078
 6504214   6507414
 3.977484   11.5069
1.70141E+38    1.70141E+38    1.70141E+38    1.70141E+38    1.70141E+38    1.70141E+38    1.70141E+38    1.70141E+38    1.70141E+38    1.70141E+38    1.70141E+38    1.70141E+38    1.70141E+38    1.70141E+38    1.70141E+38    1.70141E+38    1.70141E+38    1.70141E+38    1.70141E+38    1.70141E+38    1.70141E+38    1.70141E+38    1.70141E+38    

1.70141E+38    1.70141E+38    1.70141E+38    1.70141E+38    1.70141E+38    1.70141E+38    1.70141E+38    1.70141E+38    1.70141E+38    1.70141E+38    1.70141E+38    1.70141E+38    1.70141E+38    1.70141E+38    1.70141E+38    1.70141E+38    1.70141E+38    1.70141E+38    1.70141E+38    1.70141E+38    1.70141E+38    1.70141E+38    1.70141E+38    

1.70141E+38    1.70141E+38    1.70141E+38    1.70141E+38    1.70141E+38    1.70141E+38    1.70141E+38    1.70141E+38    1.70141E+38    1.70141E+38    1.70141E+38    1.70141E+38    1.70141E+38    1.70141E+38    1.70141E+38    1.70141E+38    1.70141E+38    1.70141E+38    1.70141E+38    1.70141E+38    1.70141E+38    1.70141E+38    1.70141E+38    

1.70141E+38    1.70141E+38    1.70141E+38    1.70141E+38    1.70141E+38    1.70141E+38    1.70141E+38    1.70141E+38    1.70141E+38    1.70141E+38    1.70141E+38    1.70141E+38    1.70141E+38    1.70141E+38    1.70141E+38    1.70141E+38    1.70141E+38    1.70141E+38    1.70141E+38    1.70141E+38    1.70141E+38    1.70141E+38    1.70141E+38    

1.70141E+38    1.70141E+38    1.70141E+38    1.70141E+38    1.70141E+38    1.70141E+38    1.70141E+38    1.70141E+38    1.70141E+38    1.70141E+38    1.70141E+38    1.70141E+38    1.70141E+38    1.70141E+38    1.70141E+38    1.70141E+38    1.70141E+38    1.70141E+38    1.70141E+38    1.70141E+38    1.70141E+38    1.70141E+38    1.70141E+38    

9.427355       9.552624       9.719603       9.939856       10.18574       10.42754       10.63055       10.80111       10.91187       10.94391       10.89858       10.7939        10.64064       10.39612       9.971073       9.052366       5.838105       3.977484       4.649022       6.657849       1.70141E+38    1.70141E+38    1.70141E+38    

9.397783       9.503607       9.615589       9.77386        9.997295       10.25263       10.51522       10.75012       10.92214       11.0107        11.00249       10.90639       10.71288       10.37845       9.847799       7.81683        4.969668       4.715017       6.736277       8.747821       1.70141E+38    1.70141E+38    1.70141E+38    

9.319669       9.464278       9.610242       9.706499       9.817161       9.996828       10.23492       10.51607       10.77645       10.94919       11.02894       10.96299       10.74524       10.35195       9.770101       7.785784       5.99004        6.802555       8.932518       9.717134       1.70141E+38    1.70141E+38    1.70141E+38    

9.205004       9.347575       9.537781       9.688848       9.811954       9.966241       10.15472       10.37094       10.59372       10.84251       11.01533       11.00486       10.78397       10.37281       9.871578       9.107325       8.046893       8.759117       9.750875       9.99106        1.70141E+38    1.70141E+38    1.70141E+38    

9.116458       9.220621       9.437343       9.648768       9.835679       10.06464       10.32345       10.57246       10.74345       10.91717       11.06544       11.07446       10.89346       10.55611       10.14043       9.656409       9.184975       9.478653       9.976267       10.15262       1.70141E+38    1.70141E+38    1.70141E+38    

9.198601       9.145035       9.342366       9.623044       9.87617        10.13315       10.43046       10.73246       10.95191       11.11305       11.21525       11.20728       11.05163       10.76904       10.36405       9.912085       9.790526       10.00612       10.19688       10.29541       1.70141E+38    1.70141E+38    1.70141E+38    

9.468096       9.20215        9.251745       9.523914       9.811798       10.10316       10.38626       10.71095       10.9906        11.20069       11.32759       11.33365       11.19897       10.91124       10.50544       10.18462       10.27771       10.43073       10.50018       10.49017       1.70141E+38    1.70141E+38    1.70141E+38    

9.819164       9.480045       9.258677       9.346319       9.582016       9.856301       10.13722       10.48348       10.84944       11.15213       11.35666       11.41148       11.30385       11.02394       10.64039       10.46321       10.61897       10.72483       10.74056       10.68096       1.70141E+38    1.70141E+38    1.70141E+38    

10.07555       9.830377       9.492327       9.39702        9.396607       9.596969       9.8989         10.18644       10.57617       10.99032       11.31624       11.4372        11.36996       11.12237       10.8041        10.70327       10.76378       10.81695       10.82576       10.77899       1.70141E+38    1.70141E+38    1.70141E+38    

10.2061        10.07539       9.829483       9.739426       9.627354       9.670457       9.957234       10.24834       10.58691       10.94255       11.28051       11.44871       11.42969       11.24057       10.97165       10.81277       10.7404        10.73286       10.73934       10.72898       1.70141E+38    1.70141E+38    1.70141E+38    

10.25565       10.22822       10.10119       10.04356       10.00465       9.993763       10.17017       10.42946       10.73121       11.03027       11.30421       11.46907       11.48326       11.34417       11.08833       10.8204        10.58782       10.48157       10.46746       10.47098       1.70141E+38    1.70141E+38    1.70141E+38    

10.21588       10.25926       10.20731       10.1683        10.19145       10.24198       10.37306       10.53601       10.76708       11.02895       11.28977       11.46858       11.5069        11.39313       11.14138       10.77585       10.34299       10.05664       10.0047        10.04138       1.70141E+38    1.70141E+38    1.70141E+38    

10.04906       10.14662       10.11637       10.05879       10.12259       10.22206       10.34134       10.48359       10.67807       10.90936       11.18565       11.41099       11.47741       11.39371       11.16944       10.80248       10.3591        9.90843        9.651386       9.659476       1.70141E+38    1.70141E+38    1.70141E+38    

9.790614       9.884524       9.830974       9.753192       9.844183       9.973836       10.10075       10.22836       10.406         10.63185       10.97978       11.29434       11.4015        11.35155       11.15178       10.82306       10.44411       10.02322       9.581734       9.303288       1.70141E+38    1.70141E+38    1.70141E+38    

9.47459        9.537557       9.548689       9.529171       9.579452       9.730171       9.825328       9.928607       10.14952       10.51378       10.90111       11.20474       11.31245       11.26989       11.10372       10.83282       10.51785       10.16437       9.815445       9.108173       1.70141E+38    1.70141E+38    1.70141E+38    

9.359602       9.511908       9.654117       9.76049        9.81574        9.877797       9.971951       10.07848       10.27787       10.63125       10.9693        11.1858        11.26522       11.17629       10.97682       10.78757       10.60084       10.38754       10.13606       9.629969       1.70141E+38    1.70141E+38    1.70141E+38    

9.497913       9.681467       9.799961       9.897243       9.952176       10.02663       10.12715       10.29625       10.49588       10.75842       11.00703       11.18478       11.26242       11.18393       10.93103       10.6964        10.54687       10.4246        10.27174       9.93201        1.70141E+38    1.70141E+38    1.70141E+38    

9.499513       9.649507       9.721775       9.765485       9.822582       9.927432       10.09971       10.37145       10.62334       10.82056       10.98971       11.13054       11.22816       11.2205        11.07733       10.83156       10.55088       10.32399       7.874954       9.990623       1.70141E+38    1.70141E+38    1.70141E+38    

9.326859       9.437824       9.504403       9.585682       9.720387       9.900297       10.1464        10.4166        10.64018       10.81026       10.90981       10.97369       11.07513       11.13986       11.10354       10.99436       10.7787        10.42955       10.10845       9.872485       1.70141E+38    1.70141E+38    1.70141E+38    

9.032461       9.198665       9.369879       9.59323        9.82822        10.06888       10.29562       10.46571       10.60566       10.71967       10.78028       10.7495        10.78848       10.87791       10.90816       10.94363       10.89391       10.69943       10.37524       10.04795       1.70141E+38    1.70141E+38    1.70141E+38    

1.70141E+38    1.70141E+38    1.70141E+38    1.70141E+38    1.70141E+38    1.70141E+38    1.70141E+38    1.70141E+38    1.70141E+38    1.70141E+38    1.70141E+38    1.70141E+38    1.70141E+38    1.70141E+38    1.70141E+38    1.70141E+38    1.70141E+38    1.70141E+38    1.70141E+38    1.70141E+38    1.70141E+38    1.70141E+38    1.70141E+38    

1.70141E+38    1.70141E+38    1.70141E+38    1.70141E+38    1.70141E+38    1.70141E+38    1.70141E+38    1.70141E+38    1.70141E+38    1.70141E+38    1.70141E+38    1.70141E+38    1.70141E+38    1.70141E+38    1.70141E+38    1.70141E+38    1.70141E+38    1.70141E+38    1.70141E+38    1.70141E+38    1.70141E+38    1.70141E+38    1.70141E+38    

1.70141E+38    1.70141E+38    1.70141E+38    1.70141E+38    1.70141E+38    1.70141E+38    1.70141E+38    1.70141E+38    1.70141E+38    1.70141E+38    1.70141E+38    1.70141E+38    1.70141E+38    1.70141E+38    1.70141E+38    1.70141E+38    1.70141E+38    1.70141E+38    1.70141E+38    1.70141E+38    1.70141E+38    1.70141E+38    1.70141E+38    

1.70141E+38    1.70141E+38    1.70141E+38    1.70141E+38    1.70141E+38    1.70141E+38    1.70141E+38    1.70141E+38    1.70141E+38    1.70141E+38    1.70141E+38    1.70141E+38    1.70141E+38    1.70141E+38    1.70141E+38    1.70141E+38    1.70141E+38    1.70141E+38    1.70141E+38    1.70141E+38    1.70141E+38    1.70141E+38    1.70141E+38    

1.70141E+38    1.70141E+38    1.70141E+38    1.70141E+38    1.70141E+38    1.70141E+38    1.70141E+38    1.70141E+38    1.70141E+38    1.70141E+38    1.70141E+38    1.70141E+38    1.70141E+38    1.70141E+38    1.70141E+38    1.70141E+38    1.70141E+38    1.70141E+38    1.70141E+38    1.70141E+38    1.70141E+38    1.70141E+38    1.70141E+38    

1.70141E+38    1.70141E+38    1.70141E+38    1.70141E+38    1.70141E+38    1.70141E+38    1.70141E+38    1.70141E+38    1.70141E+38    1.70141E+38    1.70141E+38    1.70141E+38    1.70141E+38    1.70141E+38    1.70141E+38    1.70141E+38    1.70141E+38    1.70141E+38    1.70141E+38    1.70141E+38    1.70141E+38    1.70141E+38    1.70141E+38    

1.70141E+38    1.70141E+38    1.70141E+38    1.70141E+38    1.70141E+38    1.70141E+38    1.70141E+38    1.70141E+38    1.70141E+38    1.70141E+38    1.70141E+38    1.70141E+38    1.70141E+38    1.70141E+38    1.70141E+38    1.70141E+38    1.70141E+38    1.70141E+38    1.70141E+38    1.70141E+38    1.70141E+38    1.70141E+38    1.70141E+38    

1.70141E+38    1.70141E+38    1.70141E+38    1.70141E+38    1.70141E+38    1.70141E+38    1.70141E+38    1.70141E+38    1.70141E+38    1.70141E+38    1.70141E+38    1.70141E+38    1.70141E+38    1.70141E+38    1.70141E+38    1.70141E+38    1.70141E+38    1.70141E+38    1.70141E+38    1.70141E+38    1.70141E+38    1.70141E+38    1.70141E+38    

