py_wake/examples/data/ParqueFicticio/Ridge area   Sector 4   Height 200m   Weibull-k.grd
DSAA
23  33
 262878   265078
 6504214   6507414
 2.943359   3.146484
1.70141E+38    1.70141E+38    1.70141E+38    1.70141E+38    1.70141E+38    1.70141E+38    1.70141E+38    1.70141E+38    1.70141E+38    1.70141E+38    1.70141E+38    1.70141E+38    1.70141E+38    1.70141E+38    1.70141E+38    1.70141E+38    1.70141E+38    1.70141E+38    1.70141E+38    1.70141E+38    1.70141E+38    1.70141E+38    1.70141E+38    

1.70141E+38    1.70141E+38    1.70141E+38    1.70141E+38    1.70141E+38    1.70141E+38    1.70141E+38    1.70141E+38    1.70141E+38    1.70141E+38    1.70141E+38    1.70141E+38    1.70141E+38    1.70141E+38    1.70141E+38    1.70141E+38    1.70141E+38    1.70141E+38    1.70141E+38    1.70141E+38    1.70141E+38    1.70141E+38    1.70141E+38    

1.70141E+38    1.70141E+38    1.70141E+38    1.70141E+38    1.70141E+38    1.70141E+38    1.70141E+38    1.70141E+38    1.70141E+38    1.70141E+38    1.70141E+38    1.70141E+38    1.70141E+38    1.70141E+38    1.70141E+38    1.70141E+38    1.70141E+38    1.70141E+38    1.70141E+38    1.70141E+38    1.70141E+38    1.70141E+38    1.70141E+38    

1.70141E+38    1.70141E+38    1.70141E+38    1.70141E+38    1.70141E+38    1.70141E+38    1.70141E+38    1.70141E+38    1.70141E+38    1.70141E+38    1.70141E+38    1.70141E+38    1.70141E+38    1.70141E+38    1.70141E+38    1.70141E+38    1.70141E+38    1.70141E+38    1.70141E+38    1.70141E+38    1.70141E+38    1.70141E+38    1.70141E+38    

1.70141E+38    1.70141E+38    1.70141E+38    1.70141E+38    1.70141E+38    1.70141E+38    1.70141E+38    1.70141E+38    1.70141E+38    1.70141E+38    1.70141E+38    1.70141E+38    1.70141E+38    1.70141E+38    1.70141E+38    1.70141E+38    1.70141E+38    1.70141E+38    1.70141E+38    1.70141E+38    1.70141E+38    1.70141E+38    1.70141E+38    

2.958984       2.943359       2.947266       2.970703       2.990234       3.005859       3.013672       3.013672       3.013672       3.025391       3.052734       3.080078       3.107422       3.126953       3.130859       3.130859       3.126953       3.126953       3.130859       3.134766       1.70141E+38    1.70141E+38    1.70141E+38    

2.998047       2.990234       2.982422       2.986328       3.001953       3.017578       3.029297       3.025391       3.021484       3.029297       3.044922       3.068359       3.095703       3.119141       3.130859       3.126953       3.126953       3.130859       3.134766       3.134766       1.70141E+38    1.70141E+38    1.70141E+38    

3.033203       3.033203       3.029297       3.025391       3.021484       3.025391       3.021484       3.021484       3.021484       3.025391       3.037109       3.056641       3.080078       3.107422       3.123047       3.126953       3.130859       3.134766       3.134766       3.134766       1.70141E+38    1.70141E+38    1.70141E+38    

3.064453       3.060547       3.056641       3.052734       3.048828       3.041016       3.025391       3.021484       3.021484       3.021484       3.033203       3.048828       3.068359       3.095703       3.123047       3.134766       3.134766       3.134766       3.134766       3.134766       1.70141E+38    1.70141E+38    1.70141E+38    

3.083984       3.083984       3.076172       3.072266       3.068359       3.056641       3.044922       3.037109       3.033203       3.029297       3.033203       3.048828       3.068359       3.095703       3.123047       3.134766       3.134766       3.138672       3.138672       3.138672       1.70141E+38    1.70141E+38    1.70141E+38    

3.099609       3.103516       3.095703       3.091797       3.087891       3.076172       3.064453       3.052734       3.044922       3.041016       3.041016       3.052734       3.076172       3.103516       3.130859       3.134766       3.138672       3.138672       3.138672       3.138672       1.70141E+38    1.70141E+38    1.70141E+38    

3.111328       3.119141       3.115234       3.107422       3.099609       3.087891       3.076172       3.064453       3.052734       3.044922       3.044922       3.056641       3.076172       3.107422       3.134766       3.138672       3.138672       3.138672       3.138672       3.138672       1.70141E+38    1.70141E+38    1.70141E+38    

3.111328       3.126953       3.130859       3.123047       3.107422       3.095703       3.083984       3.068359       3.052734       3.041016       3.041016       3.052734       3.076172       3.111328       3.134766       3.138672       3.138672       3.138672       3.138672       3.138672       1.70141E+38    1.70141E+38    1.70141E+38    

3.115234       3.130859       3.134766       3.126953       3.115234       3.103516       3.087891       3.072266       3.056641       3.044922       3.044922       3.056641       3.076172       3.111328       3.138672       3.138672       3.138672       3.138672       3.142578       3.142578       1.70141E+38    1.70141E+38    1.70141E+38    

3.123047       3.134766       3.142578       3.138672       3.130859       3.115234       3.099609       3.083984       3.072266       3.060547       3.056641       3.064453       3.080078       3.111328       3.138672       3.138672       3.138672       3.138672       3.142578       3.146484       1.70141E+38    1.70141E+38    1.70141E+38    

3.130859       3.134766       3.142578       3.146484       3.138672       3.130859       3.119141       3.107422       3.095703       3.083984       3.076172       3.076172       3.083984       3.107422       3.142578       3.142578       3.138672       3.138672       3.142578       3.146484       1.70141E+38    1.70141E+38    1.70141E+38    

3.138672       3.138672       3.142578       3.146484       3.142578       3.134766       3.126953       3.119141       3.107422       3.095703       3.087891       3.083984       3.087891       3.107422       3.134766       3.142578       3.142578       3.138672       3.142578       3.146484       1.70141E+38    1.70141E+38    1.70141E+38    

3.142578       3.138672       3.142578       3.142578       3.138672       3.134766       3.130859       3.123047       3.115234       3.103516       3.091797       3.087891       3.091797       3.103516       3.119141       3.142578       3.142578       3.142578       3.142578       3.146484       1.70141E+38    1.70141E+38    1.70141E+38    

3.142578       3.134766       3.134766       3.138672       3.138672       3.138672       3.130859       3.126953       3.119141       3.111328       3.103516       3.099609       3.095703       3.099609       3.103516       3.115234       3.126953       3.138672       3.142578       3.138672       1.70141E+38    1.70141E+38    1.70141E+38    

3.138672       3.134766       3.134766       3.138672       3.142578       3.138672       3.138672       3.134766       3.126953       3.123047       3.115234       3.107422       3.099609       3.095703       3.087891       3.087891       3.095703       3.103516       3.111328       3.119141       1.70141E+38    1.70141E+38    1.70141E+38    

3.146484       3.142578       3.142578       3.142578       3.142578       3.138672       3.138672       3.138672       3.138672       3.134766       3.123047       3.111328       3.099609       3.083984       3.068359       3.060547       3.064453       3.068359       3.080078       3.095703       1.70141E+38    1.70141E+38    1.70141E+38    

3.142578       3.142578       3.138672       3.138672       3.138672       3.138672       3.138672       3.138672       3.138672       3.138672       3.126953       3.107422       3.087891       3.060547       3.037109       3.029297       3.033203       3.041016       3.056641       3.068359       1.70141E+38    1.70141E+38    1.70141E+38    

3.138672       3.138672       3.138672       3.138672       3.138672       3.138672       3.138672       3.138672       3.138672       3.138672       3.126953       3.103516       3.068359       3.037109       3.013672       2.994141       2.998047       3.013672       3.029297       3.041016       1.70141E+38    1.70141E+38    1.70141E+38    

3.138672       3.138672       3.138672       3.138672       3.138672       3.138672       3.138672       3.138672       3.138672       3.134766       3.115234       3.087891       3.048828       3.017578       2.990234       2.974609       2.966797       2.974609       2.994141       3.009766       1.70141E+38    1.70141E+38    1.70141E+38    

3.134766       3.138672       3.138672       3.138672       3.138672       3.138672       3.138672       3.138672       3.138672       3.119141       3.091797       3.056641       3.021484       2.994141       2.962891       2.955078       2.951172       2.943359       2.955078       2.974609       1.70141E+38    1.70141E+38    1.70141E+38    

1.70141E+38    1.70141E+38    1.70141E+38    1.70141E+38    1.70141E+38    1.70141E+38    1.70141E+38    1.70141E+38    1.70141E+38    1.70141E+38    1.70141E+38    1.70141E+38    1.70141E+38    1.70141E+38    1.70141E+38    1.70141E+38    1.70141E+38    1.70141E+38    1.70141E+38    1.70141E+38    1.70141E+38    1.70141E+38    1.70141E+38    

1.70141E+38    1.70141E+38    1.70141E+38    1.70141E+38    1.70141E+38    1.70141E+38    1.70141E+38    1.70141E+38    1.70141E+38    1.70141E+38    1.70141E+38    1.70141E+38    1.70141E+38    1.70141E+38    1.70141E+38    1.70141E+38    1.70141E+38    1.70141E+38    1.70141E+38    1.70141E+38    1.70141E+38    1.70141E+38    1.70141E+38    

1.70141E+38    1.70141E+38    1.70141E+38    1.70141E+38    1.70141E+38    1.70141E+38    1.70141E+38    1.70141E+38    1.70141E+38    1.70141E+38    1.70141E+38    1.70141E+38    1.70141E+38    1.70141E+38    1.70141E+38    1.70141E+38    1.70141E+38    1.70141E+38    1.70141E+38    1.70141E+38    1.70141E+38    1.70141E+38    1.70141E+38    

1.70141E+38    1.70141E+38    1.70141E+38    1.70141E+38    1.70141E+38    1.70141E+38    1.70141E+38    1.70141E+38    1.70141E+38    1.70141E+38    1.70141E+38    1.70141E+38    1.70141E+38    1.70141E+38    1.70141E+38    1.70141E+38    1.70141E+38    1.70141E+38    1.70141E+38    1.70141E+38    1.70141E+38    1.70141E+38    1.70141E+38    

1.70141E+38    1.70141E+38    1.70141E+38    1.70141E+38    1.70141E+38    1.70141E+38    1.70141E+38    1.70141E+38    1.70141E+38    1.70141E+38    1.70141E+38    1.70141E+38    1.70141E+38    1.70141E+38    1.70141E+38    1.70141E+38    1.70141E+38    1.70141E+38    1.70141E+38    1.70141E+38    1.70141E+38    1.70141E+38    1.70141E+38    

1.70141E+38    1.70141E+38    1.70141E+38    1.70141E+38    1.70141E+38    1.70141E+38    1.70141E+38    1.70141E+38    1.70141E+38    1.70141E+38    1.70141E+38    1.70141E+38    1.70141E+38    1.70141E+38    1.70141E+38    1.70141E+38    1.70141E+38    1.70141E+38    1.70141E+38    1.70141E+38    1.70141E+38    1.70141E+38    1.70141E+38    

1.70141E+38    1.70141E+38    1.70141E+38    1.70141E+38    1.70141E+38    1.70141E+38    1.70141E+38    1.70141E+38    1.70141E+38    1.70141E+38    1.70141E+38    1.70141E+38    1.70141E+38    1.70141E+38    1.70141E+38    1.70141E+38    1.70141E+38    1.70141E+38    1.70141E+38    1.70141E+38    1.70141E+38    1.70141E+38    1.70141E+38    

1.70141E+38    1.70141E+38    1.70141E+38    1.70141E+38    1.70141E+38    1.70141E+38    1.70141E+38    1.70141E+38    1.70141E+38    1.70141E+38    1.70141E+38    1.70141E+38    1.70141E+38    1.70141E+38    1.70141E+38    1.70141E+38    1.70141E+38    1.70141E+38    1.70141E+38    1.70141E+38    1.70141E+38    1.70141E+38    1.70141E+38    

