py_wake/examples/data/ParqueFicticio/Ridge area   Sector 9   Height 200m   Weibull-k.grd
DSAA
23  33
 262878   265078
 6504214   6507414
 .7558594   2.697266
1.70141E+38    1.70141E+38    1.70141E+38    1.70141E+38    1.70141E+38    1.70141E+38    1.70141E+38    1.70141E+38    1.70141E+38    1.70141E+38    1.70141E+38    1.70141E+38    1.70141E+38    1.70141E+38    1.70141E+38    1.70141E+38    1.70141E+38    1.70141E+38    1.70141E+38    1.70141E+38    1.70141E+38    1.70141E+38    1.70141E+38    

1.70141E+38    1.70141E+38    1.70141E+38    1.70141E+38    1.70141E+38    1.70141E+38    1.70141E+38    1.70141E+38    1.70141E+38    1.70141E+38    1.70141E+38    1.70141E+38    1.70141E+38    1.70141E+38    1.70141E+38    1.70141E+38    1.70141E+38    1.70141E+38    1.70141E+38    1.70141E+38    1.70141E+38    1.70141E+38    1.70141E+38    

1.70141E+38    1.70141E+38    1.70141E+38    1.70141E+38    1.70141E+38    1.70141E+38    1.70141E+38    1.70141E+38    1.70141E+38    1.70141E+38    1.70141E+38    1.70141E+38    1.70141E+38    1.70141E+38    1.70141E+38    1.70141E+38    1.70141E+38    1.70141E+38    1.70141E+38    1.70141E+38    1.70141E+38    1.70141E+38    1.70141E+38    

1.70141E+38    1.70141E+38    1.70141E+38    1.70141E+38    1.70141E+38    1.70141E+38    1.70141E+38    1.70141E+38    1.70141E+38    1.70141E+38    1.70141E+38    1.70141E+38    1.70141E+38    1.70141E+38    1.70141E+38    1.70141E+38    1.70141E+38    1.70141E+38    1.70141E+38    1.70141E+38    1.70141E+38    1.70141E+38    1.70141E+38    

1.70141E+38    1.70141E+38    1.70141E+38    1.70141E+38    1.70141E+38    1.70141E+38    1.70141E+38    1.70141E+38    1.70141E+38    1.70141E+38    1.70141E+38    1.70141E+38    1.70141E+38    1.70141E+38    1.70141E+38    1.70141E+38    1.70141E+38    1.70141E+38    1.70141E+38    1.70141E+38    1.70141E+38    1.70141E+38    1.70141E+38    

2.677734       2.681641       2.677734       2.677734       2.677734       2.673828       2.669922       2.666016       2.658203       2.654297       2.650391       2.646484       2.650391       2.650391       2.650391       2.650391       2.654297       2.662109       2.669922       2.673828       1.70141E+38    1.70141E+38    1.70141E+38    

2.681641       2.681641       2.681641       2.681641       2.677734       2.677734       2.669922       2.669922       2.662109       2.654297       2.650391       2.650391       2.650391       2.650391       2.650391       2.650391       2.654297       2.662109       2.669922       2.673828       1.70141E+38    1.70141E+38    1.70141E+38    

2.681641       2.681641       2.681641       2.681641       2.677734       2.673828       2.673828       2.666016       2.662109       2.654297       2.650391       2.646484       2.650391       2.650391       2.646484       2.646484       2.654297       2.662109       2.669922       2.673828       1.70141E+38    1.70141E+38    1.70141E+38    

2.681641       2.685547       2.681641       2.681641       2.677734       2.677734       2.673828       2.666016       2.658203       2.650391       2.646484       2.646484       2.650391       2.650391       2.650391       2.650391       2.654297       2.662109       2.669922       2.673828       1.70141E+38    1.70141E+38    1.70141E+38    

2.685547       2.685547       2.685547       2.685547       2.681641       2.681641       2.677734       2.669922       2.666016       2.658203       2.650391       2.650391       2.654297       2.658203       2.658203       2.658203       2.662109       2.666016       2.673828       2.677734       1.70141E+38    1.70141E+38    1.70141E+38    

2.685547       2.685547       2.685547       2.685547       2.685547       2.685547       2.681641       2.677734       2.673828       2.666016       2.658203       2.662109       2.662109       2.666016       2.669922       2.669922       2.669922       2.673828       2.677734       2.681641       1.70141E+38    1.70141E+38    1.70141E+38    

2.685547       2.685547       2.689453       2.689453       2.685547       2.685547       2.685547       2.681641       2.673828       2.669922       2.666016       2.666016       2.666016       2.669922       2.673828       2.677734       2.681641       2.681641       2.685547       2.689453       1.70141E+38    1.70141E+38    1.70141E+38    

2.685547       2.685547       2.685547       2.685547       2.685547       2.685547       2.685547       2.681641       2.673828       2.669922       2.666016       2.666016       2.669922       2.673828       2.677734       2.685547       2.685547       2.689453       2.693359       2.693359       1.70141E+38    1.70141E+38    1.70141E+38    

2.685547       2.685547       2.689453       2.685547       2.685547       2.685547       2.681641       2.681641       2.673828       2.669922       2.666016       2.666016       2.669922       2.673828       2.681641       2.685547       2.689453       2.693359       2.693359       2.697266       1.70141E+38    1.70141E+38    1.70141E+38    

2.685547       2.685547       2.685547       2.681641       2.685547       2.689453       2.685547       2.685547       2.681641       2.673828       2.669922       2.669922       2.673828       2.677734       2.681641       2.685547       2.693359       2.693359       2.693359       2.697266       1.70141E+38    1.70141E+38    1.70141E+38    

2.685547       2.685547       2.681641       2.677734       2.677734       2.681641       2.689453       2.689453       2.685547       2.681641       2.677734       2.677734       2.677734       2.681641       2.685547       2.685547       2.689453       2.693359       2.693359       2.693359       1.70141E+38    1.70141E+38    1.70141E+38    

2.685547       2.681641       2.677734       2.673828       2.673828       2.673828       2.681641       2.685547       2.685547       2.681641       2.681641       2.677734       2.677734       2.681641       2.685547       2.685547       2.689453       2.689453       2.689453       2.693359       1.70141E+38    1.70141E+38    1.70141E+38    

2.681641       2.681641       2.677734       2.673828       2.669922       2.673828       2.677734       2.681641       2.685547       2.685547       2.681641       2.681641       2.681641       2.681641       2.681641       2.685547       2.685547       2.685547       2.689453       2.689453       1.70141E+38    1.70141E+38    1.70141E+38    

2.681641       2.685547       2.685547       2.677734       2.673828       2.673828       2.677734       2.677734       2.685547       2.685547       2.681641       2.681641       2.681641       2.681641       2.681641       2.681641       2.685547       2.689453       2.697266       2.697266       1.70141E+38    1.70141E+38    1.70141E+38    

2.685547       2.685547       2.689453       2.685547       2.677734       2.677734       2.677734       2.677734       2.677734       2.677734       2.677734       2.681641       2.681641       2.681641       2.681641       2.685547       2.693359       2.677734       2.556641       2.451172       1.70141E+38    1.70141E+38    1.70141E+38    

2.681641       2.685547       2.685547       2.681641       2.677734       2.673828       2.673828       2.666016       2.658203       2.650391       2.650391       2.658203       2.669922       2.685547       2.685547       2.689453       2.689453       2.455078       2.181641       2.115234       1.70141E+38    1.70141E+38    1.70141E+38    

2.669922       2.673828       2.673828       2.673828       2.673828       2.669922       2.666016       2.654297       2.642578       2.638672       2.638672       2.638672       2.642578       2.638672       2.642578       2.658203       1.818359       1.306641       1.291016       1.470703       1.70141E+38    1.70141E+38    1.70141E+38    

2.662109       2.666016       2.669922       2.669922       2.669922       2.662109       2.654297       2.646484       2.638672       2.634766       2.630859       2.630859       2.626953       2.623047       2.611328       2.185547       .8105469       .7558594       2.685547       .9003906       1.70141E+38    1.70141E+38    1.70141E+38    

2.658203       2.662109       2.666016       2.666016       2.662109       2.654297       2.646484       2.638672       2.638672       2.634766       2.630859       2.626953       2.623047       2.619141       2.611328       2.517578       1.251953       2.451172       2.451172       2.451172       1.70141E+38    1.70141E+38    1.70141E+38    

2.658203       2.658203       2.658203       2.654297       2.654297       2.646484       2.642578       2.638672       2.634766       2.638672       2.638672       2.634766       2.626953       2.623047       2.611328       2.576172       2.314453       1.083984       1.388672       2.451172       1.70141E+38    1.70141E+38    1.70141E+38    

1.70141E+38    1.70141E+38    1.70141E+38    1.70141E+38    1.70141E+38    1.70141E+38    1.70141E+38    1.70141E+38    1.70141E+38    1.70141E+38    1.70141E+38    1.70141E+38    1.70141E+38    1.70141E+38    1.70141E+38    1.70141E+38    1.70141E+38    1.70141E+38    1.70141E+38    1.70141E+38    1.70141E+38    1.70141E+38    1.70141E+38    

1.70141E+38    1.70141E+38    1.70141E+38    1.70141E+38    1.70141E+38    1.70141E+38    1.70141E+38    1.70141E+38    1.70141E+38    1.70141E+38    1.70141E+38    1.70141E+38    1.70141E+38    1.70141E+38    1.70141E+38    1.70141E+38    1.70141E+38    1.70141E+38    1.70141E+38    1.70141E+38    1.70141E+38    1.70141E+38    1.70141E+38    

1.70141E+38    1.70141E+38    1.70141E+38    1.70141E+38    1.70141E+38    1.70141E+38    1.70141E+38    1.70141E+38    1.70141E+38    1.70141E+38    1.70141E+38    1.70141E+38    1.70141E+38    1.70141E+38    1.70141E+38    1.70141E+38    1.70141E+38    1.70141E+38    1.70141E+38    1.70141E+38    1.70141E+38    1.70141E+38    1.70141E+38    

1.70141E+38    1.70141E+38    1.70141E+38    1.70141E+38    1.70141E+38    1.70141E+38    1.70141E+38    1.70141E+38    1.70141E+38    1.70141E+38    1.70141E+38    1.70141E+38    1.70141E+38    1.70141E+38    1.70141E+38    1.70141E+38    1.70141E+38    1.70141E+38    1.70141E+38    1.70141E+38    1.70141E+38    1.70141E+38    1.70141E+38    

1.70141E+38    1.70141E+38    1.70141E+38    1.70141E+38    1.70141E+38    1.70141E+38    1.70141E+38    1.70141E+38    1.70141E+38    1.70141E+38    1.70141E+38    1.70141E+38    1.70141E+38    1.70141E+38    1.70141E+38    1.70141E+38    1.70141E+38    1.70141E+38    1.70141E+38    1.70141E+38    1.70141E+38    1.70141E+38    1.70141E+38    

1.70141E+38    1.70141E+38    1.70141E+38    1.70141E+38    1.70141E+38    1.70141E+38    1.70141E+38    1.70141E+38    1.70141E+38    1.70141E+38    1.70141E+38    1.70141E+38    1.70141E+38    1.70141E+38    1.70141E+38    1.70141E+38    1.70141E+38    1.70141E+38    1.70141E+38    1.70141E+38    1.70141E+38    1.70141E+38    1.70141E+38    

1.70141E+38    1.70141E+38    1.70141E+38    1.70141E+38    1.70141E+38    1.70141E+38    1.70141E+38    1.70141E+38    1.70141E+38    1.70141E+38    1.70141E+38    1.70141E+38    1.70141E+38    1.70141E+38    1.70141E+38    1.70141E+38    1.70141E+38    1.70141E+38    1.70141E+38    1.70141E+38    1.70141E+38    1.70141E+38    1.70141E+38    

1.70141E+38    1.70141E+38    1.70141E+38    1.70141E+38    1.70141E+38    1.70141E+38    1.70141E+38    1.70141E+38    1.70141E+38    1.70141E+38    1.70141E+38    1.70141E+38    1.70141E+38    1.70141E+38    1.70141E+38    1.70141E+38    1.70141E+38    1.70141E+38    1.70141E+38    1.70141E+38    1.70141E+38    1.70141E+38    1.70141E+38    

