py_wake/examples/data/ParqueFicticio/Ridge area   Sector 9   Height 30m   Weibull-k.grd
DSAA
23  33
 262878   265078
 6504214   6507414
 .8183594   2.404297
1.70141E+38    1.70141E+38    1.70141E+38    1.70141E+38    1.70141E+38    1.70141E+38    1.70141E+38    1.70141E+38    1.70141E+38    1.70141E+38    1.70141E+38    1.70141E+38    1.70141E+38    1.70141E+38    1.70141E+38    1.70141E+38    1.70141E+38    1.70141E+38    1.70141E+38    1.70141E+38    1.70141E+38    1.70141E+38    1.70141E+38    

1.70141E+38    1.70141E+38    1.70141E+38    1.70141E+38    1.70141E+38    1.70141E+38    1.70141E+38    1.70141E+38    1.70141E+38    1.70141E+38    1.70141E+38    1.70141E+38    1.70141E+38    1.70141E+38    1.70141E+38    1.70141E+38    1.70141E+38    1.70141E+38    1.70141E+38    1.70141E+38    1.70141E+38    1.70141E+38    1.70141E+38    

1.70141E+38    1.70141E+38    1.70141E+38    1.70141E+38    1.70141E+38    1.70141E+38    1.70141E+38    1.70141E+38    1.70141E+38    1.70141E+38    1.70141E+38    1.70141E+38    1.70141E+38    1.70141E+38    1.70141E+38    1.70141E+38    1.70141E+38    1.70141E+38    1.70141E+38    1.70141E+38    1.70141E+38    1.70141E+38    1.70141E+38    

1.70141E+38    1.70141E+38    1.70141E+38    1.70141E+38    1.70141E+38    1.70141E+38    1.70141E+38    1.70141E+38    1.70141E+38    1.70141E+38    1.70141E+38    1.70141E+38    1.70141E+38    1.70141E+38    1.70141E+38    1.70141E+38    1.70141E+38    1.70141E+38    1.70141E+38    1.70141E+38    1.70141E+38    1.70141E+38    1.70141E+38    

1.70141E+38    1.70141E+38    1.70141E+38    1.70141E+38    1.70141E+38    1.70141E+38    1.70141E+38    1.70141E+38    1.70141E+38    1.70141E+38    1.70141E+38    1.70141E+38    1.70141E+38    1.70141E+38    1.70141E+38    1.70141E+38    1.70141E+38    1.70141E+38    1.70141E+38    1.70141E+38    1.70141E+38    1.70141E+38    1.70141E+38    

2.400391       2.400391       2.400391       2.400391       2.400391       2.400391       2.396484       2.384766       2.365234       2.337891       2.326172       2.330078       2.341797       2.380859       2.341797       2.189453       2.189453       2.189453       2.154297       2.353516       1.70141E+38    1.70141E+38    1.70141E+38    

2.404297       2.400391       2.400391       2.400391       2.400391       2.396484       2.396484       2.388672       2.376953       2.353516       2.322266       2.322266       2.341797       2.072266       2.189453       2.189453       2.189453       2.189453       2.185547       2.322266       1.70141E+38    1.70141E+38    1.70141E+38    

2.404297       2.400391       2.400391       2.396484       2.392578       2.380859       2.373047       2.357422       2.345703       2.330078       2.291016       2.291016       2.330078       1.689453       1.646484       2.189453       2.189453       2.189453       2.185547       2.251953       1.70141E+38    1.70141E+38    1.70141E+38    

2.400391       2.400391       2.400391       2.396484       2.392578       2.376953       2.349609       2.302734       2.275391       2.271484       2.259766       2.267578       2.345703       1.919922       1.521484       2.189453       2.076172       2.123047       2.185547       2.126953       1.70141E+38    1.70141E+38    1.70141E+38    

2.400391       2.400391       2.400391       2.400391       2.396484       2.392578       2.380859       2.345703       2.314453       2.294922       2.263672       2.255859       2.341797       1.775391       1.771484       1.771484       2.392578       2.392578       2.392578       2.384766       1.70141E+38    1.70141E+38    1.70141E+38    

2.384766       2.361328       2.384766       2.400391       2.400391       2.400391       2.400391       2.392578       2.376953       2.357422       2.330078       2.306641       2.349609       2.283203       1.771484       2.392578       2.357422       2.193359       2.369141       2.376953       1.70141E+38    1.70141E+38    1.70141E+38    

2.384766       2.333984       2.333984       2.357422       2.373047       2.380859       2.388672       2.396484       2.388672       2.376953       2.353516       2.326172       2.357422       2.060547       2.189453       2.205078       1.720703       1.630859       2.119141       2.298828       1.70141E+38    1.70141E+38    1.70141E+38    

2.388672       2.341797       2.154297       2.298828       2.337891       2.361328       2.380859       2.384766       2.369141       2.357422       2.333984       2.306641       2.341797       2.337891       2.189453       2.189453       1.896484       2.041016       2.103516       2.119141       1.70141E+38    1.70141E+38    1.70141E+38    

2.400391       2.384766       1.658203       1.876953       2.005859       2.283203       2.326172       2.279297       2.240234       2.275391       2.294922       2.287109       2.330078       2.376953       2.189453       1.779297       2.318359       2.322266       2.294922       2.251953       1.70141E+38    1.70141E+38    1.70141E+38    

2.400391       2.400391       2.193359       2.216797       2.162109       2.279297       2.337891       2.341797       2.337891       2.314453       2.310547       2.306641       2.333984       2.380859       1.333984       1.642578       2.025391       2.291016       2.357422       2.357422       1.70141E+38    1.70141E+38    1.70141E+38    

2.400391       2.400391       2.365234       2.361328       2.326172       2.255859       2.318359       2.357422       2.373047       2.373047       2.373047       2.345703       2.353516       2.380859       2.357422       2.212891       2.115234       2.259766       2.373047       2.388672       1.70141E+38    1.70141E+38    1.70141E+38    

2.380859       2.380859       2.357422       2.353516       2.353516       2.349609       2.345703       2.349609       2.357422       2.369141       2.380859       2.357422       2.353516       2.373047       2.388672       2.392578       2.392578       2.318359       2.318359       2.287109       1.70141E+38    1.70141E+38    1.70141E+38    

2.369141       2.380859       2.369141       2.357422       2.357422       2.357422       2.353516       2.353516       2.361328       2.376953       2.369141       2.345703       2.349609       2.369141       2.376953       1.763672       1.619141       2.267578       1.490234       2.365234       1.70141E+38    1.70141E+38    1.70141E+38    

2.373047       2.384766       2.275391       1.955078       2.115234       2.267578       2.314453       2.291016       2.173828       2.021484       2.181641       2.326172       2.361328       2.384766       1.955078       1.423828       1.970703       1.939453       2.341797       2.388672       1.70141E+38    1.70141E+38    1.70141E+38    

2.298828       1.833984       1.666016       2.271484       2.294922       2.353516       2.353516       2.353516       2.349609       1.923828       2.216797       2.322266       2.365234       2.287109       2.345703       .9863281       .9667969       2.341797       2.388672       2.388672       1.70141E+38    1.70141E+38    1.70141E+38    

2.232422       2.169922       2.279297       2.322266       2.302734       2.177734       2.060547       2.025391       2.111328       2.279297       2.255859       2.236328       2.240234       2.345703       1.322266       1.130859       2.341797       2.189453       2.185547       1.658203       1.70141E+38    1.70141E+38    1.70141E+38    

2.376953       2.369141       2.361328       2.365234       2.369141       2.376953       2.365234       2.341797       2.294922       2.283203       2.263672       2.220703       1.958984       2.193359       2.189453       2.189453       2.189453       2.189453       2.185547       2.185547       1.70141E+38    1.70141E+38    1.70141E+38    

2.353516       2.361328       2.365234       2.384766       2.392578       2.376953       2.361328       2.333984       2.322266       2.302734       2.263672       2.197266       1.818359       2.193359       2.189453       2.189453       2.189453       2.189453       2.185547       2.185547       1.70141E+38    1.70141E+38    1.70141E+38    

2.357422       2.376953       2.380859       2.365234       2.365234       2.373047       2.310547       2.314453       2.306641       2.291016       2.224609       1.947266       1.708984       1.330078       2.189453       2.189453       2.189453       2.189453       2.185547       2.185547       1.70141E+38    1.70141E+38    1.70141E+38    

2.357422       2.341797       2.361328       2.396484       2.349609       2.333984       2.330078       2.310547       2.287109       2.267578       2.283203       2.392578       1.486328       1.333984       1.068359       .8183594       2.341797       2.341797       2.185547       2.185547       1.70141E+38    1.70141E+38    1.70141E+38    

1.70141E+38    1.70141E+38    1.70141E+38    1.70141E+38    1.70141E+38    1.70141E+38    1.70141E+38    1.70141E+38    1.70141E+38    1.70141E+38    1.70141E+38    1.70141E+38    1.70141E+38    1.70141E+38    1.70141E+38    1.70141E+38    1.70141E+38    1.70141E+38    1.70141E+38    1.70141E+38    1.70141E+38    1.70141E+38    1.70141E+38    

1.70141E+38    1.70141E+38    1.70141E+38    1.70141E+38    1.70141E+38    1.70141E+38    1.70141E+38    1.70141E+38    1.70141E+38    1.70141E+38    1.70141E+38    1.70141E+38    1.70141E+38    1.70141E+38    1.70141E+38    1.70141E+38    1.70141E+38    1.70141E+38    1.70141E+38    1.70141E+38    1.70141E+38    1.70141E+38    1.70141E+38    

1.70141E+38    1.70141E+38    1.70141E+38    1.70141E+38    1.70141E+38    1.70141E+38    1.70141E+38    1.70141E+38    1.70141E+38    1.70141E+38    1.70141E+38    1.70141E+38    1.70141E+38    1.70141E+38    1.70141E+38    1.70141E+38    1.70141E+38    1.70141E+38    1.70141E+38    1.70141E+38    1.70141E+38    1.70141E+38    1.70141E+38    

1.70141E+38    1.70141E+38    1.70141E+38    1.70141E+38    1.70141E+38    1.70141E+38    1.70141E+38    1.70141E+38    1.70141E+38    1.70141E+38    1.70141E+38    1.70141E+38    1.70141E+38    1.70141E+38    1.70141E+38    1.70141E+38    1.70141E+38    1.70141E+38    1.70141E+38    1.70141E+38    1.70141E+38    1.70141E+38    1.70141E+38    

1.70141E+38    1.70141E+38    1.70141E+38    1.70141E+38    1.70141E+38    1.70141E+38    1.70141E+38    1.70141E+38    1.70141E+38    1.70141E+38    1.70141E+38    1.70141E+38    1.70141E+38    1.70141E+38    1.70141E+38    1.70141E+38    1.70141E+38    1.70141E+38    1.70141E+38    1.70141E+38    1.70141E+38    1.70141E+38    1.70141E+38    

1.70141E+38    1.70141E+38    1.70141E+38    1.70141E+38    1.70141E+38    1.70141E+38    1.70141E+38    1.70141E+38    1.70141E+38    1.70141E+38    1.70141E+38    1.70141E+38    1.70141E+38    1.70141E+38    1.70141E+38    1.70141E+38    1.70141E+38    1.70141E+38    1.70141E+38    1.70141E+38    1.70141E+38    1.70141E+38    1.70141E+38    

1.70141E+38    1.70141E+38    1.70141E+38    1.70141E+38    1.70141E+38    1.70141E+38    1.70141E+38    1.70141E+38    1.70141E+38    1.70141E+38    1.70141E+38    1.70141E+38    1.70141E+38    1.70141E+38    1.70141E+38    1.70141E+38    1.70141E+38    1.70141E+38    1.70141E+38    1.70141E+38    1.70141E+38    1.70141E+38    1.70141E+38    

1.70141E+38    1.70141E+38    1.70141E+38    1.70141E+38    1.70141E+38    1.70141E+38    1.70141E+38    1.70141E+38    1.70141E+38    1.70141E+38    1.70141E+38    1.70141E+38    1.70141E+38    1.70141E+38    1.70141E+38    1.70141E+38    1.70141E+38    1.70141E+38    1.70141E+38    1.70141E+38    1.70141E+38    1.70141E+38    1.70141E+38    

