py_wake/examples/data/ParqueFicticio/Ridge area   Sector 8   Height 30m   Weibull-k.grd
DSAA
23  33
 262878   265078
 6504214   6507414
 .9511719   2.384766
1.70141E+38    1.70141E+38    1.70141E+38    1.70141E+38    1.70141E+38    1.70141E+38    1.70141E+38    1.70141E+38    1.70141E+38    1.70141E+38    1.70141E+38    1.70141E+38    1.70141E+38    1.70141E+38    1.70141E+38    1.70141E+38    1.70141E+38    1.70141E+38    1.70141E+38    1.70141E+38    1.70141E+38    1.70141E+38    1.70141E+38    

1.70141E+38    1.70141E+38    1.70141E+38    1.70141E+38    1.70141E+38    1.70141E+38    1.70141E+38    1.70141E+38    1.70141E+38    1.70141E+38    1.70141E+38    1.70141E+38    1.70141E+38    1.70141E+38    1.70141E+38    1.70141E+38    1.70141E+38    1.70141E+38    1.70141E+38    1.70141E+38    1.70141E+38    1.70141E+38    1.70141E+38    

1.70141E+38    1.70141E+38    1.70141E+38    1.70141E+38    1.70141E+38    1.70141E+38    1.70141E+38    1.70141E+38    1.70141E+38    1.70141E+38    1.70141E+38    1.70141E+38    1.70141E+38    1.70141E+38    1.70141E+38    1.70141E+38    1.70141E+38    1.70141E+38    1.70141E+38    1.70141E+38    1.70141E+38    1.70141E+38    1.70141E+38    

1.70141E+38    1.70141E+38    1.70141E+38    1.70141E+38    1.70141E+38    1.70141E+38    1.70141E+38    1.70141E+38    1.70141E+38    1.70141E+38    1.70141E+38    1.70141E+38    1.70141E+38    1.70141E+38    1.70141E+38    1.70141E+38    1.70141E+38    1.70141E+38    1.70141E+38    1.70141E+38    1.70141E+38    1.70141E+38    1.70141E+38    

1.70141E+38    1.70141E+38    1.70141E+38    1.70141E+38    1.70141E+38    1.70141E+38    1.70141E+38    1.70141E+38    1.70141E+38    1.70141E+38    1.70141E+38    1.70141E+38    1.70141E+38    1.70141E+38    1.70141E+38    1.70141E+38    1.70141E+38    1.70141E+38    1.70141E+38    1.70141E+38    1.70141E+38    1.70141E+38    1.70141E+38    

2.349609       2.349609       2.345703       2.345703       2.341797       2.337891       2.337891       2.337891       2.337891       2.333984       2.291016       2.216797       2.181641       2.244141       2.330078       2.177734       2.177734       2.177734       2.380859       2.205078       1.70141E+38    1.70141E+38    1.70141E+38    

2.349609       2.349609       2.345703       2.345703       2.345703       2.337891       2.337891       2.337891       2.337891       2.337891       2.302734       2.248047       2.240234       1.087891       2.181641       2.177734       2.177734       2.177734       2.326172       2.287109       1.70141E+38    1.70141E+38    1.70141E+38    

2.349609       2.349609       2.345703       2.345703       2.345703       2.333984       2.326172       2.318359       2.318359       2.314453       2.302734       2.263672       2.283203       2.302734       1.763672       2.177734       2.177734       2.177734       1.955078       2.244141       1.70141E+38    1.70141E+38    1.70141E+38    

2.349609       2.345703       2.345703       2.345703       2.345703       2.337891       2.326172       2.251953       2.224609       2.251953       2.271484       2.271484       2.302734       2.029297       1.763672       2.177734       2.177734       2.177734       2.017578       2.208984       1.70141E+38    1.70141E+38    1.70141E+38    

2.345703       2.349609       2.345703       2.345703       2.345703       2.341797       2.337891       2.337891       2.294922       2.248047       2.248047       2.259766       2.302734       1.708984       1.763672       2.076172       2.380859       2.380859       2.205078       2.185547       1.70141E+38    1.70141E+38    1.70141E+38    

2.345703       2.349609       2.349609       2.349609       2.345703       2.345703       2.341797       2.337891       2.337891       2.330078       2.298828       2.279297       2.306641       2.142578       1.771484       2.384766       2.380859       1.716797       2.181641       2.189453       1.70141E+38    1.70141E+38    1.70141E+38    

2.330078       2.294922       2.337891       2.353516       2.349609       2.349609       2.345703       2.337891       2.337891       2.337891       2.330078       2.306641       2.318359       2.283203       2.224609       2.380859       2.380859       1.818359       2.189453       2.224609       1.70141E+38    1.70141E+38    1.70141E+38    

2.345703       2.275391       2.220703       2.224609       2.263672       2.283203       2.291016       2.283203       2.302734       2.322266       2.326172       2.314453       2.322266       2.333984       2.318359       2.349609       1.787109       2.189453       2.248047       2.236328       1.70141E+38    1.70141E+38    1.70141E+38    

2.345703       2.337891       2.279297       2.142578       2.005859       1.994141       2.072266       2.052734       2.130859       2.259766       2.298828       2.302734       2.310547       2.333984       1.662109       2.044922       2.255859       2.306641       2.298828       2.248047       1.70141E+38    1.70141E+38    1.70141E+38    

2.341797       2.337891       2.353516       2.310547       2.205078       2.107422       2.197266       2.228516       2.236328       2.255859       2.279297       2.279297       2.306641       2.330078       2.208984       2.267578       2.306641       2.326172       2.314453       2.251953       1.70141E+38    1.70141E+38    1.70141E+38    

2.345703       2.345703       2.357422       2.357422       2.353516       2.341797       2.314453       2.318359       2.322266       2.318359       2.302734       2.294922       2.306641       2.314453       2.306641       2.193359       2.212891       2.294922       2.326172       2.318359       1.70141E+38    1.70141E+38    1.70141E+38    

2.353516       2.353516       2.361328       2.357422       2.357422       2.357422       2.353516       2.341797       2.310547       2.306641       2.306641       2.298828       2.302734       2.302734       2.302734       2.119141       2.068359       2.330078       2.326172       2.326172       1.70141E+38    1.70141E+38    1.70141E+38    

2.345703       2.345703       2.353516       2.357422       2.353516       2.349609       2.341797       2.314453       2.291016       2.279297       2.283203       2.283203       2.283203       2.283203       2.310547       2.333984       2.330078       2.330078       1.775391       2.326172       1.70141E+38    1.70141E+38    1.70141E+38    

2.322266       2.345703       2.341797       2.251953       2.275391       2.271484       2.263672       2.248047       2.255859       2.275391       2.279297       2.240234       2.240234       2.275391       2.318359       1.185547       2.330078       2.330078       2.330078       2.283203       1.70141E+38    1.70141E+38    1.70141E+38    

2.099609       2.212891       2.212891       2.212891       2.212891       1.462891       1.591797       1.654297       1.892578       2.232422       2.224609       2.189453       2.208984       2.279297       2.326172       1.123047       1.048828       2.330078       2.380859       2.380859       1.70141E+38    1.70141E+38    1.70141E+38    

1.994141       1.896484       2.158203       2.181641       2.115234       2.111328       2.205078       2.232422       2.267578       2.283203       2.236328       2.197266       2.220703       2.294922       2.333984       2.330078       2.330078       1.830078       1.330078       2.376953       1.70141E+38    1.70141E+38    1.70141E+38    

2.306641       2.302734       2.326172       2.326172       2.337891       2.333984       2.333984       2.330078       2.306641       2.271484       2.244141       2.255859       2.287109       2.181641       2.181641       2.177734       2.177734       2.177734       2.177734       1.802734       1.70141E+38    1.70141E+38    1.70141E+38    

2.306641       2.283203       2.294922       2.314453       2.326172       2.318359       2.310547       2.310547       2.287109       2.259766       2.251953       2.291016       2.326172       .9511719       2.181641       2.177734       2.177734       2.177734       2.177734       2.177734       1.70141E+38    1.70141E+38    1.70141E+38    

2.259766       2.283203       2.318359       2.333984       2.333984       2.318359       2.255859       2.232422       2.224609       2.248047       2.302734       2.087891       2.048828       2.263672       2.181641       2.177734       2.177734       2.177734       2.177734       2.177734       1.70141E+38    1.70141E+38    1.70141E+38    

2.220703       2.298828       2.341797       2.341797       2.330078       2.306641       2.244141       2.189453       2.189453       2.248047       1.982422       2.384766       2.380859       1.998047       2.365234       1.943359       2.330078       2.330078       2.177734       2.177734       1.70141E+38    1.70141E+38    1.70141E+38    

1.70141E+38    1.70141E+38    1.70141E+38    1.70141E+38    1.70141E+38    1.70141E+38    1.70141E+38    1.70141E+38    1.70141E+38    1.70141E+38    1.70141E+38    1.70141E+38    1.70141E+38    1.70141E+38    1.70141E+38    1.70141E+38    1.70141E+38    1.70141E+38    1.70141E+38    1.70141E+38    1.70141E+38    1.70141E+38    1.70141E+38    

1.70141E+38    1.70141E+38    1.70141E+38    1.70141E+38    1.70141E+38    1.70141E+38    1.70141E+38    1.70141E+38    1.70141E+38    1.70141E+38    1.70141E+38    1.70141E+38    1.70141E+38    1.70141E+38    1.70141E+38    1.70141E+38    1.70141E+38    1.70141E+38    1.70141E+38    1.70141E+38    1.70141E+38    1.70141E+38    1.70141E+38    

1.70141E+38    1.70141E+38    1.70141E+38    1.70141E+38    1.70141E+38    1.70141E+38    1.70141E+38    1.70141E+38    1.70141E+38    1.70141E+38    1.70141E+38    1.70141E+38    1.70141E+38    1.70141E+38    1.70141E+38    1.70141E+38    1.70141E+38    1.70141E+38    1.70141E+38    1.70141E+38    1.70141E+38    1.70141E+38    1.70141E+38    

1.70141E+38    1.70141E+38    1.70141E+38    1.70141E+38    1.70141E+38    1.70141E+38    1.70141E+38    1.70141E+38    1.70141E+38    1.70141E+38    1.70141E+38    1.70141E+38    1.70141E+38    1.70141E+38    1.70141E+38    1.70141E+38    1.70141E+38    1.70141E+38    1.70141E+38    1.70141E+38    1.70141E+38    1.70141E+38    1.70141E+38    

1.70141E+38    1.70141E+38    1.70141E+38    1.70141E+38    1.70141E+38    1.70141E+38    1.70141E+38    1.70141E+38    1.70141E+38    1.70141E+38    1.70141E+38    1.70141E+38    1.70141E+38    1.70141E+38    1.70141E+38    1.70141E+38    1.70141E+38    1.70141E+38    1.70141E+38    1.70141E+38    1.70141E+38    1.70141E+38    1.70141E+38    

1.70141E+38    1.70141E+38    1.70141E+38    1.70141E+38    1.70141E+38    1.70141E+38    1.70141E+38    1.70141E+38    1.70141E+38    1.70141E+38    1.70141E+38    1.70141E+38    1.70141E+38    1.70141E+38    1.70141E+38    1.70141E+38    1.70141E+38    1.70141E+38    1.70141E+38    1.70141E+38    1.70141E+38    1.70141E+38    1.70141E+38    

1.70141E+38    1.70141E+38    1.70141E+38    1.70141E+38    1.70141E+38    1.70141E+38    1.70141E+38    1.70141E+38    1.70141E+38    1.70141E+38    1.70141E+38    1.70141E+38    1.70141E+38    1.70141E+38    1.70141E+38    1.70141E+38    1.70141E+38    1.70141E+38    1.70141E+38    1.70141E+38    1.70141E+38    1.70141E+38    1.70141E+38    

1.70141E+38    1.70141E+38    1.70141E+38    1.70141E+38    1.70141E+38    1.70141E+38    1.70141E+38    1.70141E+38    1.70141E+38    1.70141E+38    1.70141E+38    1.70141E+38    1.70141E+38    1.70141E+38    1.70141E+38    1.70141E+38    1.70141E+38    1.70141E+38    1.70141E+38    1.70141E+38    1.70141E+38    1.70141E+38    1.70141E+38    

