py_wake/examples/data/ParqueFicticio/Ridge area   Sector 6   Height 200m   Mean speed.grd
DSAA
23  33
 262878   265078
 6504214   6507414
 4.248322   8.590767
1.70141E+38    1.70141E+38    1.70141E+38    1.70141E+38    1.70141E+38    1.70141E+38    1.70141E+38    1.70141E+38    1.70141E+38    1.70141E+38    1.70141E+38    1.70141E+38    1.70141E+38    1.70141E+38    1.70141E+38    1.70141E+38    1.70141E+38    1.70141E+38    1.70141E+38    1.70141E+38    1.70141E+38    1.70141E+38    1.70141E+38    

1.70141E+38    1.70141E+38    1.70141E+38    1.70141E+38    1.70141E+38    1.70141E+38    1.70141E+38    1.70141E+38    1.70141E+38    1.70141E+38    1.70141E+38    1.70141E+38    1.70141E+38    1.70141E+38    1.70141E+38    1.70141E+38    1.70141E+38    1.70141E+38    1.70141E+38    1.70141E+38    1.70141E+38    1.70141E+38    1.70141E+38    

1.70141E+38    1.70141E+38    1.70141E+38    1.70141E+38    1.70141E+38    1.70141E+38    1.70141E+38    1.70141E+38    1.70141E+38    1.70141E+38    1.70141E+38    1.70141E+38    1.70141E+38    1.70141E+38    1.70141E+38    1.70141E+38    1.70141E+38    1.70141E+38    1.70141E+38    1.70141E+38    1.70141E+38    1.70141E+38    1.70141E+38    

1.70141E+38    1.70141E+38    1.70141E+38    1.70141E+38    1.70141E+38    1.70141E+38    1.70141E+38    1.70141E+38    1.70141E+38    1.70141E+38    1.70141E+38    1.70141E+38    1.70141E+38    1.70141E+38    1.70141E+38    1.70141E+38    1.70141E+38    1.70141E+38    1.70141E+38    1.70141E+38    1.70141E+38    1.70141E+38    1.70141E+38    

1.70141E+38    1.70141E+38    1.70141E+38    1.70141E+38    1.70141E+38    1.70141E+38    1.70141E+38    1.70141E+38    1.70141E+38    1.70141E+38    1.70141E+38    1.70141E+38    1.70141E+38    1.70141E+38    1.70141E+38    1.70141E+38    1.70141E+38    1.70141E+38    1.70141E+38    1.70141E+38    1.70141E+38    1.70141E+38    1.70141E+38    

6.876954       6.977716       7.114542       7.288325       7.466832       7.627509       7.742092       7.828796       7.871213       7.886725       7.842388       7.723566       7.551303       7.275642       6.940641       6.670903       6.476851       6.382565       6.449138       6.633968       1.70141E+38    1.70141E+38    1.70141E+38    

6.90267        6.991207       7.084645       7.213155       7.379395       7.553139       7.720567       7.865918       7.967446       8.014764       7.990838       7.876235       7.653314       7.278594       6.865698       6.57649        6.410722       6.413206       6.619212       6.8337         1.70141E+38    1.70141E+38    1.70141E+38    

6.877101       7.002687       7.121046       7.191715       7.26219        7.37427        7.520864       7.696196       7.870927       7.999359       8.045957       7.962604       7.7173         7.29881        6.865542       6.568105       6.427626       6.531704       6.816239       7.001976       1.70141E+38    1.70141E+38    1.70141E+38    

6.80651        6.943176       7.097657       7.205369       7.278897       7.364439       7.463538       7.588061       7.738305       7.907703       8.043156       8.03364        7.799319       7.389099       6.986637       6.713752       6.555789       6.690807       7.006271       7.166646       1.70141E+38    1.70141E+38    1.70141E+38    

6.733517       6.866275       7.05714        7.223843       7.35508        7.506647       7.666729       7.818288       7.914994       8.003593       8.105552       8.120991       7.950512       7.633516       7.276085       6.993041       6.830708       6.914904       7.164316       7.323231       1.70141E+38    1.70141E+38    1.70141E+38    

6.762249       6.807316       7.0231         7.267599       7.470541       7.659569       7.858893       8.052394       8.185784       8.254066       8.291836       8.276458       8.133764       7.874584       7.539269       7.276577       7.202095       7.289424       7.419996       7.531231       1.70141E+38    1.70141E+38    1.70141E+38    

6.939127       6.79288        6.934895       7.21448        7.472384       7.694602       7.886744       8.090659       8.259315       8.373562       8.429849       8.414656       8.28318        8.023692       7.713758       7.56003        7.644784       7.747774       7.805719       7.819911       1.70141E+38    1.70141E+38    1.70141E+38    

7.264558       6.963783       6.84868        7.022179       7.266719       7.489054       7.676065       7.895841       8.130059       8.321267       8.4499         8.483692       8.385399       8.138054       7.860823       7.816401       7.975027       8.100362       8.141774       8.113108       1.70141E+38    1.70141E+38    1.70141E+38    

7.598578       7.345354       7.052193       7.014358       7.052656       7.222201       7.431762       7.62947        7.885999       8.162396       8.399388       8.508451       8.453782       8.239537       8.00432        7.994599       8.13738        8.251587       8.30832        8.30612        1.70141E+38    1.70141E+38    1.70141E+38    

7.836938       7.702468       7.486648       7.409201       7.29764        7.310686       7.505275       7.719413       7.943257       8.168348       8.40039        8.541247       8.528147       8.36834        8.165919       8.087164       8.12514        8.21018        8.283369       8.323914       1.70141E+38    1.70141E+38    1.70141E+38    

7.981831       7.957621       7.862973       7.812459       7.751625       7.705176       7.794987       7.954753       8.142456       8.318525       8.480072       8.584155       8.590767       8.481272       8.29127        8.090622       7.969345       7.981117       8.053387       8.125731       1.70141E+38    1.70141E+38    1.70141E+38    

8.007236       8.044839       8.019816       7.993217       7.987412       7.987733       8.019195       8.088583       8.204251       8.337265       8.47206        8.572167       8.589318       8.522607       8.342962       8.047615       7.734293       7.598616       7.646559       7.734482       1.70141E+38    1.70141E+38    1.70141E+38    

7.85407        7.930623       7.923057       7.892553       7.922769       7.946432       7.977082       8.023337       8.098067       8.190406       8.322426       8.464548       8.52771        8.494822       8.347704       8.064322       7.702552       7.389504       7.276624       7.33058        1.70141E+38    1.70141E+38    1.70141E+38    

7.562189       7.616444       7.579192       7.537987       7.591317       7.65485        7.700542       7.727259       7.781089       7.864992       8.059399       8.301769       8.419456       8.413294       8.284486       8.040559       7.727483       7.378528       7.08928        7.007513       1.70141E+38    1.70141E+38    1.70141E+38    

7.200483       7.22748        7.239749       7.228343       7.261282       7.352798       7.372809       7.385917       7.483903       7.70728        7.961776       8.202706       8.295747       8.279667       8.174023       7.9851         7.728833       7.419374       7.134          6.908001       1.70141E+38    1.70141E+38    1.70141E+38    

7.050676       7.173842       7.304379       7.396303       7.423728       7.43324        7.454775       7.477641       7.578114       7.815509       8.052835       8.199834       8.229916       8.116406       7.981278       7.86839        7.726356       7.547131       7.34447        7.121351       1.70141E+38    1.70141E+38    1.70141E+38    

7.215599       7.37252        7.462745       7.529482       7.541275       7.559557       7.5854         7.669977       7.780226       7.94886        8.112915       8.21035        8.218634       8.093245       7.866793       7.69097        7.589974       7.511923       7.427934       7.280861       1.70141E+38    1.70141E+38    1.70141E+38    

7.233616       7.345893       7.376351       7.377905       7.387658       7.435216       7.534626       7.71947        7.88997        8.002235       8.081491       8.139301       8.183084       8.146304       8.000214       7.77814        7.525249       7.344131       7.273489       7.21607        1.70141E+38    1.70141E+38    1.70141E+38    

7.051857       7.120378       7.13937        7.174976       7.25726        7.37219        7.536808       7.719958       7.860897       7.941957       7.95422        7.944986       8.017234       8.080066       8.063075       7.983866       7.78373        7.445692       4.31515        4.359534       1.70141E+38    1.70141E+38    1.70141E+38    

6.745031       6.874701       7.003803       7.179765       7.349066       7.50002        7.629959       7.703968       7.747303       7.772579       7.75766        7.678259       7.727293       7.847572       7.922533       7.996815       7.961878       7.772967       7.449644       4.248322       1.70141E+38    1.70141E+38    1.70141E+38    

1.70141E+38    1.70141E+38    1.70141E+38    1.70141E+38    1.70141E+38    1.70141E+38    1.70141E+38    1.70141E+38    1.70141E+38    1.70141E+38    1.70141E+38    1.70141E+38    1.70141E+38    1.70141E+38    1.70141E+38    1.70141E+38    1.70141E+38    1.70141E+38    1.70141E+38    1.70141E+38    1.70141E+38    1.70141E+38    1.70141E+38    

1.70141E+38    1.70141E+38    1.70141E+38    1.70141E+38    1.70141E+38    1.70141E+38    1.70141E+38    1.70141E+38    1.70141E+38    1.70141E+38    1.70141E+38    1.70141E+38    1.70141E+38    1.70141E+38    1.70141E+38    1.70141E+38    1.70141E+38    1.70141E+38    1.70141E+38    1.70141E+38    1.70141E+38    1.70141E+38    1.70141E+38    

1.70141E+38    1.70141E+38    1.70141E+38    1.70141E+38    1.70141E+38    1.70141E+38    1.70141E+38    1.70141E+38    1.70141E+38    1.70141E+38    1.70141E+38    1.70141E+38    1.70141E+38    1.70141E+38    1.70141E+38    1.70141E+38    1.70141E+38    1.70141E+38    1.70141E+38    1.70141E+38    1.70141E+38    1.70141E+38    1.70141E+38    

1.70141E+38    1.70141E+38    1.70141E+38    1.70141E+38    1.70141E+38    1.70141E+38    1.70141E+38    1.70141E+38    1.70141E+38    1.70141E+38    1.70141E+38    1.70141E+38    1.70141E+38    1.70141E+38    1.70141E+38    1.70141E+38    1.70141E+38    1.70141E+38    1.70141E+38    1.70141E+38    1.70141E+38    1.70141E+38    1.70141E+38    

1.70141E+38    1.70141E+38    1.70141E+38    1.70141E+38    1.70141E+38    1.70141E+38    1.70141E+38    1.70141E+38    1.70141E+38    1.70141E+38    1.70141E+38    1.70141E+38    1.70141E+38    1.70141E+38    1.70141E+38    1.70141E+38    1.70141E+38    1.70141E+38    1.70141E+38    1.70141E+38    1.70141E+38    1.70141E+38    1.70141E+38    

1.70141E+38    1.70141E+38    1.70141E+38    1.70141E+38    1.70141E+38    1.70141E+38    1.70141E+38    1.70141E+38    1.70141E+38    1.70141E+38    1.70141E+38    1.70141E+38    1.70141E+38    1.70141E+38    1.70141E+38    1.70141E+38    1.70141E+38    1.70141E+38    1.70141E+38    1.70141E+38    1.70141E+38    1.70141E+38    1.70141E+38    

1.70141E+38    1.70141E+38    1.70141E+38    1.70141E+38    1.70141E+38    1.70141E+38    1.70141E+38    1.70141E+38    1.70141E+38    1.70141E+38    1.70141E+38    1.70141E+38    1.70141E+38    1.70141E+38    1.70141E+38    1.70141E+38    1.70141E+38    1.70141E+38    1.70141E+38    1.70141E+38    1.70141E+38    1.70141E+38    1.70141E+38    

1.70141E+38    1.70141E+38    1.70141E+38    1.70141E+38    1.70141E+38    1.70141E+38    1.70141E+38    1.70141E+38    1.70141E+38    1.70141E+38    1.70141E+38    1.70141E+38    1.70141E+38    1.70141E+38    1.70141E+38    1.70141E+38    1.70141E+38    1.70141E+38    1.70141E+38    1.70141E+38    1.70141E+38    1.70141E+38    1.70141E+38    

