py_wake/examples/data/ParqueFicticio/Ridge area   Sector 4   Height 200m   Weibull-A.grd
DSAA
23  33
 262878   265078
 6504214   6507414
 7.44609   12.93253
1.70141E+38    1.70141E+38    1.70141E+38    1.70141E+38    1.70141E+38    1.70141E+38    1.70141E+38    1.70141E+38    1.70141E+38    1.70141E+38    1.70141E+38    1.70141E+38    1.70141E+38    1.70141E+38    1.70141E+38    1.70141E+38    1.70141E+38    1.70141E+38    1.70141E+38    1.70141E+38    1.70141E+38    1.70141E+38    1.70141E+38    

1.70141E+38    1.70141E+38    1.70141E+38    1.70141E+38    1.70141E+38    1.70141E+38    1.70141E+38    1.70141E+38    1.70141E+38    1.70141E+38    1.70141E+38    1.70141E+38    1.70141E+38    1.70141E+38    1.70141E+38    1.70141E+38    1.70141E+38    1.70141E+38    1.70141E+38    1.70141E+38    1.70141E+38    1.70141E+38    1.70141E+38    

1.70141E+38    1.70141E+38    1.70141E+38    1.70141E+38    1.70141E+38    1.70141E+38    1.70141E+38    1.70141E+38    1.70141E+38    1.70141E+38    1.70141E+38    1.70141E+38    1.70141E+38    1.70141E+38    1.70141E+38    1.70141E+38    1.70141E+38    1.70141E+38    1.70141E+38    1.70141E+38    1.70141E+38    1.70141E+38    1.70141E+38    

1.70141E+38    1.70141E+38    1.70141E+38    1.70141E+38    1.70141E+38    1.70141E+38    1.70141E+38    1.70141E+38    1.70141E+38    1.70141E+38    1.70141E+38    1.70141E+38    1.70141E+38    1.70141E+38    1.70141E+38    1.70141E+38    1.70141E+38    1.70141E+38    1.70141E+38    1.70141E+38    1.70141E+38    1.70141E+38    1.70141E+38    

1.70141E+38    1.70141E+38    1.70141E+38    1.70141E+38    1.70141E+38    1.70141E+38    1.70141E+38    1.70141E+38    1.70141E+38    1.70141E+38    1.70141E+38    1.70141E+38    1.70141E+38    1.70141E+38    1.70141E+38    1.70141E+38    1.70141E+38    1.70141E+38    1.70141E+38    1.70141E+38    1.70141E+38    1.70141E+38    1.70141E+38    

8.62466        8.771698       9.012031       9.367264       9.76194        10.16779       10.54112       10.9914        11.45924       11.93493       12.28475       12.4282        12.31792       11.88856       11.11006       10.31839       9.735806       9.524669       9.799941       10.3508        1.70141E+38    1.70141E+38    1.70141E+38    

8.495237       8.699998       8.914489       9.215089       9.611399       10.04559       10.51554       11.06231       11.58663       12.05846       12.40368       12.5185        12.32954       11.73819       10.82095       10.03548       9.580422       9.611443       10.15073       10.71892       1.70141E+38    1.70141E+38    1.70141E+38    

8.054094       8.453738       8.853677       9.112907       9.377756       9.76025        10.28168       10.89861       11.52345       12.07468       12.46035       12.56634       12.32348       11.61799       10.66334       9.930601       9.600413       9.845861       10.50327       10.9843        1.70141E+38    1.70141E+38    1.70141E+38    

7.592659       8.034065       8.574436       8.980558       9.302752       9.70033        10.20646       10.79749       11.41553       12.01571       12.46844       12.58545       12.3254        11.59261       10.69295       10.05497       9.76858        10.10075       10.77898       11.16946       1.70141E+38    1.70141E+38    1.70141E+38    

7.44609        7.876669       8.490604       9.006425       9.405519       9.9033         10.45892       11.04338       11.55244       12.042         12.46137       12.59332       12.36452       11.73899       10.92038       10.29635       10.07117       10.37889       10.95154       11.28826       1.70141E+38    1.70141E+38    1.70141E+38    

7.671003       7.850852       8.50733        9.174749       9.667307       10.13949       10.6632        11.23059       11.71968       12.1261        12.47098       12.60649       12.42363       11.89059       11.10244       10.48197       10.4213        10.76532       11.16322       11.38718       1.70141E+38    1.70141E+38    1.70141E+38    

8.081045       7.780374       8.314142       9.138492       9.7701         10.28707       10.73108       11.23669       11.717         12.1367        12.47649       12.62817       12.48332       11.96739       11.1839        10.69066       10.85867       11.18209       11.41024       11.47117       1.70141E+38    1.70141E+38    1.70141E+38    

8.879292       8.261903       8.0627         8.728544       9.462983       10.01795       10.4677        10.98563       11.53727       12.04049       12.45542       12.65453       12.54683       12.05943       11.30958       10.97835       11.22061       11.46419       11.55832       11.49361       1.70141E+38    1.70141E+38    1.70141E+38    

9.513831       9.152324       8.578127       8.713161       8.998623       9.583501       10.16285       10.67293       11.26583       11.88072       12.41903       12.68281       12.61623       12.18789       11.5409        11.30484       11.43277       11.55053       11.56231       11.42778       1.70141E+38    1.70141E+38    1.70141E+38    

9.855778       9.737143       9.430199       9.526122       9.507209       9.749073       10.29184       10.81989       11.35634       11.89599       12.42199       12.713         12.69311       12.37288       11.86828       11.55071       11.44828       11.43959       11.39402       11.23649       1.70141E+38    1.70141E+38    1.70141E+38    

10.06242       10.11388       9.998865       10.06121       10.13627       10.25161       10.62482       11.08986       11.58809       12.05908       12.48523       12.74669       12.76946       12.55048       12.14042       11.6536        11.28357       11.12666       11.03683       10.86819       1.70141E+38    1.70141E+38    1.70141E+38    

10.20476       10.32228       10.2874        10.31905       10.48453       10.69356       10.96896       11.30594       11.7105        12.12343       12.51283       12.77956       12.8375        12.6728        12.28493       11.65326       10.97752       10.5996        10.49207       10.39264       1.70141E+38    1.70141E+38    1.70141E+38    

10.15054       10.29121       10.26128       10.24794       10.49114       10.74838       11.03715       11.3549        11.71259       12.08266       12.48891       12.81256       12.89819       12.74091       12.33437       11.67384       10.88483       10.26034       9.978003       9.922846       1.70141E+38    1.70141E+38    1.70141E+38    

9.984951       10.0528        9.968469       9.980043       10.24473       10.56116       10.8756        11.17893       11.52994       11.92974       12.44927       12.85685       12.93253       12.74215       12.27749       11.55621       10.80848       10.16199       9.695223       9.538389       1.70141E+38    1.70141E+38    1.70141E+38    

9.641782       9.675749       9.722932       9.822185       10.04909       10.39325       10.66843       10.96815       11.39583       11.97557       12.53917       12.88757       12.91488       12.65525       12.11967       11.39758       10.68534       10.0908        9.67698        9.417015       1.70141E+38    1.70141E+38    1.70141E+38    

9.468595       9.691361       9.951008       10.19584       10.38129       10.59141       10.87135       11.19319       11.62893       12.19652       12.65374       12.86134       12.81351       12.44531       11.79384       11.15807       10.65413       10.26693       9.952884       9.671634       1.70141E+38    1.70141E+38    1.70141E+38    

9.742373       10.0374        10.23998       10.44895       10.6066        10.82809       11.10118       11.4978        11.92505       12.36863       12.66869       12.76645       12.63836       12.18779       11.42902       10.80006       10.4515        10.24267       10.0992        9.903362       1.70141E+38    1.70141E+38    1.70141E+38    

9.8259         10.06194       10.17986       10.28839       10.46248       10.74643       11.139         11.66724       12.1249        12.43732       12.59011       12.58185       12.39264       11.9692        11.33056       10.75281       10.30317       10.03435       9.93309        9.857012       1.70141E+38    1.70141E+38    1.70141E+38    

9.618061       9.789691       9.90569        10.09403       10.40956       10.81672       11.32361       11.82078       12.18388       12.38991       12.40981       12.26455       12.03089       11.67919       11.26318       10.91367       10.52587       10.0804        9.776322       9.628808       1.70141E+38    1.70141E+38    1.70141E+38    

9.127614       9.451167       9.783496       10.22096       10.68334       11.15936       11.61142       11.93812       12.14564       12.21761       12.13196       11.85357       11.57548       11.27697       10.98983       10.87486       10.72089       10.39954       10.00458       9.688089       1.70141E+38    1.70141E+38    1.70141E+38    

1.70141E+38    1.70141E+38    1.70141E+38    1.70141E+38    1.70141E+38    1.70141E+38    1.70141E+38    1.70141E+38    1.70141E+38    1.70141E+38    1.70141E+38    1.70141E+38    1.70141E+38    1.70141E+38    1.70141E+38    1.70141E+38    1.70141E+38    1.70141E+38    1.70141E+38    1.70141E+38    1.70141E+38    1.70141E+38    1.70141E+38    

1.70141E+38    1.70141E+38    1.70141E+38    1.70141E+38    1.70141E+38    1.70141E+38    1.70141E+38    1.70141E+38    1.70141E+38    1.70141E+38    1.70141E+38    1.70141E+38    1.70141E+38    1.70141E+38    1.70141E+38    1.70141E+38    1.70141E+38    1.70141E+38    1.70141E+38    1.70141E+38    1.70141E+38    1.70141E+38    1.70141E+38    

1.70141E+38    1.70141E+38    1.70141E+38    1.70141E+38    1.70141E+38    1.70141E+38    1.70141E+38    1.70141E+38    1.70141E+38    1.70141E+38    1.70141E+38    1.70141E+38    1.70141E+38    1.70141E+38    1.70141E+38    1.70141E+38    1.70141E+38    1.70141E+38    1.70141E+38    1.70141E+38    1.70141E+38    1.70141E+38    1.70141E+38    

1.70141E+38    1.70141E+38    1.70141E+38    1.70141E+38    1.70141E+38    1.70141E+38    1.70141E+38    1.70141E+38    1.70141E+38    1.70141E+38    1.70141E+38    1.70141E+38    1.70141E+38    1.70141E+38    1.70141E+38    1.70141E+38    1.70141E+38    1.70141E+38    1.70141E+38    1.70141E+38    1.70141E+38    1.70141E+38    1.70141E+38    

1.70141E+38    1.70141E+38    1.70141E+38    1.70141E+38    1.70141E+38    1.70141E+38    1.70141E+38    1.70141E+38    1.70141E+38    1.70141E+38    1.70141E+38    1.70141E+38    1.70141E+38    1.70141E+38    1.70141E+38    1.70141E+38    1.70141E+38    1.70141E+38    1.70141E+38    1.70141E+38    1.70141E+38    1.70141E+38    1.70141E+38    

1.70141E+38    1.70141E+38    1.70141E+38    1.70141E+38    1.70141E+38    1.70141E+38    1.70141E+38    1.70141E+38    1.70141E+38    1.70141E+38    1.70141E+38    1.70141E+38    1.70141E+38    1.70141E+38    1.70141E+38    1.70141E+38    1.70141E+38    1.70141E+38    1.70141E+38    1.70141E+38    1.70141E+38    1.70141E+38    1.70141E+38    

1.70141E+38    1.70141E+38    1.70141E+38    1.70141E+38    1.70141E+38    1.70141E+38    1.70141E+38    1.70141E+38    1.70141E+38    1.70141E+38    1.70141E+38    1.70141E+38    1.70141E+38    1.70141E+38    1.70141E+38    1.70141E+38    1.70141E+38    1.70141E+38    1.70141E+38    1.70141E+38    1.70141E+38    1.70141E+38    1.70141E+38    

1.70141E+38    1.70141E+38    1.70141E+38    1.70141E+38    1.70141E+38    1.70141E+38    1.70141E+38    1.70141E+38    1.70141E+38    1.70141E+38    1.70141E+38    1.70141E+38    1.70141E+38    1.70141E+38    1.70141E+38    1.70141E+38    1.70141E+38    1.70141E+38    1.70141E+38    1.70141E+38    1.70141E+38    1.70141E+38    1.70141E+38    

