py_wake/examples/data/ParqueFicticio/Ridge area   Sector 8   Height 30m   Flow inclination.grd
DSAA
23  33
 262878   265078
 6504214   6507414
-17.84181   24.3084
1.70141E+38    1.70141E+38    1.70141E+38    1.70141E+38    1.70141E+38    1.70141E+38    1.70141E+38    1.70141E+38    1.70141E+38    1.70141E+38    1.70141E+38    1.70141E+38    1.70141E+38    1.70141E+38    1.70141E+38    1.70141E+38    1.70141E+38    1.70141E+38    1.70141E+38    1.70141E+38    1.70141E+38    1.70141E+38    1.70141E+38    

1.70141E+38    1.70141E+38    1.70141E+38    1.70141E+38    1.70141E+38    1.70141E+38    1.70141E+38    1.70141E+38    1.70141E+38    1.70141E+38    1.70141E+38    1.70141E+38    1.70141E+38    1.70141E+38    1.70141E+38    1.70141E+38    1.70141E+38    1.70141E+38    1.70141E+38    1.70141E+38    1.70141E+38    1.70141E+38    1.70141E+38    

1.70141E+38    1.70141E+38    1.70141E+38    1.70141E+38    1.70141E+38    1.70141E+38    1.70141E+38    1.70141E+38    1.70141E+38    1.70141E+38    1.70141E+38    1.70141E+38    1.70141E+38    1.70141E+38    1.70141E+38    1.70141E+38    1.70141E+38    1.70141E+38    1.70141E+38    1.70141E+38    1.70141E+38    1.70141E+38    1.70141E+38    

1.70141E+38    1.70141E+38    1.70141E+38    1.70141E+38    1.70141E+38    1.70141E+38    1.70141E+38    1.70141E+38    1.70141E+38    1.70141E+38    1.70141E+38    1.70141E+38    1.70141E+38    1.70141E+38    1.70141E+38    1.70141E+38    1.70141E+38    1.70141E+38    1.70141E+38    1.70141E+38    1.70141E+38    1.70141E+38    1.70141E+38    

1.70141E+38    1.70141E+38    1.70141E+38    1.70141E+38    1.70141E+38    1.70141E+38    1.70141E+38    1.70141E+38    1.70141E+38    1.70141E+38    1.70141E+38    1.70141E+38    1.70141E+38    1.70141E+38    1.70141E+38    1.70141E+38    1.70141E+38    1.70141E+38    1.70141E+38    1.70141E+38    1.70141E+38    1.70141E+38    1.70141E+38    

7.825417       7.850717       8.352629       10.20142       11.9616        13.09896       15.79183       18.4636        19.23251       18.30352       14.4435        11.22665       3.952703       -1.883495      -6.207221      -10.91846      1.605366       -12.01801      -2.660193      14.81204       1.70141E+38    1.70141E+38    1.70141E+38    

7.959773       10.18187       11.20858       9.909658       8.369547       7.701742       8.314669       10.24035       11.8923        13.15749       10.9567        7.176325       1.326602       6.191871       -2.953969      5.099158       5.875717       -15.70016      -1.006578      16.44687       1.70141E+38    1.70141E+38    1.70141E+38    

7.225641       9.176543       11.27171       11.07146       10.0462        9.146462       8.190131       8.790945       9.024614       9.350505       8.483497       4.332195       -.3512792      2.359598       24.3084        13.3654        8.954371       -4.138132      7.965882       15.46372       1.70141E+38    1.70141E+38    1.70141E+38    

6.989248       8.179097       8.704065       10.03685       12.1974        14.64445       15.27416       13.90173       12.16255       11.34618       10.50537       4.660564       .5566246       8.443067       22.6583        22.38443       12.54498       3.618472       12.45914       12.31371       1.70141E+38    1.70141E+38    1.70141E+38    

8.514039       9.597555       11.05754       12.81156       15.02905       16.78557       19.52639       21.32315       19.41227       16.71546       13.72284       7.903068       3.772996       6.161886       10.43893       16.18583       16.59529       4.735829       13.95098       10.91041       1.70141E+38    1.70141E+38    1.70141E+38    

10.62434       10.65697       11.56529       13.58631       16.08244       17.24526       18.26321       18.32392       17.50922       16.22845       14.32771       9.231883       4.534932       5.34717        10.91048       23.17846       19.28515       17.27164       16.88036       11.29288       1.70141E+38    1.70141E+38    1.70141E+38    

12.91037       10.72673       10.50478       11.10546       10.95316       11.02699       10.7264        10.17696       9.076298       9.550759       10.14212       7.178745       2.625373       2.850735       3.071461       17.66712       21.90362       19.7138        16.4031        9.156127       1.70141E+38    1.70141E+38    1.70141E+38    

14.76716       12.60363       10.50056       7.568107       4.967196       3.776456       3.470584       4.520213       5.205506       6.262182       7.429972       5.242295       2.056093       2.338082       7.439116       2.715994       11.48067       12.95046       9.454292       3.967995       1.70141E+38    1.70141E+38    1.70141E+38    

14.6706        13.63482       14.43789       13.16174       7.773346       6.99488        6.575916       6.282125       7.847947       9.041455       9.785769       7.741675       2.518699       3.056967       13.51284       6.955166       6.734148       4.178262       .7135787       -2.113725      1.70141E+38    1.70141E+38    1.70141E+38    

12.88559       13.04909       16.42849       18.67519       16.52728       15.94137       16.06368       16.02793       15.55655       15.02221       13.85545       8.524256       3.540703       3.974134       5.703801       3.848618       -1.866666      -6.43535       -8.906375      -10.04193      1.70141E+38    1.70141E+38    1.70141E+38    

11.79134       11.76846       14.5595        15.9112        17.63157       20.27074       19.84744       17.9023        16.32568       14.33375       11.9181        7.707015       3.382552       2.435842       2.234918       -2.994268      -9.527077      -12.89041      -14.87247      -15.47354      1.70141E+38    1.70141E+38    1.70141E+38    

6.571675       5.11586        5.924325       7.515533       9.771741       12.75531       13.38967       12.26247       9.488132       6.533023       4.968863       3.262487       .9908532       -.7670674      -2.996655      -6.7508        -10.28569      -12.90556      -15.5243       -17.4265       1.70141E+38    1.70141E+38    1.70141E+38    

-.2916469      -2.901443      -2.57581       .1849241       2.582463       3.70825        4.064536       3.316436       2.126606       1.216497       1.896187       2.231133       .3670376       -3.425546      -7.151535      -7.321881      -7.848656      -8.440956      -3.356081      -15.65739      1.70141E+38    1.70141E+38    1.70141E+38    

-4.028587      -6.528321      -6.529833      7.324295       6.378708       3.979365       2.564447       1.764341       1.558332       .6737792       4.792772       4.932423       -.4180959      -6.440315      -10.1084       -9.498711      -7.5266        -7.423271      -2.184879      -8.55687       1.70141E+38    1.70141E+38    1.70141E+38    

-4.205773      6.317402       1.029739       -8.344568      -6.054332      -.6265981      -.8280274      -.09955167     -2.522928      3.732702       8.805888       5.975416       -2.501443      -8.32232       -12.11631      -8.080214      -3.625158      -3.53539       4.556389       -.7739567      1.70141E+38    1.70141E+38    1.70141E+38    

2.546244       3.28532        6.960459       7.287947       5.127369       5.441          5.993133       7.012929       10.71725       13.04458       10.34606       2.640666       -4.804397      -9.028056      -.5200442      -13.95798      -10.57828      6.814895       9.045738       12.3391        1.70141E+38    1.70141E+38    1.70141E+38    

11.62578       10.14794       7.976612       4.216619       2.899699       2.870492       6.982766       11.11449       14.133         11.70084       4.802547       -1.432267      -6.346837      4.387798       6.549997       -.2154245      -2.678245      -4.114723      -1.767884      -.189985       1.70141E+38    1.70141E+38    1.70141E+38    

4.988674       .8222796       -1.899757      -2.343271      -.4108042      3.353704       9.208281       11.98941       9.594554       5.000878       -2.455003      -6.226038      -7.484657      -.9458554      -4.031085      -3.480139      -6.427412      -6.121269      -1.274134      .3625214       1.70141E+38    1.70141E+38    1.70141E+38    

-2.45331       -3.039925      -1.663938      1.578701       6.8445         12.41332       14.66571       9.756807       2.19826        -3.462635      -6.058105      -2.975152      -3.495323      -9.797778      -8.537416      -11.29406      -15.5793       -17.84181      -16.31965      -10.56803      1.70141E+38    1.70141E+38    1.70141E+38    

-1.088087      1.167167       5.236019       10.03463       13.12587       14.21878       10.1829        3.143077       -4.230422      -7.553564      -5.620758      -4.812891      -16.55345      -13.4206       -11.08866      -4.66916       -3.904062      8.631881       -16.1694       -14.21399      1.70141E+38    1.70141E+38    1.70141E+38    

1.70141E+38    1.70141E+38    1.70141E+38    1.70141E+38    1.70141E+38    1.70141E+38    1.70141E+38    1.70141E+38    1.70141E+38    1.70141E+38    1.70141E+38    1.70141E+38    1.70141E+38    1.70141E+38    1.70141E+38    1.70141E+38    1.70141E+38    1.70141E+38    1.70141E+38    1.70141E+38    1.70141E+38    1.70141E+38    1.70141E+38    

1.70141E+38    1.70141E+38    1.70141E+38    1.70141E+38    1.70141E+38    1.70141E+38    1.70141E+38    1.70141E+38    1.70141E+38    1.70141E+38    1.70141E+38    1.70141E+38    1.70141E+38    1.70141E+38    1.70141E+38    1.70141E+38    1.70141E+38    1.70141E+38    1.70141E+38    1.70141E+38    1.70141E+38    1.70141E+38    1.70141E+38    

1.70141E+38    1.70141E+38    1.70141E+38    1.70141E+38    1.70141E+38    1.70141E+38    1.70141E+38    1.70141E+38    1.70141E+38    1.70141E+38    1.70141E+38    1.70141E+38    1.70141E+38    1.70141E+38    1.70141E+38    1.70141E+38    1.70141E+38    1.70141E+38    1.70141E+38    1.70141E+38    1.70141E+38    1.70141E+38    1.70141E+38    

1.70141E+38    1.70141E+38    1.70141E+38    1.70141E+38    1.70141E+38    1.70141E+38    1.70141E+38    1.70141E+38    1.70141E+38    1.70141E+38    1.70141E+38    1.70141E+38    1.70141E+38    1.70141E+38    1.70141E+38    1.70141E+38    1.70141E+38    1.70141E+38    1.70141E+38    1.70141E+38    1.70141E+38    1.70141E+38    1.70141E+38    

1.70141E+38    1.70141E+38    1.70141E+38    1.70141E+38    1.70141E+38    1.70141E+38    1.70141E+38    1.70141E+38    1.70141E+38    1.70141E+38    1.70141E+38    1.70141E+38    1.70141E+38    1.70141E+38    1.70141E+38    1.70141E+38    1.70141E+38    1.70141E+38    1.70141E+38    1.70141E+38    1.70141E+38    1.70141E+38    1.70141E+38    

1.70141E+38    1.70141E+38    1.70141E+38    1.70141E+38    1.70141E+38    1.70141E+38    1.70141E+38    1.70141E+38    1.70141E+38    1.70141E+38    1.70141E+38    1.70141E+38    1.70141E+38    1.70141E+38    1.70141E+38    1.70141E+38    1.70141E+38    1.70141E+38    1.70141E+38    1.70141E+38    1.70141E+38    1.70141E+38    1.70141E+38    

1.70141E+38    1.70141E+38    1.70141E+38    1.70141E+38    1.70141E+38    1.70141E+38    1.70141E+38    1.70141E+38    1.70141E+38    1.70141E+38    1.70141E+38    1.70141E+38    1.70141E+38    1.70141E+38    1.70141E+38    1.70141E+38    1.70141E+38    1.70141E+38    1.70141E+38    1.70141E+38    1.70141E+38    1.70141E+38    1.70141E+38    

1.70141E+38    1.70141E+38    1.70141E+38    1.70141E+38    1.70141E+38    1.70141E+38    1.70141E+38    1.70141E+38    1.70141E+38    1.70141E+38    1.70141E+38    1.70141E+38    1.70141E+38    1.70141E+38    1.70141E+38    1.70141E+38    1.70141E+38    1.70141E+38    1.70141E+38    1.70141E+38    1.70141E+38    1.70141E+38    1.70141E+38    

