py_wake/examples/data/ParqueFicticio/Ridge area   Sector 2   Height 200m   Flow inclination.grd
DSAA
23  33
 262878   265078
 6504214   6507414
-9.796172   10.36236
1.70141E+38    1.70141E+38    1.70141E+38    1.70141E+38    1.70141E+38    1.70141E+38    1.70141E+38    1.70141E+38    1.70141E+38    1.70141E+38    1.70141E+38    1.70141E+38    1.70141E+38    1.70141E+38    1.70141E+38    1.70141E+38    1.70141E+38    1.70141E+38    1.70141E+38    1.70141E+38    1.70141E+38    1.70141E+38    1.70141E+38    

1.70141E+38    1.70141E+38    1.70141E+38    1.70141E+38    1.70141E+38    1.70141E+38    1.70141E+38    1.70141E+38    1.70141E+38    1.70141E+38    1.70141E+38    1.70141E+38    1.70141E+38    1.70141E+38    1.70141E+38    1.70141E+38    1.70141E+38    1.70141E+38    1.70141E+38    1.70141E+38    1.70141E+38    1.70141E+38    1.70141E+38    

1.70141E+38    1.70141E+38    1.70141E+38    1.70141E+38    1.70141E+38    1.70141E+38    1.70141E+38    1.70141E+38    1.70141E+38    1.70141E+38    1.70141E+38    1.70141E+38    1.70141E+38    1.70141E+38    1.70141E+38    1.70141E+38    1.70141E+38    1.70141E+38    1.70141E+38    1.70141E+38    1.70141E+38    1.70141E+38    1.70141E+38    

1.70141E+38    1.70141E+38    1.70141E+38    1.70141E+38    1.70141E+38    1.70141E+38    1.70141E+38    1.70141E+38    1.70141E+38    1.70141E+38    1.70141E+38    1.70141E+38    1.70141E+38    1.70141E+38    1.70141E+38    1.70141E+38    1.70141E+38    1.70141E+38    1.70141E+38    1.70141E+38    1.70141E+38    1.70141E+38    1.70141E+38    

1.70141E+38    1.70141E+38    1.70141E+38    1.70141E+38    1.70141E+38    1.70141E+38    1.70141E+38    1.70141E+38    1.70141E+38    1.70141E+38    1.70141E+38    1.70141E+38    1.70141E+38    1.70141E+38    1.70141E+38    1.70141E+38    1.70141E+38    1.70141E+38    1.70141E+38    1.70141E+38    1.70141E+38    1.70141E+38    1.70141E+38    

-7.505798      -8.023685      -8.436466      -8.620462      -8.679611      -8.720869      -8.816806      -8.763775      -8.527648      -7.825153      -6.793034      -5.587404      -4.254235      -2.998029      -2.369756      -3.13877       -4.68924       -6.085299      -6.47849       -5.972279      1.70141E+38    1.70141E+38    1.70141E+38    

-7.668916      -8.180569      -8.627916      -8.819123      -8.802139      -8.692548      -8.507108      -8.217311      -7.760125      -7.038212      -5.999156      -4.809223      -3.614585      -2.564803      -2.503587      -4.068574      -6.013814      -7.073944      -6.817318      -5.691228      1.70141E+38    1.70141E+38    1.70141E+38    

-7.860497      -8.253236      -8.635372      -8.998126      -9.212339      -9.190709      -8.959108      -8.481941      -7.775838      -6.832374      -5.645877      -4.405708      -3.232441      -2.444483      -3.020272      -4.948324      -6.949584      -7.568144      -6.766126      -5.293181      1.70141E+38    1.70141E+38    1.70141E+38    

-8.147792      -8.452806      -8.772457      -9.180908      -9.571969      -9.758842      -9.735263      -9.302567      -8.457673      -7.258506      -5.749212      -4.354135      -3.189182      -2.576434      -3.363139      -5.222713      -7.142634      -7.569739      -6.41836       -4.838724      1.70141E+38    1.70141E+38    1.70141E+38    

-8.528183      -8.75522       -8.988467      -9.320501      -9.679597      -9.796172      -9.716672      -9.254459      -8.559253      -7.487146      -5.955172      -4.426836      -3.262858      -2.680802      -3.230681      -4.833807      -6.559709      -7.077168      -6.011137      -4.385969      1.70141E+38    1.70141E+38    1.70141E+38    

-8.814678      -8.99133       -9.064589      -9.104047      -9.157902      -9.108604      -8.864679      -8.305718      -7.585151      -6.7752        -5.614138      -4.24279       -3.089618      -2.421211      -2.709153      -4.040588      -5.460475      -5.916188      -5.1152        -3.598943      1.70141E+38    1.70141E+38    1.70141E+38    

-8.908619      -9.10991       -9.062815      -8.780251      -8.483029      -8.181239      -7.88466       -7.418071      -6.800321      -6.049736      -5.060843      -3.856926      -2.728933      -1.953841      -2.06145       -2.995382      -3.87113       -4.011919      -3.349155      -2.207743      1.70141E+38    1.70141E+38    1.70141E+38    

-8.679241      -9.021975      -9.17029       -8.852703      -8.36951       -7.938451      -7.570211      -7.153198      -6.602639      -5.859645      -4.822238      -3.582651      -2.418313      -1.533993      -1.458811      -1.883916      -2.020671      -1.675004      -1.050223      -.2625518      1.70141E+38    1.70141E+38    1.70141E+38    

-8.112014      -8.528982      -9.039855      -9.072462      -8.967383      -8.608338      -8.172681      -7.779142      -7.193147      -6.297391      -4.963307      -3.465512      -2.175508      -1.170339      -.7767134      -.4829501      .0550893       .6875226       1.366311       2.052086       1.70141E+38    1.70141E+38    1.70141E+38    

-7.342992      -7.65884       -8.228064      -8.423489      -8.852839      -9.023475      -8.588828      -8.023271      -7.312927      -6.352274      -4.85561       -3.161196      -1.759038      -.5896363      .3307308       1.294557       2.313504       3.226764       4.006956       4.568425       1.70141E+38    1.70141E+38    1.70141E+38    

-6.235303      -6.283835      -6.628779      -6.911458      -7.359914      -7.814719      -7.613714      -6.996593      -6.113904      -5.102663      -3.829655      -2.384015      -.9772096      .3765986       1.756047       3.260678       4.897511       6.170253       6.983154       7.393843       1.70141E+38    1.70141E+38    1.70141E+38    

-4.793106      -4.707845      -4.829933      -5.129697      -5.484688      -5.741648      -5.715088      -5.337499      -4.623075      -3.731759      -2.658187      -1.386212      .003167823     1.505389       3.206113       5.18708        7.38258        8.935286       9.542823       9.617043       1.70141E+38    1.70141E+38    1.70141E+38    

-3.397246      -3.286851      -3.30717       -3.572026      -4.027909      -4.27622       -4.275713      -3.98953       -3.441224      -2.712735      -1.773872      -.5137988      .9877558       2.650406       4.520271       6.564033       8.361078       9.697875       10.34432       10.36236       1.70141E+38    1.70141E+38    1.70141E+38    

-2.51201       -2.342584      -2.38463       -2.760563      -3.230273      -3.513034      -3.586381      -3.444398      -3.106098      -2.554051      -1.533186      .1157921       1.922743       3.8056         5.859379       7.721189       8.831904       9.439756       9.751776       9.765401       1.70141E+38    1.70141E+38    1.70141E+38    

-2.762556      -2.883695      -3.28084       -3.710466      -3.964834      -4.069041      -4.15367       -4.117301      -3.809206      -2.991335      -1.446411      .7241724       2.884923       5.073616       7.103695       8.509519       9.041649       8.971735       8.582512       8.342459       1.70141E+38    1.70141E+38    1.70141E+38    

-3.911521      -4.073603      -4.189396      -4.290954      -4.432457      -4.54774       -4.578985      -4.435066      -3.81809       -2.438505      -.4894426      1.632327       3.866697       6.513385       8.495291       9.104747       8.895787       8.299448       7.687667       7.302986       1.70141E+38    1.70141E+38    1.70141E+38    

-3.917827      -3.792549      -3.790093      -3.886996      -4.09921       -4.22576       -4.210499      -3.737613      -2.701124      -.98032        .9666499       2.896231       4.927647       7.240091       9.050837       9.447871       8.901509       8.100465       7.389355       6.964696       1.70141E+38    1.70141E+38    1.70141E+38    

-3.256429      -3.203019      -3.337558      -3.70632       -4.146106      -4.254166      -3.844192      -2.67348       -1.014583      .800531        2.725019       4.609505       6.192439       7.575602       8.556862       8.712596       8.367559       7.901073       7.366062       6.921946       1.70141E+38    1.70141E+38    1.70141E+38    

-2.693007      -2.897956      -3.404062      -4.109629      -4.511275      -4.160037      -2.935932      -1.166067      .7219733       2.631821       4.712032       6.744085       7.838251       8.311442       8.46506        7.986046       7.453804       7.023677       6.696785       6.470387       1.70141E+38    1.70141E+38    1.70141E+38    

-2.826332      -3.377395      -3.990939      -4.25606       -3.920909      -2.918794      -1.344321      .4778721       2.448463       4.429297       6.408955       8.326406       9.126168       9.24494        8.971498       7.874713       6.976475       6.308702       5.683505       5.249431       1.70141E+38    1.70141E+38    1.70141E+38    

1.70141E+38    1.70141E+38    1.70141E+38    1.70141E+38    1.70141E+38    1.70141E+38    1.70141E+38    1.70141E+38    1.70141E+38    1.70141E+38    1.70141E+38    1.70141E+38    1.70141E+38    1.70141E+38    1.70141E+38    1.70141E+38    1.70141E+38    1.70141E+38    1.70141E+38    1.70141E+38    1.70141E+38    1.70141E+38    1.70141E+38    

1.70141E+38    1.70141E+38    1.70141E+38    1.70141E+38    1.70141E+38    1.70141E+38    1.70141E+38    1.70141E+38    1.70141E+38    1.70141E+38    1.70141E+38    1.70141E+38    1.70141E+38    1.70141E+38    1.70141E+38    1.70141E+38    1.70141E+38    1.70141E+38    1.70141E+38    1.70141E+38    1.70141E+38    1.70141E+38    1.70141E+38    

1.70141E+38    1.70141E+38    1.70141E+38    1.70141E+38    1.70141E+38    1.70141E+38    1.70141E+38    1.70141E+38    1.70141E+38    1.70141E+38    1.70141E+38    1.70141E+38    1.70141E+38    1.70141E+38    1.70141E+38    1.70141E+38    1.70141E+38    1.70141E+38    1.70141E+38    1.70141E+38    1.70141E+38    1.70141E+38    1.70141E+38    

1.70141E+38    1.70141E+38    1.70141E+38    1.70141E+38    1.70141E+38    1.70141E+38    1.70141E+38    1.70141E+38    1.70141E+38    1.70141E+38    1.70141E+38    1.70141E+38    1.70141E+38    1.70141E+38    1.70141E+38    1.70141E+38    1.70141E+38    1.70141E+38    1.70141E+38    1.70141E+38    1.70141E+38    1.70141E+38    1.70141E+38    

1.70141E+38    1.70141E+38    1.70141E+38    1.70141E+38    1.70141E+38    1.70141E+38    1.70141E+38    1.70141E+38    1.70141E+38    1.70141E+38    1.70141E+38    1.70141E+38    1.70141E+38    1.70141E+38    1.70141E+38    1.70141E+38    1.70141E+38    1.70141E+38    1.70141E+38    1.70141E+38    1.70141E+38    1.70141E+38    1.70141E+38    

1.70141E+38    1.70141E+38    1.70141E+38    1.70141E+38    1.70141E+38    1.70141E+38    1.70141E+38    1.70141E+38    1.70141E+38    1.70141E+38    1.70141E+38    1.70141E+38    1.70141E+38    1.70141E+38    1.70141E+38    1.70141E+38    1.70141E+38    1.70141E+38    1.70141E+38    1.70141E+38    1.70141E+38    1.70141E+38    1.70141E+38    

1.70141E+38    1.70141E+38    1.70141E+38    1.70141E+38    1.70141E+38    1.70141E+38    1.70141E+38    1.70141E+38    1.70141E+38    1.70141E+38    1.70141E+38    1.70141E+38    1.70141E+38    1.70141E+38    1.70141E+38    1.70141E+38    1.70141E+38    1.70141E+38    1.70141E+38    1.70141E+38    1.70141E+38    1.70141E+38    1.70141E+38    

1.70141E+38    1.70141E+38    1.70141E+38    1.70141E+38    1.70141E+38    1.70141E+38    1.70141E+38    1.70141E+38    1.70141E+38    1.70141E+38    1.70141E+38    1.70141E+38    1.70141E+38    1.70141E+38    1.70141E+38    1.70141E+38    1.70141E+38    1.70141E+38    1.70141E+38    1.70141E+38    1.70141E+38    1.70141E+38    1.70141E+38    

