py_wake/examples/data/ParqueFicticio/Ridge area   Sector 10   Height 30m   Weibull-A.grd
DSAA
23  33
 262878   265078
 6504214   6507414
 .5156384   11.93263
1.70141E+38    1.70141E+38    1.70141E+38    1.70141E+38    1.70141E+38    1.70141E+38    1.70141E+38    1.70141E+38    1.70141E+38    1.70141E+38    1.70141E+38    1.70141E+38    1.70141E+38    1.70141E+38    1.70141E+38    1.70141E+38    1.70141E+38    1.70141E+38    1.70141E+38    1.70141E+38    1.70141E+38    1.70141E+38    1.70141E+38    

1.70141E+38    1.70141E+38    1.70141E+38    1.70141E+38    1.70141E+38    1.70141E+38    1.70141E+38    1.70141E+38    1.70141E+38    1.70141E+38    1.70141E+38    1.70141E+38    1.70141E+38    1.70141E+38    1.70141E+38    1.70141E+38    1.70141E+38    1.70141E+38    1.70141E+38    1.70141E+38    1.70141E+38    1.70141E+38    1.70141E+38    

1.70141E+38    1.70141E+38    1.70141E+38    1.70141E+38    1.70141E+38    1.70141E+38    1.70141E+38    1.70141E+38    1.70141E+38    1.70141E+38    1.70141E+38    1.70141E+38    1.70141E+38    1.70141E+38    1.70141E+38    1.70141E+38    1.70141E+38    1.70141E+38    1.70141E+38    1.70141E+38    1.70141E+38    1.70141E+38    1.70141E+38    

1.70141E+38    1.70141E+38    1.70141E+38    1.70141E+38    1.70141E+38    1.70141E+38    1.70141E+38    1.70141E+38    1.70141E+38    1.70141E+38    1.70141E+38    1.70141E+38    1.70141E+38    1.70141E+38    1.70141E+38    1.70141E+38    1.70141E+38    1.70141E+38    1.70141E+38    1.70141E+38    1.70141E+38    1.70141E+38    1.70141E+38    

1.70141E+38    1.70141E+38    1.70141E+38    1.70141E+38    1.70141E+38    1.70141E+38    1.70141E+38    1.70141E+38    1.70141E+38    1.70141E+38    1.70141E+38    1.70141E+38    1.70141E+38    1.70141E+38    1.70141E+38    1.70141E+38    1.70141E+38    1.70141E+38    1.70141E+38    1.70141E+38    1.70141E+38    1.70141E+38    1.70141E+38    

5.961117       5.989682       6.107169       6.515852       7.033729       7.697788       8.102412       8.75584        9.125824       9.873143       10.66668       10.72603       10.37624       8.093525       1.016332       1.371631       1.336998       1.215301       1.792551       3.269179       1.70141E+38    1.70141E+38    1.70141E+38    

6.020432       6.108261       6.160786       6.36276        6.769008       7.218526       7.808312       8.603689       9.37799        10.13321       11.03386       11.01364       9.848033       3.307455       1.241656       1.585318       1.503633       1.396623       2.351593       4.289921       1.70141E+38    1.70141E+38    1.70141E+38    

5.785369       6.144009       6.619668       6.661737       6.629754       6.851701       7.243952       7.922701       8.824157       9.817445       11.00165       10.88518       7.235262       1.386702       .8397076       2.10406        1.622673       1.831765       3.008866       4.169479       1.70141E+38    1.70141E+38    1.70141E+38    

5.536589       5.879418       6.485926       6.772942       6.752899       6.978195       7.263427       7.735416       8.263689       9.019295       10.45829       10.84205       4.549652       1.258605       .8682482       .882651        1.401356       1.986845       2.790404       4.200915       1.70141E+38    1.70141E+38    1.70141E+38    

5.346567       5.587298       6.185594       6.679849       6.794249       7.166802       7.65872        8.585668       8.961428       9.22458        10.17425       10.93982       7.781711       1.923534       .7259838       .6742706       2.239135       2.466727       3.155035       4.661649       1.70141E+38    1.70141E+38    1.70141E+38    

5.673674       5.196522       5.839741       6.653108       7.11734        7.476125       7.93897        8.995942       9.963095       10.24857       10.65903       11.29761       9.759594       4.023175       1.089274       1.717284       2.070404       3.036108       4.431595       6.058542       1.70141E+38    1.70141E+38    1.70141E+38    

6.513807       4.783291       5.046725       6.161252       7.129763       7.849338       8.145426       8.966963       9.911753       10.56187       11.18175       11.72857       10.49283       5.519002       1.427381       1.723771       3.687986       5.865545       7.105356       7.427883       1.70141E+38    1.70141E+38    1.70141E+38    

7.622429       4.806597       2.223476       3.837257       5.671186       6.919191       7.396627       8.018155       9.120461       10.034         11.04587       11.93263       10.8319        5.078684       1.994592       2.021112       5.094303       8.061853       8.901931       8.54013        1.70141E+38    1.70141E+38    1.70141E+38    

8.446347       6.421254       1.151146       1.583962       1.914686       4.282876       6.090343       6.702079       7.6087         8.668204       10.21893       11.73282       10.65746       4.125472       1.497431       2.207023       5.606251       7.918229       8.679181       8.10412        1.70141E+38    1.70141E+38    1.70141E+38    

8.899901       7.574641       3.509584       3.738899       2.554627       3.127291       5.338427       6.453481       7.442655       8.231708       9.582984       11.34636       10.73453       6.357529       2.013435       2.473324       4.164499       5.837778       6.732581       6.557549       1.70141E+38    1.70141E+38    1.70141E+38    

8.955221       8.582683       6.880353       6.4896         5.560485       4.763025       5.628072       6.745051       7.982463       8.888878       10.0543        11.19423       11.06101       9.447801       6.101521       3.504276       2.815526       3.621149       4.323617       4.239287       1.70141E+38    1.70141E+38    1.70141E+38    

8.925318       9.072247       8.072927       7.459375       7.500247       7.373175       7.553664       7.859242       8.616181       9.30733        10.21691       11.23668       10.97356       10.19793       6.897055       2.303344       1.5296         1.182885       1.668279       1.979968       1.70141E+38    1.70141E+38    1.70141E+38    

8.640511       8.949698       8.025572       6.911631       7.629597       7.901542       8.191127       8.421066       8.864025       9.061852       9.487465       10.68141       11.06134       10.17776       6.011086       2.843527       1.582855       1.244227       2.184582       1.328411       1.70141E+38    1.70141E+38    1.70141E+38    

8.240583       8.228912       7.092964       6.026957       6.76444        7.409764       7.818716       7.852433       7.994985       7.798568       8.409414       10.48641       11.10188       9.74401        3.755394       4.497215       1.342148       .9408828       .5348089       .6935999       1.70141E+38    1.70141E+38    1.70141E+38    

7.429217       7.030231       6.329426       5.807979       5.804462       6.448683       6.374402       6.051021       6.1032         7.492136       8.875026       10.938         10.74082       7.935159       2.597786       2.471069       2.161513       1.312366       .6736952       .5156384       1.70141E+38    1.70141E+38    1.70141E+38    

6.873085       6.963643       7.253653       7.624043       7.563342       7.516812       7.549389       7.351448       7.374735       8.666638       10.26008       11.2718        10.4921        5.174205       3.77553        3.466367       2.479024       2.892731       3.186485       3.259415       1.70141E+38    1.70141E+38    1.70141E+38    

7.344466       7.940809       8.023367       8.286455       8.051482       8.076755       7.914793       8.38974        8.709676       9.623627       10.80553       11.1967        10.22716       4.827006       3.106754       2.435517       2.538415       2.94604        3.516733       3.750582       1.70141E+38    1.70141E+38    1.70141E+38    

7.683038       8.174605       7.931698       7.581016       7.259575       7.301661       7.510474       8.652143       9.97438        10.58707       10.85034       10.54091       10.21997       7.438098       4.084602       2.817439       2.224187       2.315919       3.058661       3.793767       1.70141E+38    1.70141E+38    1.70141E+38    

7.419431       7.555046       7.151234       6.889296       7.072328       7.400071       8.130173       9.317883       10.45804       10.93817       10.48244       9.176181       9.048025       8.848918       7.300767       6.61838        5.320883       3.456757       1.327627       2.312329       1.70141E+38    1.70141E+38    1.70141E+38    

6.503863       6.781555       6.785484       7.245325       7.777915       8.417726       9.487734       10.18317       10.46243       10.54532       10.12814       8.043168       7.513896       7.807315       6.876713       7.993463       2.471462       1.863771       4.590511       3.585835       1.70141E+38    1.70141E+38    1.70141E+38    

1.70141E+38    1.70141E+38    1.70141E+38    1.70141E+38    1.70141E+38    1.70141E+38    1.70141E+38    1.70141E+38    1.70141E+38    1.70141E+38    1.70141E+38    1.70141E+38    1.70141E+38    1.70141E+38    1.70141E+38    1.70141E+38    1.70141E+38    1.70141E+38    1.70141E+38    1.70141E+38    1.70141E+38    1.70141E+38    1.70141E+38    

1.70141E+38    1.70141E+38    1.70141E+38    1.70141E+38    1.70141E+38    1.70141E+38    1.70141E+38    1.70141E+38    1.70141E+38    1.70141E+38    1.70141E+38    1.70141E+38    1.70141E+38    1.70141E+38    1.70141E+38    1.70141E+38    1.70141E+38    1.70141E+38    1.70141E+38    1.70141E+38    1.70141E+38    1.70141E+38    1.70141E+38    

1.70141E+38    1.70141E+38    1.70141E+38    1.70141E+38    1.70141E+38    1.70141E+38    1.70141E+38    1.70141E+38    1.70141E+38    1.70141E+38    1.70141E+38    1.70141E+38    1.70141E+38    1.70141E+38    1.70141E+38    1.70141E+38    1.70141E+38    1.70141E+38    1.70141E+38    1.70141E+38    1.70141E+38    1.70141E+38    1.70141E+38    

1.70141E+38    1.70141E+38    1.70141E+38    1.70141E+38    1.70141E+38    1.70141E+38    1.70141E+38    1.70141E+38    1.70141E+38    1.70141E+38    1.70141E+38    1.70141E+38    1.70141E+38    1.70141E+38    1.70141E+38    1.70141E+38    1.70141E+38    1.70141E+38    1.70141E+38    1.70141E+38    1.70141E+38    1.70141E+38    1.70141E+38    

1.70141E+38    1.70141E+38    1.70141E+38    1.70141E+38    1.70141E+38    1.70141E+38    1.70141E+38    1.70141E+38    1.70141E+38    1.70141E+38    1.70141E+38    1.70141E+38    1.70141E+38    1.70141E+38    1.70141E+38    1.70141E+38    1.70141E+38    1.70141E+38    1.70141E+38    1.70141E+38    1.70141E+38    1.70141E+38    1.70141E+38    

1.70141E+38    1.70141E+38    1.70141E+38    1.70141E+38    1.70141E+38    1.70141E+38    1.70141E+38    1.70141E+38    1.70141E+38    1.70141E+38    1.70141E+38    1.70141E+38    1.70141E+38    1.70141E+38    1.70141E+38    1.70141E+38    1.70141E+38    1.70141E+38    1.70141E+38    1.70141E+38    1.70141E+38    1.70141E+38    1.70141E+38    

1.70141E+38    1.70141E+38    1.70141E+38    1.70141E+38    1.70141E+38    1.70141E+38    1.70141E+38    1.70141E+38    1.70141E+38    1.70141E+38    1.70141E+38    1.70141E+38    1.70141E+38    1.70141E+38    1.70141E+38    1.70141E+38    1.70141E+38    1.70141E+38    1.70141E+38    1.70141E+38    1.70141E+38    1.70141E+38    1.70141E+38    

1.70141E+38    1.70141E+38    1.70141E+38    1.70141E+38    1.70141E+38    1.70141E+38    1.70141E+38    1.70141E+38    1.70141E+38    1.70141E+38    1.70141E+38    1.70141E+38    1.70141E+38    1.70141E+38    1.70141E+38    1.70141E+38    1.70141E+38    1.70141E+38    1.70141E+38    1.70141E+38    1.70141E+38    1.70141E+38    1.70141E+38    

