py_wake/examples/data/ParqueFicticio/Ridge area   Sector 6   Height 30m   Mean speed.grd
DSAA
23  33
 262878   265078
 6504214   6507414
 .6453596   6.741612
1.70141E+38    1.70141E+38    1.70141E+38    1.70141E+38    1.70141E+38    1.70141E+38    1.70141E+38    1.70141E+38    1.70141E+38    1.70141E+38    1.70141E+38    1.70141E+38    1.70141E+38    1.70141E+38    1.70141E+38    1.70141E+38    1.70141E+38    1.70141E+38    1.70141E+38    1.70141E+38    1.70141E+38    1.70141E+38    1.70141E+38    

1.70141E+38    1.70141E+38    1.70141E+38    1.70141E+38    1.70141E+38    1.70141E+38    1.70141E+38    1.70141E+38    1.70141E+38    1.70141E+38    1.70141E+38    1.70141E+38    1.70141E+38    1.70141E+38    1.70141E+38    1.70141E+38    1.70141E+38    1.70141E+38    1.70141E+38    1.70141E+38    1.70141E+38    1.70141E+38    1.70141E+38    

1.70141E+38    1.70141E+38    1.70141E+38    1.70141E+38    1.70141E+38    1.70141E+38    1.70141E+38    1.70141E+38    1.70141E+38    1.70141E+38    1.70141E+38    1.70141E+38    1.70141E+38    1.70141E+38    1.70141E+38    1.70141E+38    1.70141E+38    1.70141E+38    1.70141E+38    1.70141E+38    1.70141E+38    1.70141E+38    1.70141E+38    

1.70141E+38    1.70141E+38    1.70141E+38    1.70141E+38    1.70141E+38    1.70141E+38    1.70141E+38    1.70141E+38    1.70141E+38    1.70141E+38    1.70141E+38    1.70141E+38    1.70141E+38    1.70141E+38    1.70141E+38    1.70141E+38    1.70141E+38    1.70141E+38    1.70141E+38    1.70141E+38    1.70141E+38    1.70141E+38    1.70141E+38    

1.70141E+38    1.70141E+38    1.70141E+38    1.70141E+38    1.70141E+38    1.70141E+38    1.70141E+38    1.70141E+38    1.70141E+38    1.70141E+38    1.70141E+38    1.70141E+38    1.70141E+38    1.70141E+38    1.70141E+38    1.70141E+38    1.70141E+38    1.70141E+38    1.70141E+38    1.70141E+38    1.70141E+38    1.70141E+38    1.70141E+38    

4.250711       4.386171       4.723859       5.160784       5.527583       5.874564       5.93892        5.866538       5.627311       5.668764       5.641261       5.356082       5.053149       4.605372       4.230395       4.024436       3.253512       3.273038       3.779611       4.15399        1.70141E+38    1.70141E+38    1.70141E+38    

4.489891       4.460046       4.329832       4.421221       4.736979       5.12799        5.576365       5.914823       6.146893       6.156103       6.057604       5.72952        5.210457       4.458476       1.889728       2.695235       3.161825       3.213254       4.192905       4.395724       1.70141E+38    1.70141E+38    1.70141E+38    

4.30726        4.570283       4.660451       4.318992       3.878213       3.629837       3.729821       4.355424       5.15264        5.730733       6.12326        5.812507       5.126933       4.33137        2.254677       2.768547       3.014496       3.11625        4.291973       4.536485       1.70141E+38    1.70141E+38    1.70141E+38    

3.838322       4.105544       4.399646       4.406485       4.011821       3.567556       3.28712        3.361021       3.861455       4.668431       5.589503       5.929391       5.106532       4.21221        2.225156       2.869361       2.957327       2.858832       4.503429       4.783456       1.70141E+38    1.70141E+38    1.70141E+38    

3.299951       3.613351       4.036165       4.193472       4.077333       4.194746       4.438886       4.667838       4.514513       4.596744       5.229733       5.797507       5.388025       4.703296       2.144146       3.216754       3.550442       3.325358       4.35397        4.874393       1.70141E+38    1.70141E+38    1.70141E+38    

3.153841       3.0801         3.676528       4.307372       4.601631       4.81388        5.29231        5.781205       5.96624        5.772408       5.817712       6.013626       5.712327       5.27459        3.414945       4.561464       3.975426       4.141259       4.400088       4.90219        1.70141E+38    1.70141E+38    1.70141E+38    

3.337692       2.533587       2.818371       3.68387        4.464159       5.097905       5.389549       5.885014       6.250938       6.511646       6.480433       6.396229       5.968976       5.392924       5.174422       4.85858        4.938813       4.953682       4.986262       5.171702       1.70141E+38    1.70141E+38    1.70141E+38    

4.053527       2.610873       1.760299       2.004299       2.748016       3.412897       3.674874       4.030338       5.025931       5.785805       6.306519       6.544143       6.191724       5.450904       5.156504       4.957858       5.731347       6.060685       5.971025       5.793002       1.70141E+38    1.70141E+38    1.70141E+38    

5.04718        3.640148       2.107545       1.537785       1.0365         1.351693       1.793779       1.695662       2.62368        4.267709       5.641061       6.410838       6.164792       5.461586       5.09603        5.189457       6.078894       6.547175       6.741612       6.673581       1.70141E+38    1.70141E+38    1.70141E+38    

5.657342       4.695326       3.401817       2.98049        1.833946       1.443615       2.178061       2.855907       3.632853       4.292666       5.368893       6.253312       6.385612       5.717899       5.291903       5.358528       5.643676       5.933054       6.261503       6.648741       1.70141E+38    1.70141E+38    1.70141E+38    

5.872703       5.582628       4.704049       4.522542       3.810726       3.038312       3.398308       4.223588       5.129484       5.630097       6.075121       6.48585        6.634914       6.190554       5.525412       5.110314       4.450703       4.223896       4.785949       5.225726       1.70141E+38    1.70141E+38    1.70141E+38    

5.992386       6.118387       5.710266       5.440475       5.372484       5.136514       5.054731       5.166584       5.590899       5.919627       6.254383       6.550104       6.507502       6.366552       5.597467       4.549234       2.609356       1.336285       1.746678       2.438283       1.70141E+38    1.70141E+38    1.70141E+38    

4.965341       5.37476        5.173209       4.572078       4.814193       4.924659       4.998572       5.08641        5.246768       5.197654       5.411083       6.025384       6.34092        6.266148       5.827175       4.776511       3.005083       1.250314       .6756668       .7327731       1.70141E+38    1.70141E+38    1.70141E+38    

3.266142       3.155803       2.885467       2.338577       2.693469       3.268732       3.501183       3.384685       3.321099       3.023656       3.68471        5.345066       5.978035       6.098069       5.617709       4.699336       3.495742       1.929765       .8413641       .6453596       1.70141E+38    1.70141E+38    1.70141E+38    

1.586062       1.87107        2.025166       1.643379       1.59719        1.940272       1.79744        1.584577       1.857548       2.863072       3.915832       5.126699       5.463407       5.49682        5.352064       4.72213        3.665842       2.418011       1.535656       1.003444       1.70141E+38    1.70141E+38    1.70141E+38    

1.911284       2.436504       2.800362       3.108607       3.098935       2.941755       2.960171       2.822089       3.018482       4.003273       4.893032       5.356647       5.298691       4.434471       4.129796       4.238877       4.149096       2.488101       2.260835       2.080438       1.70141E+38    1.70141E+38    1.70141E+38    

3.309165       4.021321       4.279953       4.559962       4.538838       4.478101       4.362084       4.376921       4.317051       4.703085       5.261909       5.628638       5.54072        2.799287       2.043371       2.140644       2.31451        2.560869       2.684206       2.763517       1.70141E+38    1.70141E+38    1.70141E+38    

3.883175       4.198672       4.048884       3.801182       3.617941       3.669365       3.881274       4.507418       5.02661        5.095694       5.061326       5.189333       5.565945       5.40188        2.769198       2.307061       2.015051       2.097422       2.294971       2.541867       1.70141E+38    1.70141E+38    1.70141E+38    

3.350318       3.331081       3.168417       3.097182       3.14898        3.356936       3.791561       4.328052       4.745287       4.863242       4.593553       4.137426       4.563374       5.151979       3.933803       3.040193       2.542701       2.049362       1.935241       1.987188       1.70141E+38    1.70141E+38    1.70141E+38    

2.440346       2.704959       2.966598       3.431323       3.85096        4.243247       4.514964       4.403045       4.268308       4.201942       3.928166       2.302722       2.571337       3.910077       4.28472        5.111047       5.289211       4.219612       2.181886       1.902065       1.70141E+38    1.70141E+38    1.70141E+38    

1.70141E+38    1.70141E+38    1.70141E+38    1.70141E+38    1.70141E+38    1.70141E+38    1.70141E+38    1.70141E+38    1.70141E+38    1.70141E+38    1.70141E+38    1.70141E+38    1.70141E+38    1.70141E+38    1.70141E+38    1.70141E+38    1.70141E+38    1.70141E+38    1.70141E+38    1.70141E+38    1.70141E+38    1.70141E+38    1.70141E+38    

1.70141E+38    1.70141E+38    1.70141E+38    1.70141E+38    1.70141E+38    1.70141E+38    1.70141E+38    1.70141E+38    1.70141E+38    1.70141E+38    1.70141E+38    1.70141E+38    1.70141E+38    1.70141E+38    1.70141E+38    1.70141E+38    1.70141E+38    1.70141E+38    1.70141E+38    1.70141E+38    1.70141E+38    1.70141E+38    1.70141E+38    

1.70141E+38    1.70141E+38    1.70141E+38    1.70141E+38    1.70141E+38    1.70141E+38    1.70141E+38    1.70141E+38    1.70141E+38    1.70141E+38    1.70141E+38    1.70141E+38    1.70141E+38    1.70141E+38    1.70141E+38    1.70141E+38    1.70141E+38    1.70141E+38    1.70141E+38    1.70141E+38    1.70141E+38    1.70141E+38    1.70141E+38    

1.70141E+38    1.70141E+38    1.70141E+38    1.70141E+38    1.70141E+38    1.70141E+38    1.70141E+38    1.70141E+38    1.70141E+38    1.70141E+38    1.70141E+38    1.70141E+38    1.70141E+38    1.70141E+38    1.70141E+38    1.70141E+38    1.70141E+38    1.70141E+38    1.70141E+38    1.70141E+38    1.70141E+38    1.70141E+38    1.70141E+38    

1.70141E+38    1.70141E+38    1.70141E+38    1.70141E+38    1.70141E+38    1.70141E+38    1.70141E+38    1.70141E+38    1.70141E+38    1.70141E+38    1.70141E+38    1.70141E+38    1.70141E+38    1.70141E+38    1.70141E+38    1.70141E+38    1.70141E+38    1.70141E+38    1.70141E+38    1.70141E+38    1.70141E+38    1.70141E+38    1.70141E+38    

1.70141E+38    1.70141E+38    1.70141E+38    1.70141E+38    1.70141E+38    1.70141E+38    1.70141E+38    1.70141E+38    1.70141E+38    1.70141E+38    1.70141E+38    1.70141E+38    1.70141E+38    1.70141E+38    1.70141E+38    1.70141E+38    1.70141E+38    1.70141E+38    1.70141E+38    1.70141E+38    1.70141E+38    1.70141E+38    1.70141E+38    

1.70141E+38    1.70141E+38    1.70141E+38    1.70141E+38    1.70141E+38    1.70141E+38    1.70141E+38    1.70141E+38    1.70141E+38    1.70141E+38    1.70141E+38    1.70141E+38    1.70141E+38    1.70141E+38    1.70141E+38    1.70141E+38    1.70141E+38    1.70141E+38    1.70141E+38    1.70141E+38    1.70141E+38    1.70141E+38    1.70141E+38    

1.70141E+38    1.70141E+38    1.70141E+38    1.70141E+38    1.70141E+38    1.70141E+38    1.70141E+38    1.70141E+38    1.70141E+38    1.70141E+38    1.70141E+38    1.70141E+38    1.70141E+38    1.70141E+38    1.70141E+38    1.70141E+38    1.70141E+38    1.70141E+38    1.70141E+38    1.70141E+38    1.70141E+38    1.70141E+38    1.70141E+38    

