py_wake/examples/data/ParqueFicticio/Ridge area   Sector 4   Height 200m   Weibull-k.grd
DSAA
23  33
 262878   265078
 6504214   6507414
 2.865234   3.052734
1.70141E+38    1.70141E+38    1.70141E+38    1.70141E+38    1.70141E+38    1.70141E+38    1.70141E+38    1.70141E+38    1.70141E+38    1.70141E+38    1.70141E+38    1.70141E+38    1.70141E+38    1.70141E+38    1.70141E+38    1.70141E+38    1.70141E+38    1.70141E+38    1.70141E+38    1.70141E+38    1.70141E+38    1.70141E+38    1.70141E+38    

1.70141E+38    1.70141E+38    1.70141E+38    1.70141E+38    1.70141E+38    1.70141E+38    1.70141E+38    1.70141E+38    1.70141E+38    1.70141E+38    1.70141E+38    1.70141E+38    1.70141E+38    1.70141E+38    1.70141E+38    1.70141E+38    1.70141E+38    1.70141E+38    1.70141E+38    1.70141E+38    1.70141E+38    1.70141E+38    1.70141E+38    

1.70141E+38    1.70141E+38    1.70141E+38    1.70141E+38    1.70141E+38    1.70141E+38    1.70141E+38    1.70141E+38    1.70141E+38    1.70141E+38    1.70141E+38    1.70141E+38    1.70141E+38    1.70141E+38    1.70141E+38    1.70141E+38    1.70141E+38    1.70141E+38    1.70141E+38    1.70141E+38    1.70141E+38    1.70141E+38    1.70141E+38    

1.70141E+38    1.70141E+38    1.70141E+38    1.70141E+38    1.70141E+38    1.70141E+38    1.70141E+38    1.70141E+38    1.70141E+38    1.70141E+38    1.70141E+38    1.70141E+38    1.70141E+38    1.70141E+38    1.70141E+38    1.70141E+38    1.70141E+38    1.70141E+38    1.70141E+38    1.70141E+38    1.70141E+38    1.70141E+38    1.70141E+38    

1.70141E+38    1.70141E+38    1.70141E+38    1.70141E+38    1.70141E+38    1.70141E+38    1.70141E+38    1.70141E+38    1.70141E+38    1.70141E+38    1.70141E+38    1.70141E+38    1.70141E+38    1.70141E+38    1.70141E+38    1.70141E+38    1.70141E+38    1.70141E+38    1.70141E+38    1.70141E+38    1.70141E+38    1.70141E+38    1.70141E+38    

2.876953       2.865234       2.865234       2.888672       2.908203       2.923828       2.931641       2.931641       2.927734       2.939453       2.962891       2.990234       3.013672       3.033203       3.037109       3.037109       3.033203       3.037109       3.037109       3.041016       1.70141E+38    1.70141E+38    1.70141E+38    

2.916016       2.908203       2.900391       2.904297       2.919922       2.931641       2.943359       2.939453       2.939453       2.943359       2.958984       2.982422       3.005859       3.025391       3.037109       3.033203       3.033203       3.041016       3.041016       3.041016       1.70141E+38    1.70141E+38    1.70141E+38    

2.947266       2.947266       2.947266       2.943359       2.939453       2.939453       2.939453       2.935547       2.935547       2.939453       2.951172       2.970703       2.990234       3.013672       3.029297       3.037109       3.037109       3.041016       3.041016       3.041016       1.70141E+38    1.70141E+38    1.70141E+38    

2.978516       2.974609       2.970703       2.966797       2.962891       2.955078       2.939453       2.935547       2.935547       2.939453       2.947266       2.962891       2.982422       3.005859       3.029297       3.041016       3.041016       3.041016       3.041016       3.041016       1.70141E+38    1.70141E+38    1.70141E+38    

2.994141       2.994141       2.990234       2.986328       2.978516       2.970703       2.958984       2.951172       2.947266       2.943359       2.947266       2.962891       2.982422       3.005859       3.029297       3.041016       3.044922       3.044922       3.044922       3.044922       1.70141E+38    1.70141E+38    1.70141E+38    

3.009766       3.013672       3.005859       3.001953       2.998047       2.986328       2.974609       2.966797       2.958984       2.955078       2.955078       2.966797       2.986328       3.009766       3.037109       3.044922       3.044922       3.044922       3.044922       3.044922       1.70141E+38    1.70141E+38    1.70141E+38    

3.021484       3.029297       3.025391       3.017578       3.009766       2.998047       2.986328       2.974609       2.962891       2.958984       2.958984       2.966797       2.986328       3.017578       3.041016       3.044922       3.044922       3.044922       3.044922       3.044922       1.70141E+38    1.70141E+38    1.70141E+38    

3.021484       3.033203       3.037109       3.033203       3.017578       3.005859       2.994141       2.978516       2.966797       2.955078       2.955078       2.966797       2.986328       3.017578       3.041016       3.044922       3.048828       3.048828       3.044922       3.044922       1.70141E+38    1.70141E+38    1.70141E+38    

3.025391       3.037109       3.044922       3.037109       3.025391       3.009766       2.998047       2.982422       2.966797       2.958984       2.955078       2.966797       2.986328       3.017578       3.044922       3.044922       3.048828       3.048828       3.048828       3.048828       1.70141E+38    1.70141E+38    1.70141E+38    

3.033203       3.041016       3.048828       3.044922       3.037109       3.025391       3.009766       2.998047       2.982422       2.974609       2.970703       2.974609       2.990234       3.017578       3.044922       3.044922       3.044922       3.048828       3.048828       3.052734       1.70141E+38    1.70141E+38    1.70141E+38    

3.037109       3.044922       3.052734       3.052734       3.048828       3.041016       3.029297       3.013672       3.005859       2.994141       2.986328       2.986328       2.994141       3.017578       3.048828       3.048828       3.048828       3.044922       3.048828       3.052734       1.70141E+38    1.70141E+38    1.70141E+38    

3.044922       3.044922       3.048828       3.052734       3.048828       3.041016       3.037109       3.025391       3.017578       3.005859       2.998047       2.994141       2.998047       3.013672       3.041016       3.048828       3.048828       3.048828       3.048828       3.052734       1.70141E+38    1.70141E+38    1.70141E+38    

3.048828       3.044922       3.048828       3.048828       3.048828       3.044922       3.037109       3.033203       3.021484       3.013672       3.001953       2.998047       3.001953       3.009766       3.029297       3.048828       3.048828       3.048828       3.048828       3.052734       1.70141E+38    1.70141E+38    1.70141E+38    

3.048828       3.041016       3.044922       3.044922       3.044922       3.044922       3.041016       3.033203       3.029297       3.021484       3.013672       3.005859       3.005859       3.009766       3.013672       3.021484       3.037109       3.044922       3.048828       3.048828       1.70141E+38    1.70141E+38    1.70141E+38    

3.048828       3.041016       3.041016       3.044922       3.048828       3.048828       3.044922       3.041016       3.037109       3.029297       3.025391       3.017578       3.009766       3.005859       2.998047       2.998047       3.005859       3.013672       3.021484       3.025391       1.70141E+38    1.70141E+38    1.70141E+38    

3.052734       3.048828       3.048828       3.048828       3.048828       3.044922       3.044922       3.044922       3.044922       3.041016       3.029297       3.021484       3.005859       2.994141       2.978516       2.974609       2.974609       2.982422       2.990234       3.005859       1.70141E+38    1.70141E+38    1.70141E+38    

3.048828       3.048828       3.048828       3.044922       3.044922       3.044922       3.044922       3.044922       3.044922       3.044922       3.033203       3.017578       2.998047       2.970703       2.951172       2.947266       2.947266       2.955078       2.966797       2.982422       1.70141E+38    1.70141E+38    1.70141E+38    

3.044922       3.044922       3.044922       3.044922       3.044922       3.044922       3.044922       3.044922       3.044922       3.044922       3.033203       3.009766       2.982422       2.951172       2.927734       2.912109       2.916016       2.927734       2.943359       2.955078       1.70141E+38    1.70141E+38    1.70141E+38    

3.044922       3.044922       3.044922       3.044922       3.044922       3.044922       3.044922       3.044922       3.044922       3.041016       3.025391       2.998047       2.962891       2.931641       2.908203       2.892578       2.884766       2.892578       2.912109       2.927734       1.70141E+38    1.70141E+38    1.70141E+38    

3.041016       3.044922       3.044922       3.044922       3.044922       3.044922       3.044922       3.044922       3.044922       3.025391       3.001953       2.970703       2.935547       2.912109       2.880859       2.873047       2.869141       2.865234       2.873047       2.896484       1.70141E+38    1.70141E+38    1.70141E+38    

1.70141E+38    1.70141E+38    1.70141E+38    1.70141E+38    1.70141E+38    1.70141E+38    1.70141E+38    1.70141E+38    1.70141E+38    1.70141E+38    1.70141E+38    1.70141E+38    1.70141E+38    1.70141E+38    1.70141E+38    1.70141E+38    1.70141E+38    1.70141E+38    1.70141E+38    1.70141E+38    1.70141E+38    1.70141E+38    1.70141E+38    

1.70141E+38    1.70141E+38    1.70141E+38    1.70141E+38    1.70141E+38    1.70141E+38    1.70141E+38    1.70141E+38    1.70141E+38    1.70141E+38    1.70141E+38    1.70141E+38    1.70141E+38    1.70141E+38    1.70141E+38    1.70141E+38    1.70141E+38    1.70141E+38    1.70141E+38    1.70141E+38    1.70141E+38    1.70141E+38    1.70141E+38    

1.70141E+38    1.70141E+38    1.70141E+38    1.70141E+38    1.70141E+38    1.70141E+38    1.70141E+38    1.70141E+38    1.70141E+38    1.70141E+38    1.70141E+38    1.70141E+38    1.70141E+38    1.70141E+38    1.70141E+38    1.70141E+38    1.70141E+38    1.70141E+38    1.70141E+38    1.70141E+38    1.70141E+38    1.70141E+38    1.70141E+38    

1.70141E+38    1.70141E+38    1.70141E+38    1.70141E+38    1.70141E+38    1.70141E+38    1.70141E+38    1.70141E+38    1.70141E+38    1.70141E+38    1.70141E+38    1.70141E+38    1.70141E+38    1.70141E+38    1.70141E+38    1.70141E+38    1.70141E+38    1.70141E+38    1.70141E+38    1.70141E+38    1.70141E+38    1.70141E+38    1.70141E+38    

1.70141E+38    1.70141E+38    1.70141E+38    1.70141E+38    1.70141E+38    1.70141E+38    1.70141E+38    1.70141E+38    1.70141E+38    1.70141E+38    1.70141E+38    1.70141E+38    1.70141E+38    1.70141E+38    1.70141E+38    1.70141E+38    1.70141E+38    1.70141E+38    1.70141E+38    1.70141E+38    1.70141E+38    1.70141E+38    1.70141E+38    

1.70141E+38    1.70141E+38    1.70141E+38    1.70141E+38    1.70141E+38    1.70141E+38    1.70141E+38    1.70141E+38    1.70141E+38    1.70141E+38    1.70141E+38    1.70141E+38    1.70141E+38    1.70141E+38    1.70141E+38    1.70141E+38    1.70141E+38    1.70141E+38    1.70141E+38    1.70141E+38    1.70141E+38    1.70141E+38    1.70141E+38    

1.70141E+38    1.70141E+38    1.70141E+38    1.70141E+38    1.70141E+38    1.70141E+38    1.70141E+38    1.70141E+38    1.70141E+38    1.70141E+38    1.70141E+38    1.70141E+38    1.70141E+38    1.70141E+38    1.70141E+38    1.70141E+38    1.70141E+38    1.70141E+38    1.70141E+38    1.70141E+38    1.70141E+38    1.70141E+38    1.70141E+38    

1.70141E+38    1.70141E+38    1.70141E+38    1.70141E+38    1.70141E+38    1.70141E+38    1.70141E+38    1.70141E+38    1.70141E+38    1.70141E+38    1.70141E+38    1.70141E+38    1.70141E+38    1.70141E+38    1.70141E+38    1.70141E+38    1.70141E+38    1.70141E+38    1.70141E+38    1.70141E+38    1.70141E+38    1.70141E+38    1.70141E+38    

