py_wake/examples/data/ParqueFicticio/Ridge area   Sector 6   Height 200m   Mean speed.grd
DSAA
23  33
 262878   265078
 6504214   6507414
 4.219385   8.522595
1.70141E+38    1.70141E+38    1.70141E+38    1.70141E+38    1.70141E+38    1.70141E+38    1.70141E+38    1.70141E+38    1.70141E+38    1.70141E+38    1.70141E+38    1.70141E+38    1.70141E+38    1.70141E+38    1.70141E+38    1.70141E+38    1.70141E+38    1.70141E+38    1.70141E+38    1.70141E+38    1.70141E+38    1.70141E+38    1.70141E+38    

1.70141E+38    1.70141E+38    1.70141E+38    1.70141E+38    1.70141E+38    1.70141E+38    1.70141E+38    1.70141E+38    1.70141E+38    1.70141E+38    1.70141E+38    1.70141E+38    1.70141E+38    1.70141E+38    1.70141E+38    1.70141E+38    1.70141E+38    1.70141E+38    1.70141E+38    1.70141E+38    1.70141E+38    1.70141E+38    1.70141E+38    

1.70141E+38    1.70141E+38    1.70141E+38    1.70141E+38    1.70141E+38    1.70141E+38    1.70141E+38    1.70141E+38    1.70141E+38    1.70141E+38    1.70141E+38    1.70141E+38    1.70141E+38    1.70141E+38    1.70141E+38    1.70141E+38    1.70141E+38    1.70141E+38    1.70141E+38    1.70141E+38    1.70141E+38    1.70141E+38    1.70141E+38    

1.70141E+38    1.70141E+38    1.70141E+38    1.70141E+38    1.70141E+38    1.70141E+38    1.70141E+38    1.70141E+38    1.70141E+38    1.70141E+38    1.70141E+38    1.70141E+38    1.70141E+38    1.70141E+38    1.70141E+38    1.70141E+38    1.70141E+38    1.70141E+38    1.70141E+38    1.70141E+38    1.70141E+38    1.70141E+38    1.70141E+38    

1.70141E+38    1.70141E+38    1.70141E+38    1.70141E+38    1.70141E+38    1.70141E+38    1.70141E+38    1.70141E+38    1.70141E+38    1.70141E+38    1.70141E+38    1.70141E+38    1.70141E+38    1.70141E+38    1.70141E+38    1.70141E+38    1.70141E+38    1.70141E+38    1.70141E+38    1.70141E+38    1.70141E+38    1.70141E+38    1.70141E+38    

6.82235        6.922309       7.058051       7.230454       7.407542       7.566942       7.680613       7.766628       7.808708       7.824098       7.780118       7.662248       7.491362       7.217897       6.885561       6.617966       6.425456       6.331919       6.397972       6.581354       1.70141E+38    1.70141E+38    1.70141E+38    

6.847867       6.9357         7.028397       7.15589        7.320809       7.493172       7.659269       7.803463       7.904182       7.951123       7.927387       7.813697       7.592555       7.220817       6.811208       6.524301       6.359852       6.362321       6.566705       6.77951        1.70141E+38    1.70141E+38    1.70141E+38    

6.822506       6.947095       7.064516       7.134623       7.204538       7.315726       7.461153       7.635089       7.808429       7.935838       7.982064       7.899374       7.656022       7.240866       6.811049       6.515985       6.376628       6.479889       6.76218        6.946454       1.70141E+38    1.70141E+38    1.70141E+38    

6.75248        6.888062       7.041317       7.148172       7.221113       7.305973       7.404278       7.527808       7.676855       7.844903       7.979279       7.969843       7.737386       7.330434       6.931186       6.660481       6.503783       6.637741       6.950712       7.109819       1.70141E+38    1.70141E+38    1.70141E+38    

6.680068       6.811777       7.001126       7.166504       7.296698       7.447057       7.605862       7.756211       7.852144       7.940035       8.041182       8.056501       7.887383       7.572917       7.218343       6.93756        6.776524       6.860066       7.107506       7.265161       1.70141E+38    1.70141E+38    1.70141E+38    

6.708573       6.753294       6.96737        7.209929       7.411256       7.598783       7.796517       7.988475       8.120797       8.188528       8.225994       8.210739       8.069185       7.812078       7.479443       7.218849       7.144971       7.231622       7.361158       7.471512       1.70141E+38    1.70141E+38    1.70141E+38    

6.884048       6.738979       6.879879       7.157246       7.413103       7.633554       7.824162       8.02645        8.193754       8.307086       8.362919       8.347846       8.21742        7.960007       7.652554       7.500066       7.584163       7.686337       7.743823       7.757902       1.70141E+38    1.70141E+38    1.70141E+38    

7.206894       6.908525       6.794356       6.966486       7.209084       7.42965        7.615169       7.833186       8.065532       8.25521        8.382814       8.416339       8.31883        8.073466       7.798464       7.75442        7.911789       8.03613        8.077213       8.048775       1.70141E+38    1.70141E+38    1.70141E+38    

7.538265       7.287064       6.99625        6.958729       6.996727       7.164921       7.372809       7.568934       7.823411       8.097603       8.332707       8.440905       8.386678       8.174154       7.940839       7.931205       8.072853       8.186155       8.242438       8.240256       1.70141E+38    1.70141E+38    1.70141E+38    

7.774742       7.641348       7.427256       7.350434       7.239762       7.252704       7.445738       7.658167       7.880222       8.103517       8.333709       8.473451       8.460464       8.301947       8.101168       8.023036       8.060712       8.145077       8.217686       8.257909       1.70141E+38    1.70141E+38    1.70141E+38    

7.918495       7.894485       7.8006         7.750494       7.690145       7.644067       7.733161       7.891652       8.077855       8.252517       8.412774       8.516029       8.522595       8.413987       8.225524       8.026466       7.906151       7.91783        7.989526       8.061297       1.70141E+38    1.70141E+38    1.70141E+38    

7.94371        7.981021       7.956203       7.929822       7.924067       7.924386       7.955597       8.02443        8.139171       8.271118       8.404834       8.504144       8.521163       8.454996       8.276801       7.983801       7.672963       7.538363       7.585925       7.673149       1.70141E+38    1.70141E+38    1.70141E+38    

7.79177        7.867715       7.860214       7.829959       7.859938       7.883415       7.913823       7.959705       8.033834       8.125429       8.256391       8.397379       8.460044       8.427428       8.281495       8.000376       7.641476       7.330909       7.218924       7.272444       1.70141E+38    1.70141E+38    1.70141E+38    

7.502206       7.556028       7.519075       7.478201       7.531112       7.594141       7.639472       7.665973       7.719368       7.802592       7.995448       8.235894       8.352651       8.346544       8.218769       7.976792       7.666208       7.320019       7.033065       6.951936       1.70141E+38    1.70141E+38    1.70141E+38    

7.14337        7.170147       7.182317       7.171004       7.203685       7.294476       7.314328       7.327327       7.42453        7.646127       7.898601       8.137619       8.229923       8.213973       8.109172       7.921758       7.667533       7.360536       7.077424       6.853209       1.70141E+38    1.70141E+38    1.70141E+38    

6.994756       7.11694        7.246437       7.33763        7.364837       7.374274       7.395634       7.418316       7.51799        7.753502       7.988943       8.134774       8.164615       8.052004       7.917948       7.80596        7.665061       7.487261       7.286209       7.064857       1.70141E+38    1.70141E+38    1.70141E+38    

7.158378       7.31405        7.403553       7.469757       7.481453       7.499588       7.525224       7.60913        7.718507       7.885803       8.048553       8.145209       8.15342        8.029022       7.804365       7.629938       7.529747       7.452319       7.368998       7.22309        1.70141E+38    1.70141E+38    1.70141E+38    

7.176257       7.28764        7.317849       7.319383       7.329053       7.376234       7.474858       7.658241       7.82739        7.938761       8.017382       8.074722       8.118149       8.081655       7.93672        7.716408       7.465524       7.285845       7.215763       7.1588         1.70141E+38    1.70141E+38    1.70141E+38    

6.99594        7.063915       7.082746       7.118063       7.19969        7.313713       7.477033       7.658733       7.798552       7.878964       7.891119       7.881947       7.953607       8.015933       7.999074       7.920492       7.721943       7.386585       4.285608       4.330014       1.70141E+38    1.70141E+38    1.70141E+38    

6.691546       6.820188       6.948257       7.12282        7.290778       7.440538       7.56945        7.642872       7.685861       7.710927       7.696114       7.617326       7.665957       7.785275       7.859636       7.933329       7.898668       7.711254       7.3905         4.219385       1.70141E+38    1.70141E+38    1.70141E+38    

1.70141E+38    1.70141E+38    1.70141E+38    1.70141E+38    1.70141E+38    1.70141E+38    1.70141E+38    1.70141E+38    1.70141E+38    1.70141E+38    1.70141E+38    1.70141E+38    1.70141E+38    1.70141E+38    1.70141E+38    1.70141E+38    1.70141E+38    1.70141E+38    1.70141E+38    1.70141E+38    1.70141E+38    1.70141E+38    1.70141E+38    

1.70141E+38    1.70141E+38    1.70141E+38    1.70141E+38    1.70141E+38    1.70141E+38    1.70141E+38    1.70141E+38    1.70141E+38    1.70141E+38    1.70141E+38    1.70141E+38    1.70141E+38    1.70141E+38    1.70141E+38    1.70141E+38    1.70141E+38    1.70141E+38    1.70141E+38    1.70141E+38    1.70141E+38    1.70141E+38    1.70141E+38    

1.70141E+38    1.70141E+38    1.70141E+38    1.70141E+38    1.70141E+38    1.70141E+38    1.70141E+38    1.70141E+38    1.70141E+38    1.70141E+38    1.70141E+38    1.70141E+38    1.70141E+38    1.70141E+38    1.70141E+38    1.70141E+38    1.70141E+38    1.70141E+38    1.70141E+38    1.70141E+38    1.70141E+38    1.70141E+38    1.70141E+38    

1.70141E+38    1.70141E+38    1.70141E+38    1.70141E+38    1.70141E+38    1.70141E+38    1.70141E+38    1.70141E+38    1.70141E+38    1.70141E+38    1.70141E+38    1.70141E+38    1.70141E+38    1.70141E+38    1.70141E+38    1.70141E+38    1.70141E+38    1.70141E+38    1.70141E+38    1.70141E+38    1.70141E+38    1.70141E+38    1.70141E+38    

1.70141E+38    1.70141E+38    1.70141E+38    1.70141E+38    1.70141E+38    1.70141E+38    1.70141E+38    1.70141E+38    1.70141E+38    1.70141E+38    1.70141E+38    1.70141E+38    1.70141E+38    1.70141E+38    1.70141E+38    1.70141E+38    1.70141E+38    1.70141E+38    1.70141E+38    1.70141E+38    1.70141E+38    1.70141E+38    1.70141E+38    

1.70141E+38    1.70141E+38    1.70141E+38    1.70141E+38    1.70141E+38    1.70141E+38    1.70141E+38    1.70141E+38    1.70141E+38    1.70141E+38    1.70141E+38    1.70141E+38    1.70141E+38    1.70141E+38    1.70141E+38    1.70141E+38    1.70141E+38    1.70141E+38    1.70141E+38    1.70141E+38    1.70141E+38    1.70141E+38    1.70141E+38    

1.70141E+38    1.70141E+38    1.70141E+38    1.70141E+38    1.70141E+38    1.70141E+38    1.70141E+38    1.70141E+38    1.70141E+38    1.70141E+38    1.70141E+38    1.70141E+38    1.70141E+38    1.70141E+38    1.70141E+38    1.70141E+38    1.70141E+38    1.70141E+38    1.70141E+38    1.70141E+38    1.70141E+38    1.70141E+38    1.70141E+38    

1.70141E+38    1.70141E+38    1.70141E+38    1.70141E+38    1.70141E+38    1.70141E+38    1.70141E+38    1.70141E+38    1.70141E+38    1.70141E+38    1.70141E+38    1.70141E+38    1.70141E+38    1.70141E+38    1.70141E+38    1.70141E+38    1.70141E+38    1.70141E+38    1.70141E+38    1.70141E+38    1.70141E+38    1.70141E+38    1.70141E+38    

