py_wake/examples/data/ParqueFicticio/Ridge area   Sector 7   Height 30m   Weibull-A.grd
DSAA
23  33
 262878   265078
 6504214   6507414
 .7718477   6.921643
1.70141E+38    1.70141E+38    1.70141E+38    1.70141E+38    1.70141E+38    1.70141E+38    1.70141E+38    1.70141E+38    1.70141E+38    1.70141E+38    1.70141E+38    1.70141E+38    1.70141E+38    1.70141E+38    1.70141E+38    1.70141E+38    1.70141E+38    1.70141E+38    1.70141E+38    1.70141E+38    1.70141E+38    1.70141E+38    1.70141E+38    

1.70141E+38    1.70141E+38    1.70141E+38    1.70141E+38    1.70141E+38    1.70141E+38    1.70141E+38    1.70141E+38    1.70141E+38    1.70141E+38    1.70141E+38    1.70141E+38    1.70141E+38    1.70141E+38    1.70141E+38    1.70141E+38    1.70141E+38    1.70141E+38    1.70141E+38    1.70141E+38    1.70141E+38    1.70141E+38    1.70141E+38    

1.70141E+38    1.70141E+38    1.70141E+38    1.70141E+38    1.70141E+38    1.70141E+38    1.70141E+38    1.70141E+38    1.70141E+38    1.70141E+38    1.70141E+38    1.70141E+38    1.70141E+38    1.70141E+38    1.70141E+38    1.70141E+38    1.70141E+38    1.70141E+38    1.70141E+38    1.70141E+38    1.70141E+38    1.70141E+38    1.70141E+38    

1.70141E+38    1.70141E+38    1.70141E+38    1.70141E+38    1.70141E+38    1.70141E+38    1.70141E+38    1.70141E+38    1.70141E+38    1.70141E+38    1.70141E+38    1.70141E+38    1.70141E+38    1.70141E+38    1.70141E+38    1.70141E+38    1.70141E+38    1.70141E+38    1.70141E+38    1.70141E+38    1.70141E+38    1.70141E+38    1.70141E+38    

1.70141E+38    1.70141E+38    1.70141E+38    1.70141E+38    1.70141E+38    1.70141E+38    1.70141E+38    1.70141E+38    1.70141E+38    1.70141E+38    1.70141E+38    1.70141E+38    1.70141E+38    1.70141E+38    1.70141E+38    1.70141E+38    1.70141E+38    1.70141E+38    1.70141E+38    1.70141E+38    1.70141E+38    1.70141E+38    1.70141E+38    

3.987164       4.040119       4.284189       4.657515       4.972304       5.243056       5.317346       5.270557       5.004241       4.82811        4.851933       4.80889        4.764979       4.446079       4.007821       2.344205       2.684368       2.391736       2.981468       3.843271       1.70141E+38    1.70141E+38    1.70141E+38    

4.215994       4.170406       4.096737       4.221075       4.479646       4.766208       5.081423       5.349785       5.499983       5.310032       5.131877       4.990854       4.744689       4.148314       2.342888       2.533411       2.295878       2.426804       3.458598       4.018986       1.70141E+38    1.70141E+38    1.70141E+38    

4.185488       4.384332       4.454857       4.244041       3.922705       3.740767       3.756395       4.003822       4.47597        4.846993       5.021594       4.851585       4.470877       3.656742       1.868404       2.597734       2.679777       2.934611       4.106887       4.267975       1.70141E+38    1.70141E+38    1.70141E+38    

3.936108       4.155843       4.339817       4.368059       4.153674       3.762876       3.284703       3.054391       3.260389       3.838077       4.535552       4.792538       4.260135       2.990536       1.759635       2.567319       2.858576       3.269673       4.166294       4.507002       1.70141E+38    1.70141E+38    1.70141E+38    

3.556976       3.894193       4.1945         4.312354       4.272909       4.292788       4.274984       4.088398       3.776876       3.827979       4.262732       4.660128       4.47242        2.015609       2.35157        2.708684       3.388621       3.869041       4.226357       4.585847       1.70141E+38    1.70141E+38    1.70141E+38    

3.400985       3.611043       4.219865       4.692113       4.889179       4.982209       5.203912       5.433339       5.403016       5.038983       4.964214       5.061254       4.945091       4.861071       2.250158       3.440515       3.482878       4.355535       4.392214       4.879036       1.70141E+38    1.70141E+38    1.70141E+38    

3.538414       3.279239       3.702703       4.5006         5.111948       5.481524       5.573518       5.649615       5.796842       5.853581       5.611691       5.457487       5.215371       5.019896       2.987779       3.436078       4.123858       4.956158       5.117265       5.459396       1.70141E+38    1.70141E+38    1.70141E+38    

4.118675       3.358238       2.807508       3.141363       3.753404       4.122631       4.209766       4.343188       4.694595       5.089245       5.371836       5.468456       5.310408       5.057965       3.561256       4.120489       5.689033       6.185          6.243162       6.124851       1.70141E+38    1.70141E+38    1.70141E+38    

5.076806       4.189357       3.110439       2.530269       1.813029       2.017257       2.454273       2.301268       2.767824       3.759099       4.72071        5.287925       5.267651       5.038722       4.852565       5.773732       6.629639       6.894234       6.921643       6.782374       1.70141E+38    1.70141E+38    1.70141E+38    

5.644603       5.127072       4.33644        3.834329       2.858855       2.356236       2.893432       3.259465       3.490685       3.840942       4.606595       5.345939       5.512166       5.260588       5.64726        6.128735       6.390612       6.396865       6.498135       6.675654       1.70141E+38    1.70141E+38    1.70141E+38    

6.023471       5.949042       5.593347       5.453563       4.857126       3.945812       4.113442       4.595372       5.034839       5.332579       5.612166       5.812276       5.923933       5.787994       5.979767       5.934709       5.415275       4.93761        4.930329       5.167058       1.70141E+38    1.70141E+38    1.70141E+38    

6.510161       6.595169       6.583186       6.555727       6.467924       6.195259       5.873017       5.697796       5.847321       5.970942       5.915334       5.932816       5.857081       5.93666        5.848834       5.291023       3.667969       1.82099        1.971346       2.771531       1.70141E+38    1.70141E+38    1.70141E+38    

5.620809       5.846833       5.758141       5.452146       5.621775       5.604384       5.568512       5.553638       5.487702       5.282944       5.096057       5.392254       5.687436       5.808085       5.717037       5.251347       3.789701       1.454037       1.443143       1.253777       1.70141E+38    1.70141E+38    1.70141E+38    

4.296813       2.967481       1.295439       1.38197        2.168576       3.056719       3.499727       3.349303       3.138417       2.881572       3.51155        4.723958       5.471655       5.634033       5.318299       2.198994       3.72212        1.96665        .9592402       .7960537       1.70141E+38    1.70141E+38    1.70141E+38    

2.10257        1.204852       1.489608       .9695596       .7718477       1.099014       1.072006       .9057975       1.303253       2.555915       3.52032        4.709322       5.145711       5.146513       4.905804       4.454452       3.410013       2.152986       1.122206       1.00886        1.70141E+38    1.70141E+38    1.70141E+38    

1.736386       1.503424       2.045922       2.538275       2.368198       2.263459       2.362795       2.297733       2.600672       3.758998       4.710357       5.183091       5.027419       4.007501       3.458907       3.627379       3.656825       1.915822       1.872032       1.631081       1.70141E+38    1.70141E+38    1.70141E+38    

3.541986       3.895977       4.328667       4.599954       4.187536       3.912111       3.843158       3.999584       4.114583       4.917584       5.561358       5.569966       5.113723       2.542075       2.133082       2.142301       2.342367       2.503442       2.400155       2.321956       1.70141E+38    1.70141E+38    1.70141E+38    

4.341496       4.443527       4.218933       3.717447       3.024928       2.976552       3.430613       4.366096       5.19858        5.559721       5.562908       5.188916       5.04131        2.921875       2.570652       2.364562       2.057747       2.093598       2.392182       2.44965        1.70141E+38    1.70141E+38    1.70141E+38    

3.714045       3.422388       3.035323       2.806422       2.562284       2.723106       3.552126       4.699176       5.2996         5.344685       4.829877       4.031098       3.986769       3.615017       1.829404       3.167918       3.173799       2.526263       2.199001       2.123318       1.70141E+38    1.70141E+38    1.70141E+38    

2.469088       2.540194       2.792554       3.356048       3.614743       3.980714       4.706761       4.987724       4.895194       4.468518       3.739599       2.844361       1.615305       2.051645       1.847977       2.772527       3.645099       2.829055       3.160358       2.436042       1.70141E+38    1.70141E+38    1.70141E+38    

1.70141E+38    1.70141E+38    1.70141E+38    1.70141E+38    1.70141E+38    1.70141E+38    1.70141E+38    1.70141E+38    1.70141E+38    1.70141E+38    1.70141E+38    1.70141E+38    1.70141E+38    1.70141E+38    1.70141E+38    1.70141E+38    1.70141E+38    1.70141E+38    1.70141E+38    1.70141E+38    1.70141E+38    1.70141E+38    1.70141E+38    

1.70141E+38    1.70141E+38    1.70141E+38    1.70141E+38    1.70141E+38    1.70141E+38    1.70141E+38    1.70141E+38    1.70141E+38    1.70141E+38    1.70141E+38    1.70141E+38    1.70141E+38    1.70141E+38    1.70141E+38    1.70141E+38    1.70141E+38    1.70141E+38    1.70141E+38    1.70141E+38    1.70141E+38    1.70141E+38    1.70141E+38    

1.70141E+38    1.70141E+38    1.70141E+38    1.70141E+38    1.70141E+38    1.70141E+38    1.70141E+38    1.70141E+38    1.70141E+38    1.70141E+38    1.70141E+38    1.70141E+38    1.70141E+38    1.70141E+38    1.70141E+38    1.70141E+38    1.70141E+38    1.70141E+38    1.70141E+38    1.70141E+38    1.70141E+38    1.70141E+38    1.70141E+38    

1.70141E+38    1.70141E+38    1.70141E+38    1.70141E+38    1.70141E+38    1.70141E+38    1.70141E+38    1.70141E+38    1.70141E+38    1.70141E+38    1.70141E+38    1.70141E+38    1.70141E+38    1.70141E+38    1.70141E+38    1.70141E+38    1.70141E+38    1.70141E+38    1.70141E+38    1.70141E+38    1.70141E+38    1.70141E+38    1.70141E+38    

1.70141E+38    1.70141E+38    1.70141E+38    1.70141E+38    1.70141E+38    1.70141E+38    1.70141E+38    1.70141E+38    1.70141E+38    1.70141E+38    1.70141E+38    1.70141E+38    1.70141E+38    1.70141E+38    1.70141E+38    1.70141E+38    1.70141E+38    1.70141E+38    1.70141E+38    1.70141E+38    1.70141E+38    1.70141E+38    1.70141E+38    

1.70141E+38    1.70141E+38    1.70141E+38    1.70141E+38    1.70141E+38    1.70141E+38    1.70141E+38    1.70141E+38    1.70141E+38    1.70141E+38    1.70141E+38    1.70141E+38    1.70141E+38    1.70141E+38    1.70141E+38    1.70141E+38    1.70141E+38    1.70141E+38    1.70141E+38    1.70141E+38    1.70141E+38    1.70141E+38    1.70141E+38    

1.70141E+38    1.70141E+38    1.70141E+38    1.70141E+38    1.70141E+38    1.70141E+38    1.70141E+38    1.70141E+38    1.70141E+38    1.70141E+38    1.70141E+38    1.70141E+38    1.70141E+38    1.70141E+38    1.70141E+38    1.70141E+38    1.70141E+38    1.70141E+38    1.70141E+38    1.70141E+38    1.70141E+38    1.70141E+38    1.70141E+38    

1.70141E+38    1.70141E+38    1.70141E+38    1.70141E+38    1.70141E+38    1.70141E+38    1.70141E+38    1.70141E+38    1.70141E+38    1.70141E+38    1.70141E+38    1.70141E+38    1.70141E+38    1.70141E+38    1.70141E+38    1.70141E+38    1.70141E+38    1.70141E+38    1.70141E+38    1.70141E+38    1.70141E+38    1.70141E+38    1.70141E+38    

