py_wake/examples/data/ParqueFicticio/Ridge area   Sector 2   Height 200m   Mean speed.grd
DSAA
23  33
 262878   265078
 6504214   6507414
 3.939644   5.871583
1.70141E+38    1.70141E+38    1.70141E+38    1.70141E+38    1.70141E+38    1.70141E+38    1.70141E+38    1.70141E+38    1.70141E+38    1.70141E+38    1.70141E+38    1.70141E+38    1.70141E+38    1.70141E+38    1.70141E+38    1.70141E+38    1.70141E+38    1.70141E+38    1.70141E+38    1.70141E+38    1.70141E+38    1.70141E+38    1.70141E+38    

1.70141E+38    1.70141E+38    1.70141E+38    1.70141E+38    1.70141E+38    1.70141E+38    1.70141E+38    1.70141E+38    1.70141E+38    1.70141E+38    1.70141E+38    1.70141E+38    1.70141E+38    1.70141E+38    1.70141E+38    1.70141E+38    1.70141E+38    1.70141E+38    1.70141E+38    1.70141E+38    1.70141E+38    1.70141E+38    1.70141E+38    

1.70141E+38    1.70141E+38    1.70141E+38    1.70141E+38    1.70141E+38    1.70141E+38    1.70141E+38    1.70141E+38    1.70141E+38    1.70141E+38    1.70141E+38    1.70141E+38    1.70141E+38    1.70141E+38    1.70141E+38    1.70141E+38    1.70141E+38    1.70141E+38    1.70141E+38    1.70141E+38    1.70141E+38    1.70141E+38    1.70141E+38    

1.70141E+38    1.70141E+38    1.70141E+38    1.70141E+38    1.70141E+38    1.70141E+38    1.70141E+38    1.70141E+38    1.70141E+38    1.70141E+38    1.70141E+38    1.70141E+38    1.70141E+38    1.70141E+38    1.70141E+38    1.70141E+38    1.70141E+38    1.70141E+38    1.70141E+38    1.70141E+38    1.70141E+38    1.70141E+38    1.70141E+38    

1.70141E+38    1.70141E+38    1.70141E+38    1.70141E+38    1.70141E+38    1.70141E+38    1.70141E+38    1.70141E+38    1.70141E+38    1.70141E+38    1.70141E+38    1.70141E+38    1.70141E+38    1.70141E+38    1.70141E+38    1.70141E+38    1.70141E+38    1.70141E+38    1.70141E+38    1.70141E+38    1.70141E+38    1.70141E+38    1.70141E+38    

3.939644       3.972602       4.015701       4.098417       4.218659       4.348582       4.469538       4.628025       4.774414       4.939493       5.080367       5.163025       5.17225        5.054147       4.797792       4.540412       4.358676       4.297782       4.441975       4.71303        1.70141E+38    1.70141E+38    1.70141E+38    

4.005849       4.04912        4.088309       4.140243       4.247185       4.394128       4.556502       4.73105        4.896922       5.042967       5.16075        5.217201       5.179129       4.993422       4.673069       4.403248       4.2953         4.353936       4.631817       4.914446       1.70141E+38    1.70141E+38    1.70141E+38    

4.040192       4.123244       4.209949       4.226021       4.246931       4.353987       4.496878       4.677597       4.876517       5.053854       5.189174       5.237391       5.165882       4.94769        4.640496       4.3717         4.325479       4.511755       4.830381       5.070419       1.70141E+38    1.70141E+38    1.70141E+38    

4.054658       4.142169       4.253062       4.313362       4.336263       4.416103       4.523046       4.666455       4.840269       5.024859       5.194484       5.269424       5.183197       4.972461       4.730045       4.527917       4.462109       4.686432       5.001928       5.196995       1.70141E+38    1.70141E+38    1.70141E+38    

4.05797        4.169727       4.293505       4.399108       4.463611       4.577915       4.713099       4.863116       4.988956       5.113554       5.246036       5.323668       5.271369       5.118402       4.920663       4.754273       4.701406       4.869801       5.134561       5.305391       1.70141E+38    1.70141E+38    1.70141E+38    

4.134615       4.21871        4.371206       4.537372       4.66749        4.786644       4.923689       5.074795       5.197967       5.284576       5.365866       5.421842       5.388294       5.270799       5.083134       4.933125       4.94144        5.1059         5.301169       5.425662       1.70141E+38    1.70141E+38    1.70141E+38    

4.31744        4.277644       4.43012        4.639149       4.807086       4.940527       5.050938       5.175236       5.288483       5.3817         5.458477       5.508254       5.482589       5.369996       5.2064         5.129291       5.231263       5.388904       5.509377       5.551884       1.70141E+38    1.70141E+38    1.70141E+38    

4.57509        4.444518       4.448125       4.619983       4.786384       4.912141       5.008811       5.125175       5.256584       5.379182       5.491288       5.56648        5.562419       5.467476       5.353261       5.369163       5.512321       5.626756       5.668627       5.646153       1.70141E+38    1.70141E+38    1.70141E+38    

4.804505       4.718358       4.602726       4.656455       4.706989       4.80932        4.923001       5.027699       5.171038       5.338923       5.51037        5.62655        5.645544       5.583521       5.537033       5.61015        5.715439       5.770312       5.763715       5.702796       1.70141E+38    1.70141E+38    1.70141E+38    

4.975199       4.948131       4.86815        4.88728        4.858064       4.889471       5.01724        5.150758       5.291736       5.435403       5.593703       5.711489       5.745684       5.722307       5.717949       5.760759       5.785364       5.788586       5.732427       5.65471        1.70141E+38    1.70141E+38    1.70141E+38    

5.108733       5.130438       5.110444       5.108223       5.1103         5.128988       5.231943       5.361584       5.496815       5.615229       5.720928       5.797162       5.830078       5.826167       5.812748       5.788299       5.723605       5.64996        5.540874       5.440563       1.70141E+38    1.70141E+38    1.70141E+38    

5.190156       5.22472        5.220897       5.227946       5.267922       5.328355       5.411783       5.504946       5.604675       5.694427       5.77418        5.837454       5.864983       5.864752       5.816975       5.708944       5.523595       5.322688       5.17866        5.078688       1.70141E+38    1.70141E+38    1.70141E+38    

5.1818         5.208443       5.193621       5.184433       5.254511       5.335431       5.423864       5.50946        5.590765       5.660471       5.739941       5.826329       5.8702         5.855785       5.767228       5.586027       5.328508       5.050865       4.846497       4.733335       1.70141E+38    1.70141E+38    1.70141E+38    

5.067267       5.049741       4.994726       4.986849       5.074752       5.181199       5.278297       5.354347       5.432656       5.516342       5.658732       5.809085       5.858359       5.812661       5.667407       5.425715       5.150413       4.873507       4.633242       4.50752        1.70141E+38    1.70141E+38    1.70141E+38    

4.870034       4.828683       4.819689       4.844955       4.914469       5.026978       5.100958       5.175921       5.303233       5.501772       5.696191       5.826972       5.831491       5.729728       5.527225       5.254385       4.977971       4.730909       4.549817       4.416838       1.70141E+38    1.70141E+38    1.70141E+38    

4.818505       4.863528       4.941141       5.019643       5.072852       5.12876        5.20832        5.303733       5.451214       5.658753       5.810508       5.85296        5.789653       5.592692       5.311031       5.057168       4.861362       4.724149       4.603097       4.482447       1.70141E+38    1.70141E+38    1.70141E+38    

4.9888         5.065647       5.114652       5.165132       5.201902       5.270345       5.363371       5.509717       5.666457       5.807977       5.871583       5.843206       5.719497       5.464987       5.106878       4.819981       4.687524       4.633551       4.599693       4.528598       1.70141E+38    1.70141E+38    1.70141E+38    

5.067925       5.109753       5.111673       5.111779       5.155528       5.270104       5.440313       5.650924       5.803891       5.870524       5.856176       5.761237       5.597311       5.357547       5.043447       4.753304       4.559887       4.459456       4.438559       4.427313       1.70141E+38    1.70141E+38    1.70141E+38    

5.009261       5.013128       5.003893       5.041156       5.16312        5.349613       5.570193       5.749082       5.835095       5.834946       5.747097       5.572268       5.379927       5.183822       4.954705       4.798552       4.624635       4.429765       4.301487       4.243839       1.70141E+38    1.70141E+38    1.70141E+38    

4.872507       4.919008       5.002402       5.158076       5.345809       5.534095       5.688612       5.772032       5.777533       5.70261        5.545523       5.302676       5.098736       4.93188        4.759002       4.733655       4.680295       4.541547       4.377082       4.250368       1.70141E+38    1.70141E+38    1.70141E+38    

1.70141E+38    1.70141E+38    1.70141E+38    1.70141E+38    1.70141E+38    1.70141E+38    1.70141E+38    1.70141E+38    1.70141E+38    1.70141E+38    1.70141E+38    1.70141E+38    1.70141E+38    1.70141E+38    1.70141E+38    1.70141E+38    1.70141E+38    1.70141E+38    1.70141E+38    1.70141E+38    1.70141E+38    1.70141E+38    1.70141E+38    

1.70141E+38    1.70141E+38    1.70141E+38    1.70141E+38    1.70141E+38    1.70141E+38    1.70141E+38    1.70141E+38    1.70141E+38    1.70141E+38    1.70141E+38    1.70141E+38    1.70141E+38    1.70141E+38    1.70141E+38    1.70141E+38    1.70141E+38    1.70141E+38    1.70141E+38    1.70141E+38    1.70141E+38    1.70141E+38    1.70141E+38    

1.70141E+38    1.70141E+38    1.70141E+38    1.70141E+38    1.70141E+38    1.70141E+38    1.70141E+38    1.70141E+38    1.70141E+38    1.70141E+38    1.70141E+38    1.70141E+38    1.70141E+38    1.70141E+38    1.70141E+38    1.70141E+38    1.70141E+38    1.70141E+38    1.70141E+38    1.70141E+38    1.70141E+38    1.70141E+38    1.70141E+38    

1.70141E+38    1.70141E+38    1.70141E+38    1.70141E+38    1.70141E+38    1.70141E+38    1.70141E+38    1.70141E+38    1.70141E+38    1.70141E+38    1.70141E+38    1.70141E+38    1.70141E+38    1.70141E+38    1.70141E+38    1.70141E+38    1.70141E+38    1.70141E+38    1.70141E+38    1.70141E+38    1.70141E+38    1.70141E+38    1.70141E+38    

1.70141E+38    1.70141E+38    1.70141E+38    1.70141E+38    1.70141E+38    1.70141E+38    1.70141E+38    1.70141E+38    1.70141E+38    1.70141E+38    1.70141E+38    1.70141E+38    1.70141E+38    1.70141E+38    1.70141E+38    1.70141E+38    1.70141E+38    1.70141E+38    1.70141E+38    1.70141E+38    1.70141E+38    1.70141E+38    1.70141E+38    

1.70141E+38    1.70141E+38    1.70141E+38    1.70141E+38    1.70141E+38    1.70141E+38    1.70141E+38    1.70141E+38    1.70141E+38    1.70141E+38    1.70141E+38    1.70141E+38    1.70141E+38    1.70141E+38    1.70141E+38    1.70141E+38    1.70141E+38    1.70141E+38    1.70141E+38    1.70141E+38    1.70141E+38    1.70141E+38    1.70141E+38    

1.70141E+38    1.70141E+38    1.70141E+38    1.70141E+38    1.70141E+38    1.70141E+38    1.70141E+38    1.70141E+38    1.70141E+38    1.70141E+38    1.70141E+38    1.70141E+38    1.70141E+38    1.70141E+38    1.70141E+38    1.70141E+38    1.70141E+38    1.70141E+38    1.70141E+38    1.70141E+38    1.70141E+38    1.70141E+38    1.70141E+38    

1.70141E+38    1.70141E+38    1.70141E+38    1.70141E+38    1.70141E+38    1.70141E+38    1.70141E+38    1.70141E+38    1.70141E+38    1.70141E+38    1.70141E+38    1.70141E+38    1.70141E+38    1.70141E+38    1.70141E+38    1.70141E+38    1.70141E+38    1.70141E+38    1.70141E+38    1.70141E+38    1.70141E+38    1.70141E+38    1.70141E+38    

