py_wake/examples/data/ParqueFicticio/Ridge area   Sector 1   Height 30m   Weibull-k.grd
DSAA
23  33
 262878   265078
 6504214   6507414
 1.197266   2.107422
1.70141E+38    1.70141E+38    1.70141E+38    1.70141E+38    1.70141E+38    1.70141E+38    1.70141E+38    1.70141E+38    1.70141E+38    1.70141E+38    1.70141E+38    1.70141E+38    1.70141E+38    1.70141E+38    1.70141E+38    1.70141E+38    1.70141E+38    1.70141E+38    1.70141E+38    1.70141E+38    1.70141E+38    1.70141E+38    1.70141E+38    

1.70141E+38    1.70141E+38    1.70141E+38    1.70141E+38    1.70141E+38    1.70141E+38    1.70141E+38    1.70141E+38    1.70141E+38    1.70141E+38    1.70141E+38    1.70141E+38    1.70141E+38    1.70141E+38    1.70141E+38    1.70141E+38    1.70141E+38    1.70141E+38    1.70141E+38    1.70141E+38    1.70141E+38    1.70141E+38    1.70141E+38    

1.70141E+38    1.70141E+38    1.70141E+38    1.70141E+38    1.70141E+38    1.70141E+38    1.70141E+38    1.70141E+38    1.70141E+38    1.70141E+38    1.70141E+38    1.70141E+38    1.70141E+38    1.70141E+38    1.70141E+38    1.70141E+38    1.70141E+38    1.70141E+38    1.70141E+38    1.70141E+38    1.70141E+38    1.70141E+38    1.70141E+38    

1.70141E+38    1.70141E+38    1.70141E+38    1.70141E+38    1.70141E+38    1.70141E+38    1.70141E+38    1.70141E+38    1.70141E+38    1.70141E+38    1.70141E+38    1.70141E+38    1.70141E+38    1.70141E+38    1.70141E+38    1.70141E+38    1.70141E+38    1.70141E+38    1.70141E+38    1.70141E+38    1.70141E+38    1.70141E+38    1.70141E+38    

1.70141E+38    1.70141E+38    1.70141E+38    1.70141E+38    1.70141E+38    1.70141E+38    1.70141E+38    1.70141E+38    1.70141E+38    1.70141E+38    1.70141E+38    1.70141E+38    1.70141E+38    1.70141E+38    1.70141E+38    1.70141E+38    1.70141E+38    1.70141E+38    1.70141E+38    1.70141E+38    1.70141E+38    1.70141E+38    1.70141E+38    

1.759766       1.767578       1.744141       1.716797       1.705078       1.701172       1.720703       1.759766       1.779297       1.783203       1.783203       1.783203       1.783203       1.783203       1.642578       1.634766       1.697266       1.580078       1.494141       1.435547       1.70141E+38    1.70141E+38    1.70141E+38    

1.755859       1.767578       1.763672       1.759766       1.755859       1.748047       1.755859       1.771484       1.779297       1.783203       1.783203       1.783203       1.783203       1.783203       1.513672       1.626953       1.634766       1.486328       1.255859       1.568359       1.70141E+38    1.70141E+38    1.70141E+38    

1.767578       1.775391       1.759766       1.763672       1.763672       1.767578       1.775391       1.783203       1.783203       1.783203       1.783203       1.783203       1.783203       1.783203       1.685547       1.568359       1.537109       1.244141       1.248047       1.630859       1.70141E+38    1.70141E+38    1.70141E+38    

1.783203       1.787109       1.771484       1.755859       1.744141       1.751953       1.771484       1.783203       1.783203       1.783203       1.783203       1.783203       1.783203       1.783203       1.654297       1.490234       1.361328       1.337891       1.345703       1.705078       1.70141E+38    1.70141E+38    1.70141E+38    

1.791016       1.794922       1.775391       1.759766       1.748047       1.748047       1.759766       1.779297       1.783203       1.783203       1.783203       1.783203       1.783203       1.783203       1.646484       1.619141       1.673828       2.107422       1.482422       1.748047       1.70141E+38    1.70141E+38    1.70141E+38    

1.783203       1.783203       1.767578       1.775391       1.763672       1.763672       1.767578       1.779297       1.783203       1.783203       1.783203       1.783203       1.783203       1.783203       1.708984       1.599609       1.783203       1.544922       1.783203       1.751953       1.70141E+38    1.70141E+38    1.70141E+38    

1.615234       1.392578       1.685547       1.662109       1.689453       1.736328       1.744141       1.783203       1.783203       1.783203       1.783203       1.783203       1.783203       1.783203       1.689453       1.486328       1.255859       1.685547       1.712891       1.736328       1.70141E+38    1.70141E+38    1.70141E+38    

1.783203       1.580078       1.583984       1.615234       1.646484       1.736328       1.767578       1.783203       1.783203       1.783203       1.783203       1.783203       1.783203       1.783203       1.544922       1.568359       1.662109       1.712891       1.728516       1.732422       1.70141E+38    1.70141E+38    1.70141E+38    

1.775391       1.783203       1.736328       1.431641       1.685547       1.681641       1.783203       1.783203       1.783203       1.783203       1.783203       1.783203       1.783203       1.783203       1.689453       1.666016       1.693359       1.712891       1.728516       1.740234       1.70141E+38    1.70141E+38    1.70141E+38    

1.767578       1.775391       1.779297       1.595703       1.783203       1.783203       1.783203       1.783203       1.783203       1.783203       1.783203       1.783203       1.783203       1.783203       1.701172       1.658203       1.669922       1.701172       1.728516       1.748047       1.70141E+38    1.70141E+38    1.70141E+38    

1.771484       1.771484       1.751953       1.732422       1.759766       1.783203       1.775391       1.779297       1.783203       1.783203       1.783203       1.783203       1.783203       1.783203       1.716797       1.650391       1.615234       1.658203       1.716797       1.751953       1.70141E+38    1.70141E+38    1.70141E+38    

1.751953       1.767578       1.724609       1.705078       1.728516       1.740234       1.748047       1.748047       1.744141       1.751953       1.783203       1.783203       1.783203       1.783203       1.732422       1.662109       1.376953       1.533203       1.630859       1.720703       1.70141E+38    1.70141E+38    1.70141E+38    

1.736328       1.748047       1.736328       1.708984       1.728516       1.732422       1.736328       1.736328       1.740234       1.771484       1.783203       1.783203       1.783203       1.783203       1.751953       1.287109       1.400391       1.607422       1.498047       1.572266       1.70141E+38    1.70141E+38    1.70141E+38    

1.748047       1.783203       1.759766       1.779297       1.779297       1.775391       1.779297       1.783203       1.783203       1.783203       1.783203       1.783203       1.783203       1.783203       1.783203       1.740234       1.408203       1.537109       1.607422       1.595703       1.70141E+38    1.70141E+38    1.70141E+38    

1.783203       1.775391       1.755859       1.833984       1.798828       1.763672       1.677734       1.353516       1.197266       1.740234       1.783203       1.783203       1.783203       1.783203       1.783203       1.783203       1.755859       1.380859       1.572266       1.376953       1.70141E+38    1.70141E+38    1.70141E+38    

1.783203       1.783203       1.779297       1.783203       1.775391       1.759766       1.736328       1.701172       1.744141       1.783203       1.783203       1.783203       1.783203       1.783203       1.783203       1.783203       1.787109       1.775391       1.697266       1.580078       1.70141E+38    1.70141E+38    1.70141E+38    

1.767578       1.755859       1.744141       1.740234       1.763672       1.767578       1.767578       1.783203       1.783203       1.755859       1.748047       1.771484       1.783203       1.783203       1.783203       1.775391       1.783203       1.779297       1.771484       1.763672       1.70141E+38    1.70141E+38    1.70141E+38    

1.728516       1.732422       1.740234       1.779297       1.755859       1.716797       1.759766       1.771484       1.751953       1.740234       1.740234       1.767578       1.783203       1.783203       1.783203       1.779297       1.595703       1.447266       1.701172       1.783203       1.70141E+38    1.70141E+38    1.70141E+38    

1.732422       1.775391       1.779297       1.740234       1.681641       1.732422       1.779297       1.740234       1.732422       1.736328       1.751953       1.783203       1.783203       1.783203       1.775391       1.779297       1.783203       1.607422       1.525391       1.556641       1.70141E+38    1.70141E+38    1.70141E+38    

1.783203       1.783203       1.779297       1.783203       1.783203       1.763672       1.744141       1.732422       1.728516       1.748047       1.783203       1.783203       1.783203       1.783203       1.783203       1.771484       1.587891       1.556641       1.783203       1.365234       1.70141E+38    1.70141E+38    1.70141E+38    

1.70141E+38    1.70141E+38    1.70141E+38    1.70141E+38    1.70141E+38    1.70141E+38    1.70141E+38    1.70141E+38    1.70141E+38    1.70141E+38    1.70141E+38    1.70141E+38    1.70141E+38    1.70141E+38    1.70141E+38    1.70141E+38    1.70141E+38    1.70141E+38    1.70141E+38    1.70141E+38    1.70141E+38    1.70141E+38    1.70141E+38    

1.70141E+38    1.70141E+38    1.70141E+38    1.70141E+38    1.70141E+38    1.70141E+38    1.70141E+38    1.70141E+38    1.70141E+38    1.70141E+38    1.70141E+38    1.70141E+38    1.70141E+38    1.70141E+38    1.70141E+38    1.70141E+38    1.70141E+38    1.70141E+38    1.70141E+38    1.70141E+38    1.70141E+38    1.70141E+38    1.70141E+38    

1.70141E+38    1.70141E+38    1.70141E+38    1.70141E+38    1.70141E+38    1.70141E+38    1.70141E+38    1.70141E+38    1.70141E+38    1.70141E+38    1.70141E+38    1.70141E+38    1.70141E+38    1.70141E+38    1.70141E+38    1.70141E+38    1.70141E+38    1.70141E+38    1.70141E+38    1.70141E+38    1.70141E+38    1.70141E+38    1.70141E+38    

1.70141E+38    1.70141E+38    1.70141E+38    1.70141E+38    1.70141E+38    1.70141E+38    1.70141E+38    1.70141E+38    1.70141E+38    1.70141E+38    1.70141E+38    1.70141E+38    1.70141E+38    1.70141E+38    1.70141E+38    1.70141E+38    1.70141E+38    1.70141E+38    1.70141E+38    1.70141E+38    1.70141E+38    1.70141E+38    1.70141E+38    

1.70141E+38    1.70141E+38    1.70141E+38    1.70141E+38    1.70141E+38    1.70141E+38    1.70141E+38    1.70141E+38    1.70141E+38    1.70141E+38    1.70141E+38    1.70141E+38    1.70141E+38    1.70141E+38    1.70141E+38    1.70141E+38    1.70141E+38    1.70141E+38    1.70141E+38    1.70141E+38    1.70141E+38    1.70141E+38    1.70141E+38    

1.70141E+38    1.70141E+38    1.70141E+38    1.70141E+38    1.70141E+38    1.70141E+38    1.70141E+38    1.70141E+38    1.70141E+38    1.70141E+38    1.70141E+38    1.70141E+38    1.70141E+38    1.70141E+38    1.70141E+38    1.70141E+38    1.70141E+38    1.70141E+38    1.70141E+38    1.70141E+38    1.70141E+38    1.70141E+38    1.70141E+38    

1.70141E+38    1.70141E+38    1.70141E+38    1.70141E+38    1.70141E+38    1.70141E+38    1.70141E+38    1.70141E+38    1.70141E+38    1.70141E+38    1.70141E+38    1.70141E+38    1.70141E+38    1.70141E+38    1.70141E+38    1.70141E+38    1.70141E+38    1.70141E+38    1.70141E+38    1.70141E+38    1.70141E+38    1.70141E+38    1.70141E+38    

1.70141E+38    1.70141E+38    1.70141E+38    1.70141E+38    1.70141E+38    1.70141E+38    1.70141E+38    1.70141E+38    1.70141E+38    1.70141E+38    1.70141E+38    1.70141E+38    1.70141E+38    1.70141E+38    1.70141E+38    1.70141E+38    1.70141E+38    1.70141E+38    1.70141E+38    1.70141E+38    1.70141E+38    1.70141E+38    1.70141E+38    

