py_wake/examples/data/ParqueFicticio/Ridge area   Sector 1   Height 200m   Weibull-A.grd
DSAA
23  33
 262878   265078
 6504214   6507414
 4.849665   7.215877
1.70141E+38    1.70141E+38    1.70141E+38    1.70141E+38    1.70141E+38    1.70141E+38    1.70141E+38    1.70141E+38    1.70141E+38    1.70141E+38    1.70141E+38    1.70141E+38    1.70141E+38    1.70141E+38    1.70141E+38    1.70141E+38    1.70141E+38    1.70141E+38    1.70141E+38    1.70141E+38    1.70141E+38    1.70141E+38    1.70141E+38    

1.70141E+38    1.70141E+38    1.70141E+38    1.70141E+38    1.70141E+38    1.70141E+38    1.70141E+38    1.70141E+38    1.70141E+38    1.70141E+38    1.70141E+38    1.70141E+38    1.70141E+38    1.70141E+38    1.70141E+38    1.70141E+38    1.70141E+38    1.70141E+38    1.70141E+38    1.70141E+38    1.70141E+38    1.70141E+38    1.70141E+38    

1.70141E+38    1.70141E+38    1.70141E+38    1.70141E+38    1.70141E+38    1.70141E+38    1.70141E+38    1.70141E+38    1.70141E+38    1.70141E+38    1.70141E+38    1.70141E+38    1.70141E+38    1.70141E+38    1.70141E+38    1.70141E+38    1.70141E+38    1.70141E+38    1.70141E+38    1.70141E+38    1.70141E+38    1.70141E+38    1.70141E+38    

1.70141E+38    1.70141E+38    1.70141E+38    1.70141E+38    1.70141E+38    1.70141E+38    1.70141E+38    1.70141E+38    1.70141E+38    1.70141E+38    1.70141E+38    1.70141E+38    1.70141E+38    1.70141E+38    1.70141E+38    1.70141E+38    1.70141E+38    1.70141E+38    1.70141E+38    1.70141E+38    1.70141E+38    1.70141E+38    1.70141E+38    

1.70141E+38    1.70141E+38    1.70141E+38    1.70141E+38    1.70141E+38    1.70141E+38    1.70141E+38    1.70141E+38    1.70141E+38    1.70141E+38    1.70141E+38    1.70141E+38    1.70141E+38    1.70141E+38    1.70141E+38    1.70141E+38    1.70141E+38    1.70141E+38    1.70141E+38    1.70141E+38    1.70141E+38    1.70141E+38    1.70141E+38    

5.480005       5.541646       5.645679       5.756271       5.878452       5.982947       6.040771       6.092775       6.120561       6.152233       6.169833       6.1553         6.111977       5.969406       5.723938       5.40063        5.015881       4.849665       5.063668       5.439346       1.70141E+38    1.70141E+38    1.70141E+38    

5.538026       5.595516       5.666152       5.741492       5.852903       5.958926       6.058251       6.156777       6.232087       6.273561       6.289595       6.265424       6.174516       5.960871       5.669754       5.328872       4.908441       4.939913       5.370631       5.718715       1.70141E+38    1.70141E+38    1.70141E+38    

5.549633       5.648566       5.745997       5.773944       5.794104       5.839344       5.91057        6.026287       6.159862       6.261019       6.324976       6.313657       6.195352       5.95849        5.686681       5.394241       5.011735       5.232619       5.666026       5.933359       1.70141E+38    1.70141E+38    1.70141E+38    

5.530372       5.64052        5.766835       5.83112        5.859466       5.887067       5.917366       5.978558       6.076699       6.194543       6.320123       6.367636       6.243274       6.02294        5.811194       5.611377       5.327008       5.541316       5.919216       6.127657       1.70141E+38    1.70141E+38    1.70141E+38    

5.517457       5.633626       5.78896        5.902442       5.979819       6.069982       6.158487       6.242028       6.28462        6.322793       6.39582        6.449249       6.377903       6.232443       6.061855       5.881346       5.724386       5.842078       6.120981       6.309205       1.70141E+38    1.70141E+38    1.70141E+38    

5.601813       5.660964       5.840569       6.018445       6.151165       6.269608       6.386657       6.494925       6.55988        6.575494       6.585968       6.60091        6.547897       6.441281       6.276507       6.112418       6.074434       6.211144       6.3943         6.539205       1.70141E+38    1.70141E+38    1.70141E+38    

5.791611       5.731428       5.859234       6.060838       6.228994       6.365759       6.469644       6.573466       6.65355        6.700189       6.720883       6.727791       6.678097       6.568266       6.426311       6.361911       6.482992       6.648062       6.761887       6.815088       1.70141E+38    1.70141E+38    1.70141E+38    

6.066411       5.921063       5.876556       6.01239        6.163553       6.27789        6.348927       6.44698        6.569779       6.669571       6.746237       6.792038       6.769958       6.673849       6.582858       6.652577       6.86773        7.008827       7.067049       7.062403       1.70141E+38    1.70141E+38    1.70141E+38    

6.339391       6.225587       6.080107       6.092257       6.089393       6.142347       6.21613        6.276556       6.409676       6.571444       6.730969       6.83841        6.848766       6.784503       6.759671       6.928954       7.099609       7.187508       7.215877       7.199303       1.70141E+38    1.70141E+38    1.70141E+38    

6.553266       6.507334       6.419112       6.410274       6.330471       6.292119       6.360368       6.441568       6.550502       6.664511       6.802792       6.918087       6.950348       6.922784       6.936744       7.062764       7.153122       7.194489       7.195807       7.16337        1.70141E+38    1.70141E+38    1.70141E+38    

6.711126       6.727279       6.717878       6.710989       6.669728       6.625808       6.654117       6.712216       6.792375       6.871098       6.946646       7.008569       7.038113       7.029527       7.020034       7.052787       7.03828        7.004513       6.964835       6.925476       1.70141E+38    1.70141E+38    1.70141E+38    

6.786943       6.828011       6.839366       6.835793       6.831471       6.831603       6.844033       6.862382       6.886302       6.931351       6.981947       7.030899       7.05257        7.057548       7.010848       6.935282       6.769989       6.602865       6.520037       6.509149       1.70141E+38    1.70141E+38    1.70141E+38    

6.686919       6.728652       6.729597       6.717946       6.745773       6.769845       6.789527       6.801          6.80744        6.822321       6.873121       6.956604       7.0137         7.022793       6.960693       6.801705       6.569767       6.287598       6.102614       6.079859       1.70141E+38    1.70141E+38    1.70141E+38    

6.415007       6.410808       6.362746       6.345304       6.408827       6.470984       6.505342       6.507309       6.512049       6.544617       6.668058       6.848186       6.94295        6.946917       6.859279       6.682047       6.446867       6.164697       5.892659       5.7655         1.70141E+38    1.70141E+38    1.70141E+38    

6.067558       6.030368       6.037853       6.056875       6.101781       6.175135       6.180997       6.188848       6.271289       6.451826       6.642728       6.813857       6.865129       6.83015        6.724455       6.559075       6.354308       6.117812       5.894299       5.693374       1.70141E+38    1.70141E+38    1.70141E+38    

5.993915       6.063632       6.166555       6.245823       6.270339       6.276207       6.294891       6.325872       6.427349       6.621713       6.782413       6.851954       6.82501        6.678709       6.518249       6.40226        6.290807       6.165013       6.02714        5.863626       1.70141E+38    1.70141E+38    1.70141E+38    

6.223727       6.312942       6.362913       6.399479       6.402997       6.422845       6.459523       6.557696       6.677794       6.798544       6.873331       6.877959       6.80442        6.622598       6.375877       6.20731        6.128603       6.092849       6.056477       5.960478       1.70141E+38    1.70141E+38    1.70141E+38    

6.294453       6.333848       6.321873       6.296371       6.302721       6.373426       6.505068       6.691729       6.826857       6.875206       6.861469       6.811523       6.737229       6.61447        6.43108        6.223324       6.03076        5.923011       5.897808       5.87151        1.70141E+38    1.70141E+38    1.70141E+38    

6.168055       6.162521       6.136401       6.153118       6.251249       6.406714       6.598371       6.757461       6.829916       6.816327       6.730054       6.605238       6.533308       6.489496       6.416598       6.323353       6.165514       5.946964       5.779302       5.68746        1.70141E+38    1.70141E+38    1.70141E+38    

5.938637       5.993641       6.086042       6.249219       6.427954       6.586485       6.702693       6.748252       6.724923       6.628706       6.49627        6.301949       6.212309       6.210535       6.209949       6.261898       6.25017        6.125818       5.933597       5.751918       1.70141E+38    1.70141E+38    1.70141E+38    

1.70141E+38    1.70141E+38    1.70141E+38    1.70141E+38    1.70141E+38    1.70141E+38    1.70141E+38    1.70141E+38    1.70141E+38    1.70141E+38    1.70141E+38    1.70141E+38    1.70141E+38    1.70141E+38    1.70141E+38    1.70141E+38    1.70141E+38    1.70141E+38    1.70141E+38    1.70141E+38    1.70141E+38    1.70141E+38    1.70141E+38    

1.70141E+38    1.70141E+38    1.70141E+38    1.70141E+38    1.70141E+38    1.70141E+38    1.70141E+38    1.70141E+38    1.70141E+38    1.70141E+38    1.70141E+38    1.70141E+38    1.70141E+38    1.70141E+38    1.70141E+38    1.70141E+38    1.70141E+38    1.70141E+38    1.70141E+38    1.70141E+38    1.70141E+38    1.70141E+38    1.70141E+38    

1.70141E+38    1.70141E+38    1.70141E+38    1.70141E+38    1.70141E+38    1.70141E+38    1.70141E+38    1.70141E+38    1.70141E+38    1.70141E+38    1.70141E+38    1.70141E+38    1.70141E+38    1.70141E+38    1.70141E+38    1.70141E+38    1.70141E+38    1.70141E+38    1.70141E+38    1.70141E+38    1.70141E+38    1.70141E+38    1.70141E+38    

1.70141E+38    1.70141E+38    1.70141E+38    1.70141E+38    1.70141E+38    1.70141E+38    1.70141E+38    1.70141E+38    1.70141E+38    1.70141E+38    1.70141E+38    1.70141E+38    1.70141E+38    1.70141E+38    1.70141E+38    1.70141E+38    1.70141E+38    1.70141E+38    1.70141E+38    1.70141E+38    1.70141E+38    1.70141E+38    1.70141E+38    

1.70141E+38    1.70141E+38    1.70141E+38    1.70141E+38    1.70141E+38    1.70141E+38    1.70141E+38    1.70141E+38    1.70141E+38    1.70141E+38    1.70141E+38    1.70141E+38    1.70141E+38    1.70141E+38    1.70141E+38    1.70141E+38    1.70141E+38    1.70141E+38    1.70141E+38    1.70141E+38    1.70141E+38    1.70141E+38    1.70141E+38    

1.70141E+38    1.70141E+38    1.70141E+38    1.70141E+38    1.70141E+38    1.70141E+38    1.70141E+38    1.70141E+38    1.70141E+38    1.70141E+38    1.70141E+38    1.70141E+38    1.70141E+38    1.70141E+38    1.70141E+38    1.70141E+38    1.70141E+38    1.70141E+38    1.70141E+38    1.70141E+38    1.70141E+38    1.70141E+38    1.70141E+38    

1.70141E+38    1.70141E+38    1.70141E+38    1.70141E+38    1.70141E+38    1.70141E+38    1.70141E+38    1.70141E+38    1.70141E+38    1.70141E+38    1.70141E+38    1.70141E+38    1.70141E+38    1.70141E+38    1.70141E+38    1.70141E+38    1.70141E+38    1.70141E+38    1.70141E+38    1.70141E+38    1.70141E+38    1.70141E+38    1.70141E+38    

1.70141E+38    1.70141E+38    1.70141E+38    1.70141E+38    1.70141E+38    1.70141E+38    1.70141E+38    1.70141E+38    1.70141E+38    1.70141E+38    1.70141E+38    1.70141E+38    1.70141E+38    1.70141E+38    1.70141E+38    1.70141E+38    1.70141E+38    1.70141E+38    1.70141E+38    1.70141E+38    1.70141E+38    1.70141E+38    1.70141E+38    

