py_wake/examples/data/ParqueFicticio/Ridge area   Sector 1   Height 30m   Weibull-A.grd
DSAA
23  33
 262878   265078
 6504214   6507414
 .4534516   5.768085
1.70141E+38    1.70141E+38    1.70141E+38    1.70141E+38    1.70141E+38    1.70141E+38    1.70141E+38    1.70141E+38    1.70141E+38    1.70141E+38    1.70141E+38    1.70141E+38    1.70141E+38    1.70141E+38    1.70141E+38    1.70141E+38    1.70141E+38    1.70141E+38    1.70141E+38    1.70141E+38    1.70141E+38    1.70141E+38    1.70141E+38    

1.70141E+38    1.70141E+38    1.70141E+38    1.70141E+38    1.70141E+38    1.70141E+38    1.70141E+38    1.70141E+38    1.70141E+38    1.70141E+38    1.70141E+38    1.70141E+38    1.70141E+38    1.70141E+38    1.70141E+38    1.70141E+38    1.70141E+38    1.70141E+38    1.70141E+38    1.70141E+38    1.70141E+38    1.70141E+38    1.70141E+38    

1.70141E+38    1.70141E+38    1.70141E+38    1.70141E+38    1.70141E+38    1.70141E+38    1.70141E+38    1.70141E+38    1.70141E+38    1.70141E+38    1.70141E+38    1.70141E+38    1.70141E+38    1.70141E+38    1.70141E+38    1.70141E+38    1.70141E+38    1.70141E+38    1.70141E+38    1.70141E+38    1.70141E+38    1.70141E+38    1.70141E+38    

1.70141E+38    1.70141E+38    1.70141E+38    1.70141E+38    1.70141E+38    1.70141E+38    1.70141E+38    1.70141E+38    1.70141E+38    1.70141E+38    1.70141E+38    1.70141E+38    1.70141E+38    1.70141E+38    1.70141E+38    1.70141E+38    1.70141E+38    1.70141E+38    1.70141E+38    1.70141E+38    1.70141E+38    1.70141E+38    1.70141E+38    

1.70141E+38    1.70141E+38    1.70141E+38    1.70141E+38    1.70141E+38    1.70141E+38    1.70141E+38    1.70141E+38    1.70141E+38    1.70141E+38    1.70141E+38    1.70141E+38    1.70141E+38    1.70141E+38    1.70141E+38    1.70141E+38    1.70141E+38    1.70141E+38    1.70141E+38    1.70141E+38    1.70141E+38    1.70141E+38    1.70141E+38    

2.277809       2.195906       2.474528       2.857405       3.112933       3.385401       3.302759       3.25565        3.231432       3.363721       3.411872       3.38075        3.42564        3.039621       2.071803       1.476426       1.216969       1.3819         1.563601       1.951289       1.70141E+38    1.70141E+38    1.70141E+38    

2.315383       2.195244       2.339282       2.572989       2.811387       3.057172       3.18239        3.414383       3.72575        3.8184         3.733962       3.631953       3.435406       2.816116       1.501919       1.200626       1.098378       1.486048       1.641333       2.161079       1.70141E+38    1.70141E+38    1.70141E+38    

2.127599       2.217409       2.561215       2.578223       2.429361       2.353761       2.217819       2.326123       2.820791       3.343081       3.624979       3.533369       3.172567       2.559446       1.801676       .9765984       1.152205       1.462045       1.454872       2.495892       1.70141E+38    1.70141E+38    1.70141E+38    

1.752083       1.90467        2.398698       2.583199       2.514991       2.338663       2.028876       1.734925       1.811139       2.362146       3.137688       3.523448       3.0159         2.420782       1.856191       .8888232       1.172729       1.721794       1.724494       2.80964        1.70141E+38    1.70141E+38    1.70141E+38    

1.291684       1.557189       2.184224       2.494326       2.613164       2.733244       2.788422       2.764412       2.501327       2.566567       3.016703       3.455494       3.310742       3.026674       2.475352       1.492872       1.482197       .8671797       1.473388       3.007541       1.70141E+38    1.70141E+38    1.70141E+38    

1.073179       1.240385       2.070588       2.716278       3.092086       3.384831       3.684067       3.983781       4.071035       3.916316       3.813605       3.915097       3.840785       3.681743       3.046492       1.404816       .7897069       .6294044       1.563501       3.414386       1.70141E+38    1.70141E+38    1.70141E+38    

1.345638       .6436556       1.516319       2.637896       3.406309       3.994762       4.245099       4.394844       4.522569       4.57769        4.443902       4.333727       4.139533       3.763502       3.069528       2.653653       1.484925       1.957182       3.307697       4.177752       1.70141E+38    1.70141E+38    1.70141E+38    

2.364526       .4534516       .8508682       1.55821        2.220441       2.821357       3.028803       3.202842       3.528762       3.906131       4.210245       4.367759       4.278231       3.810578       2.842824       3.390251       3.939984       4.687424       4.971603       4.995637       1.70141E+38    1.70141E+38    1.70141E+38    

3.678047       2.297114       .9170356       .9635729       .9178359       1.382465       1.959674       1.964139       2.159431       2.73082        3.622126       4.278116       4.294642       3.879296       3.516674       4.141554       5.03717        5.581587       5.768085       5.657742       1.70141E+38    1.70141E+38    1.70141E+38    

4.315427       3.672559       2.339768       1.928694       .7197839       1.204138       2.318998       2.787949       2.914916       3.052632       3.724287       4.431205       4.59354        4.34245        4.220707       4.588289       5.002834       5.289147       5.47651        5.602601       1.70141E+38    1.70141E+38    1.70141E+38    

4.724307       4.604523       4.189249       4.054817       3.442711       2.923828       3.606338       4.033079       4.317673       4.494316       4.723781       4.913116       5.031367       4.925355       4.848836       4.481667       3.994781       4.100619       4.364377       4.576692       1.70141E+38    1.70141E+38    1.70141E+38    

5.289336       5.324275       5.275378       5.138828       4.995279       4.950251       4.990803       4.991483       5.015092       5.017092       5.017977       5.062555       5.008016       5.118222       4.926157       4.01993        2.033671       2.30145        2.978132       3.52771        1.70141E+38    1.70141E+38    1.70141E+38    

4.802424       4.934836       4.730793       4.299705       4.589306       4.782518       4.898856       4.891214       4.695196       4.318154       4.225469       4.620383       4.938324       5.055579       4.974321       3.047916       2.077831       1.898431       2.047127       2.351526       1.70141E+38    1.70141E+38    1.70141E+38    

3.887975       3.487644       2.812865       2.289152       2.630684       3.155999       3.31032        3.173009       2.869325       2.483488       2.784399       4.160043       4.823792       4.948184       4.673003       4.18053        2.636532       2.172475       1.749743       1.895053       1.70141E+38    1.70141E+38    1.70141E+38    

2.723388       2.089107       1.525456       1.060837       1.158439       2.07092        1.87351        1.267488       1.066666       2.010512       2.990295       4.354575       4.677671       4.647115       4.45427        4.073462       3.568152       2.940555       2.369776       1.49356        1.70141E+38    1.70141E+38    1.70141E+38    

2.542231       2.228598       2.633255       2.960296       3.17048        3.158266       2.955754       2.543181       2.444864       3.466421       4.423906       4.814633       4.700168       3.977717       3.614334       3.690718       3.777046       3.694734       3.262318       2.705497       1.70141E+38    1.70141E+38    1.70141E+38    

3.994987       4.294076       4.486991       4.633224       4.483149       4.339621       4.063309       4.123119       4.16302        4.707261       5.172798       5.208141       4.851627       4.147017       3.160299       2.688168       2.91382        3.423421       3.814753       3.786212       1.70141E+38    1.70141E+38    1.70141E+38    

4.516845       4.530274       4.250306       3.754314       3.390086       3.273468       3.522938       4.456942       5.040024       5.279465       5.260332       4.995664       4.871264       4.699851       4.135232       3.169526       1.87904        1.657852       2.548337       3.266595       1.70141E+38    1.70141E+38    1.70141E+38    

3.893354       3.58181        3.202348       2.883104       2.768917       3.049567       3.891267       4.726713       5.134886       5.173053       4.757499       4.198112       4.190327       4.46148        4.535047       4.339903       3.586302       1.808192       1.364833       1.679686       1.70141E+38    1.70141E+38    1.70141E+38    

2.955034       2.996552       3.075131       3.550929       4.078139       4.509611       4.904988       5.007306       4.891199       4.59332        4.110907       3.531641       3.408614       3.613057       3.848027       4.339273       4.473487       3.886801       2.487226       1.376975       1.70141E+38    1.70141E+38    1.70141E+38    

1.70141E+38    1.70141E+38    1.70141E+38    1.70141E+38    1.70141E+38    1.70141E+38    1.70141E+38    1.70141E+38    1.70141E+38    1.70141E+38    1.70141E+38    1.70141E+38    1.70141E+38    1.70141E+38    1.70141E+38    1.70141E+38    1.70141E+38    1.70141E+38    1.70141E+38    1.70141E+38    1.70141E+38    1.70141E+38    1.70141E+38    

1.70141E+38    1.70141E+38    1.70141E+38    1.70141E+38    1.70141E+38    1.70141E+38    1.70141E+38    1.70141E+38    1.70141E+38    1.70141E+38    1.70141E+38    1.70141E+38    1.70141E+38    1.70141E+38    1.70141E+38    1.70141E+38    1.70141E+38    1.70141E+38    1.70141E+38    1.70141E+38    1.70141E+38    1.70141E+38    1.70141E+38    

1.70141E+38    1.70141E+38    1.70141E+38    1.70141E+38    1.70141E+38    1.70141E+38    1.70141E+38    1.70141E+38    1.70141E+38    1.70141E+38    1.70141E+38    1.70141E+38    1.70141E+38    1.70141E+38    1.70141E+38    1.70141E+38    1.70141E+38    1.70141E+38    1.70141E+38    1.70141E+38    1.70141E+38    1.70141E+38    1.70141E+38    

1.70141E+38    1.70141E+38    1.70141E+38    1.70141E+38    1.70141E+38    1.70141E+38    1.70141E+38    1.70141E+38    1.70141E+38    1.70141E+38    1.70141E+38    1.70141E+38    1.70141E+38    1.70141E+38    1.70141E+38    1.70141E+38    1.70141E+38    1.70141E+38    1.70141E+38    1.70141E+38    1.70141E+38    1.70141E+38    1.70141E+38    

1.70141E+38    1.70141E+38    1.70141E+38    1.70141E+38    1.70141E+38    1.70141E+38    1.70141E+38    1.70141E+38    1.70141E+38    1.70141E+38    1.70141E+38    1.70141E+38    1.70141E+38    1.70141E+38    1.70141E+38    1.70141E+38    1.70141E+38    1.70141E+38    1.70141E+38    1.70141E+38    1.70141E+38    1.70141E+38    1.70141E+38    

1.70141E+38    1.70141E+38    1.70141E+38    1.70141E+38    1.70141E+38    1.70141E+38    1.70141E+38    1.70141E+38    1.70141E+38    1.70141E+38    1.70141E+38    1.70141E+38    1.70141E+38    1.70141E+38    1.70141E+38    1.70141E+38    1.70141E+38    1.70141E+38    1.70141E+38    1.70141E+38    1.70141E+38    1.70141E+38    1.70141E+38    

1.70141E+38    1.70141E+38    1.70141E+38    1.70141E+38    1.70141E+38    1.70141E+38    1.70141E+38    1.70141E+38    1.70141E+38    1.70141E+38    1.70141E+38    1.70141E+38    1.70141E+38    1.70141E+38    1.70141E+38    1.70141E+38    1.70141E+38    1.70141E+38    1.70141E+38    1.70141E+38    1.70141E+38    1.70141E+38    1.70141E+38    

1.70141E+38    1.70141E+38    1.70141E+38    1.70141E+38    1.70141E+38    1.70141E+38    1.70141E+38    1.70141E+38    1.70141E+38    1.70141E+38    1.70141E+38    1.70141E+38    1.70141E+38    1.70141E+38    1.70141E+38    1.70141E+38    1.70141E+38    1.70141E+38    1.70141E+38    1.70141E+38    1.70141E+38    1.70141E+38    1.70141E+38    

