py_wake/examples/data/ParqueFicticio/Ridge area   Sector 8   Height 30m   Weibull-k.grd
DSAA
23  33
 262878   265078
 6504214   6507414
 .9550781   2.392578
1.70141E+38    1.70141E+38    1.70141E+38    1.70141E+38    1.70141E+38    1.70141E+38    1.70141E+38    1.70141E+38    1.70141E+38    1.70141E+38    1.70141E+38    1.70141E+38    1.70141E+38    1.70141E+38    1.70141E+38    1.70141E+38    1.70141E+38    1.70141E+38    1.70141E+38    1.70141E+38    1.70141E+38    1.70141E+38    1.70141E+38    

1.70141E+38    1.70141E+38    1.70141E+38    1.70141E+38    1.70141E+38    1.70141E+38    1.70141E+38    1.70141E+38    1.70141E+38    1.70141E+38    1.70141E+38    1.70141E+38    1.70141E+38    1.70141E+38    1.70141E+38    1.70141E+38    1.70141E+38    1.70141E+38    1.70141E+38    1.70141E+38    1.70141E+38    1.70141E+38    1.70141E+38    

1.70141E+38    1.70141E+38    1.70141E+38    1.70141E+38    1.70141E+38    1.70141E+38    1.70141E+38    1.70141E+38    1.70141E+38    1.70141E+38    1.70141E+38    1.70141E+38    1.70141E+38    1.70141E+38    1.70141E+38    1.70141E+38    1.70141E+38    1.70141E+38    1.70141E+38    1.70141E+38    1.70141E+38    1.70141E+38    1.70141E+38    

1.70141E+38    1.70141E+38    1.70141E+38    1.70141E+38    1.70141E+38    1.70141E+38    1.70141E+38    1.70141E+38    1.70141E+38    1.70141E+38    1.70141E+38    1.70141E+38    1.70141E+38    1.70141E+38    1.70141E+38    1.70141E+38    1.70141E+38    1.70141E+38    1.70141E+38    1.70141E+38    1.70141E+38    1.70141E+38    1.70141E+38    

1.70141E+38    1.70141E+38    1.70141E+38    1.70141E+38    1.70141E+38    1.70141E+38    1.70141E+38    1.70141E+38    1.70141E+38    1.70141E+38    1.70141E+38    1.70141E+38    1.70141E+38    1.70141E+38    1.70141E+38    1.70141E+38    1.70141E+38    1.70141E+38    1.70141E+38    1.70141E+38    1.70141E+38    1.70141E+38    1.70141E+38    

2.361328       2.357422       2.357422       2.361328       2.353516       2.353516       2.349609       2.349609       2.349609       2.345703       2.298828       2.228516       2.189453       2.255859       2.341797       2.189453       2.189453       2.189453       2.392578       2.212891       1.70141E+38    1.70141E+38    1.70141E+38    

2.361328       2.357422       2.357422       2.357422       2.357422       2.349609       2.349609       2.349609       2.349609       2.349609       2.314453       2.259766       2.251953       1.091797       2.189453       2.189453       2.189453       2.189453       2.333984       2.294922       1.70141E+38    1.70141E+38    1.70141E+38    

2.361328       2.361328       2.357422       2.357422       2.357422       2.345703       2.333984       2.330078       2.330078       2.326172       2.310547       2.271484       2.294922       2.314453       1.771484       2.189453       2.189453       2.189453       1.962891       2.255859       1.70141E+38    1.70141E+38    1.70141E+38    

2.361328       2.361328       2.357422       2.357422       2.357422       2.349609       2.337891       2.263672       2.232422       2.263672       2.279297       2.279297       2.314453       2.037109       1.771484       2.189453       2.189453       2.189453       2.025391       2.216797       1.70141E+38    1.70141E+38    1.70141E+38    

2.357422       2.361328       2.357422       2.357422       2.357422       2.357422       2.349609       2.349609       2.306641       2.255859       2.255859       2.271484       2.314453       1.716797       1.771484       2.083984       2.392578       2.392578       2.212891       2.197266       1.70141E+38    1.70141E+38    1.70141E+38    

2.357422       2.361328       2.365234       2.357422       2.357422       2.357422       2.349609       2.349609       2.349609       2.337891       2.310547       2.291016       2.318359       2.150391       1.779297       2.392578       2.392578       1.720703       2.189453       2.197266       1.70141E+38    1.70141E+38    1.70141E+38    

2.345703       2.302734       2.349609       2.361328       2.361328       2.361328       2.353516       2.349609       2.349609       2.345703       2.341797       2.318359       2.330078       2.291016       2.232422       2.392578       2.392578       1.822266       2.197266       2.236328       1.70141E+38    1.70141E+38    1.70141E+38    

2.357422       2.287109       2.228516       2.236328       2.275391       2.294922       2.298828       2.294922       2.314453       2.333984       2.337891       2.326172       2.333984       2.345703       2.326172       2.357422       1.791016       2.197266       2.255859       2.248047       1.70141E+38    1.70141E+38    1.70141E+38    

2.357422       2.349609       2.287109       2.150391       2.013672       2.001953       2.080078       2.060547       2.138672       2.271484       2.310547       2.314453       2.322266       2.345703       1.666016       2.052734       2.267578       2.314453       2.310547       2.259766       1.70141E+38    1.70141E+38    1.70141E+38    

2.353516       2.349609       2.365234       2.322266       2.216797       2.115234       2.205078       2.240234       2.244141       2.263672       2.291016       2.291016       2.314453       2.341797       2.220703       2.279297       2.318359       2.333984       2.326172       2.263672       1.70141E+38    1.70141E+38    1.70141E+38    

2.357422       2.357422       2.369141       2.369141       2.365234       2.353516       2.326172       2.330078       2.333984       2.330078       2.314453       2.306641       2.318359       2.322266       2.318359       2.205078       2.224609       2.306641       2.337891       2.330078       1.70141E+38    1.70141E+38    1.70141E+38    

2.365234       2.365234       2.369141       2.369141       2.369141       2.365234       2.365234       2.353516       2.322266       2.318359       2.318359       2.310547       2.310547       2.310547       2.314453       2.126953       2.076172       2.341797       2.337891       2.337891       1.70141E+38    1.70141E+38    1.70141E+38    

2.357422       2.353516       2.365234       2.369141       2.365234       2.361328       2.353516       2.326172       2.302734       2.291016       2.294922       2.294922       2.294922       2.291016       2.322266       2.345703       2.341797       2.341797       1.783203       2.337891       1.70141E+38    1.70141E+38    1.70141E+38    

2.333984       2.357422       2.357422       2.259766       2.283203       2.279297       2.275391       2.259766       2.263672       2.287109       2.291016       2.248047       2.248047       2.287109       2.330078       1.189453       2.341797       2.341797       2.341797       2.294922       1.70141E+38    1.70141E+38    1.70141E+38    

2.107422       2.216797       2.216797       2.216797       2.216797       1.466797       1.595703       1.658203       1.900391       2.244141       2.232422       2.201172       2.216797       2.291016       2.337891       1.123047       1.052734       2.341797       2.388672       2.388672       1.70141E+38    1.70141E+38    1.70141E+38    

1.998047       1.904297       2.169922       2.193359       2.123047       2.119141       2.212891       2.240234       2.275391       2.294922       2.248047       2.205078       2.232422       2.302734       2.345703       2.341797       2.341797       1.833984       1.330078       2.388672       1.70141E+38    1.70141E+38    1.70141E+38    

2.318359       2.314453       2.337891       2.337891       2.345703       2.349609       2.345703       2.341797       2.318359       2.283203       2.259766       2.263672       2.298828       2.193359       2.189453       2.189453       2.189453       2.189453       2.185547       1.810547       1.70141E+38    1.70141E+38    1.70141E+38    

2.314453       2.294922       2.306641       2.326172       2.337891       2.330078       2.322266       2.322266       2.294922       2.271484       2.263672       2.298828       2.333984       .9550781       2.189453       2.189453       2.189453       2.189453       2.185547       2.185547       1.70141E+38    1.70141E+38    1.70141E+38    

2.267578       2.294922       2.330078       2.345703       2.345703       2.330078       2.267578       2.240234       2.232422       2.255859       2.310547       2.095703       2.056641       2.275391       2.189453       2.189453       2.189453       2.189453       2.185547       2.185547       1.70141E+38    1.70141E+38    1.70141E+38    

2.232422       2.310547       2.353516       2.353516       2.337891       2.318359       2.251953       2.197266       2.201172       2.255859       1.990234       2.392578       2.392578       2.001953       2.373047       1.951172       2.341797       2.341797       2.185547       2.185547       1.70141E+38    1.70141E+38    1.70141E+38    

1.70141E+38    1.70141E+38    1.70141E+38    1.70141E+38    1.70141E+38    1.70141E+38    1.70141E+38    1.70141E+38    1.70141E+38    1.70141E+38    1.70141E+38    1.70141E+38    1.70141E+38    1.70141E+38    1.70141E+38    1.70141E+38    1.70141E+38    1.70141E+38    1.70141E+38    1.70141E+38    1.70141E+38    1.70141E+38    1.70141E+38    

1.70141E+38    1.70141E+38    1.70141E+38    1.70141E+38    1.70141E+38    1.70141E+38    1.70141E+38    1.70141E+38    1.70141E+38    1.70141E+38    1.70141E+38    1.70141E+38    1.70141E+38    1.70141E+38    1.70141E+38    1.70141E+38    1.70141E+38    1.70141E+38    1.70141E+38    1.70141E+38    1.70141E+38    1.70141E+38    1.70141E+38    

1.70141E+38    1.70141E+38    1.70141E+38    1.70141E+38    1.70141E+38    1.70141E+38    1.70141E+38    1.70141E+38    1.70141E+38    1.70141E+38    1.70141E+38    1.70141E+38    1.70141E+38    1.70141E+38    1.70141E+38    1.70141E+38    1.70141E+38    1.70141E+38    1.70141E+38    1.70141E+38    1.70141E+38    1.70141E+38    1.70141E+38    

1.70141E+38    1.70141E+38    1.70141E+38    1.70141E+38    1.70141E+38    1.70141E+38    1.70141E+38    1.70141E+38    1.70141E+38    1.70141E+38    1.70141E+38    1.70141E+38    1.70141E+38    1.70141E+38    1.70141E+38    1.70141E+38    1.70141E+38    1.70141E+38    1.70141E+38    1.70141E+38    1.70141E+38    1.70141E+38    1.70141E+38    

1.70141E+38    1.70141E+38    1.70141E+38    1.70141E+38    1.70141E+38    1.70141E+38    1.70141E+38    1.70141E+38    1.70141E+38    1.70141E+38    1.70141E+38    1.70141E+38    1.70141E+38    1.70141E+38    1.70141E+38    1.70141E+38    1.70141E+38    1.70141E+38    1.70141E+38    1.70141E+38    1.70141E+38    1.70141E+38    1.70141E+38    

1.70141E+38    1.70141E+38    1.70141E+38    1.70141E+38    1.70141E+38    1.70141E+38    1.70141E+38    1.70141E+38    1.70141E+38    1.70141E+38    1.70141E+38    1.70141E+38    1.70141E+38    1.70141E+38    1.70141E+38    1.70141E+38    1.70141E+38    1.70141E+38    1.70141E+38    1.70141E+38    1.70141E+38    1.70141E+38    1.70141E+38    

1.70141E+38    1.70141E+38    1.70141E+38    1.70141E+38    1.70141E+38    1.70141E+38    1.70141E+38    1.70141E+38    1.70141E+38    1.70141E+38    1.70141E+38    1.70141E+38    1.70141E+38    1.70141E+38    1.70141E+38    1.70141E+38    1.70141E+38    1.70141E+38    1.70141E+38    1.70141E+38    1.70141E+38    1.70141E+38    1.70141E+38    

1.70141E+38    1.70141E+38    1.70141E+38    1.70141E+38    1.70141E+38    1.70141E+38    1.70141E+38    1.70141E+38    1.70141E+38    1.70141E+38    1.70141E+38    1.70141E+38    1.70141E+38    1.70141E+38    1.70141E+38    1.70141E+38    1.70141E+38    1.70141E+38    1.70141E+38    1.70141E+38    1.70141E+38    1.70141E+38    1.70141E+38    

