py_wake/examples/data/ParqueFicticio/Ridge area   Sector 10   Height 200m   Weibull-A.grd
DSAA
23  33
 262878   265078
 6504214   6507414
 4.190337   14.94032
1.70141E+38    1.70141E+38    1.70141E+38    1.70141E+38    1.70141E+38    1.70141E+38    1.70141E+38    1.70141E+38    1.70141E+38    1.70141E+38    1.70141E+38    1.70141E+38    1.70141E+38    1.70141E+38    1.70141E+38    1.70141E+38    1.70141E+38    1.70141E+38    1.70141E+38    1.70141E+38    1.70141E+38    1.70141E+38    1.70141E+38    

1.70141E+38    1.70141E+38    1.70141E+38    1.70141E+38    1.70141E+38    1.70141E+38    1.70141E+38    1.70141E+38    1.70141E+38    1.70141E+38    1.70141E+38    1.70141E+38    1.70141E+38    1.70141E+38    1.70141E+38    1.70141E+38    1.70141E+38    1.70141E+38    1.70141E+38    1.70141E+38    1.70141E+38    1.70141E+38    1.70141E+38    

1.70141E+38    1.70141E+38    1.70141E+38    1.70141E+38    1.70141E+38    1.70141E+38    1.70141E+38    1.70141E+38    1.70141E+38    1.70141E+38    1.70141E+38    1.70141E+38    1.70141E+38    1.70141E+38    1.70141E+38    1.70141E+38    1.70141E+38    1.70141E+38    1.70141E+38    1.70141E+38    1.70141E+38    1.70141E+38    1.70141E+38    

1.70141E+38    1.70141E+38    1.70141E+38    1.70141E+38    1.70141E+38    1.70141E+38    1.70141E+38    1.70141E+38    1.70141E+38    1.70141E+38    1.70141E+38    1.70141E+38    1.70141E+38    1.70141E+38    1.70141E+38    1.70141E+38    1.70141E+38    1.70141E+38    1.70141E+38    1.70141E+38    1.70141E+38    1.70141E+38    1.70141E+38    

1.70141E+38    1.70141E+38    1.70141E+38    1.70141E+38    1.70141E+38    1.70141E+38    1.70141E+38    1.70141E+38    1.70141E+38    1.70141E+38    1.70141E+38    1.70141E+38    1.70141E+38    1.70141E+38    1.70141E+38    1.70141E+38    1.70141E+38    1.70141E+38    1.70141E+38    1.70141E+38    1.70141E+38    1.70141E+38    1.70141E+38    

11.1973        11.29599       11.45947       11.7194        12.04434       12.4106        12.78497       13.21501       13.64927       14.08505       14.38693       14.50782       14.4772        14.28236       13.88749       13.35679       12.28447       10.76859       10.7327        11.6811        1.70141E+38    1.70141E+38    1.70141E+38    

11.17906       11.28662       11.42328       11.63298       11.93435       12.30229       12.74267       13.23703       13.72346       14.16534       14.46682       14.56311       14.47796       14.19174       13.69014       12.57431       9.848391       8.916077       10.18177       11.73181       1.70141E+38    1.70141E+38    1.70141E+38    

11.12843       11.30072       11.5024        11.65574       11.83782       12.13358       12.55512       13.0938        13.66337       14.16996       14.48794       14.57662       14.44416       14.07226       13.49557       11.11664       8.200598       8.481172       11.14357       12.70128       1.70141E+38    1.70141E+38    1.70141E+38    

11.07239       11.23924       11.47568       11.67921       11.87636       12.1558        12.5444        13.052         13.60297       14.11883       14.49135       14.59374       14.43838       14.02095       13.47896       11.2905        7.810765       9.067665       12.34192       13.20721       1.70141E+38    1.70141E+38    1.70141E+38    

11.06291       11.18098       11.41918       11.67188       11.92132       12.26804       12.72324       13.26415       13.75802       14.18712       14.54063       14.65991       14.53338       14.18991       13.72039       12.96073       11.05669       11.72061       13.2542        13.57326       1.70141E+38    1.70141E+38    1.70141E+38    

11.23165       11.19122       11.40109       11.72378       12.04243       12.40018       12.86549       13.41941       13.91842       14.32059       14.63799       14.7689        14.67803       14.38841       13.95691       13.49241       13.27249       13.43914       13.64131       13.73313       1.70141E+38    1.70141E+38    1.70141E+38    

11.55497       11.31662       11.38568       11.72011       12.09296       12.47755       12.89361       13.41474       13.92566       14.3655        14.70523       14.86272       14.8015        14.51064       14.07068       13.71079       13.70448       13.83337       13.91218       13.87829       1.70141E+38    1.70141E+38    1.70141E+38    

11.92699       11.62655       11.41586       11.59713       11.93482       12.30137       12.69139       13.20879       13.78727       14.31401       14.72678       14.92375       14.88078       14.594         14.15439       13.8796        13.94559       14.05098       14.06494       13.95924       1.70141E+38    1.70141E+38    1.70141E+38    

12.21552       12.01558       11.68211       11.64194       11.72639       12.02711       12.45607       12.94183       13.54402       14.17297       14.70031       14.94032       14.91695       14.64323       14.23726       14.04681       14.07006       14.11444       14.09266       13.95762       1.70141E+38    1.70141E+38    1.70141E+38    

12.38774       12.29774       12.04346       11.97629       11.90081       12.03534       12.48051       12.99758       13.55061       14.1198        14.65006       14.91421       14.91478       14.69175       14.35311       14.14319       14.05328       14.03463       13.98876       13.85117       1.70141E+38    1.70141E+38    1.70141E+38    

12.48863       12.49237       12.33585       12.28515       12.28126       12.35908       12.71581       13.1796        13.68612       14.17467       14.60992       14.86542       14.89406       14.72186       14.41826       14.11915       13.87753       13.77093       13.69983       13.5422        1.70141E+38    1.70141E+38    1.70141E+38    

12.53533       12.59123       12.50619       12.4599        12.5471        12.7162        12.97596       13.32365       13.74037       14.161         14.55483       14.81228       14.86269       14.71282       14.40914       14.00045       13.51752       13.17537       13.00745       12.77001       1.70141E+38    1.70141E+38    1.70141E+38    

12.47461       12.55911       12.48623       12.41401       12.56725       12.76864       13.02395       13.33214       13.69196       14.05882       14.46026       14.7587        14.81733       14.67199       14.36357       13.90966       13.31298       11.63487       8.925726       8.266274       1.70141E+38    1.70141E+38    1.70141E+38    

12.33827       12.40134       12.29301       12.21817       12.3751        12.62113       12.88219       13.14839       13.47627       13.84512       14.34619       14.72091       14.774         14.61376       14.27193       13.77565       13.12508       10.18846       5.453478       4.190337       1.70141E+38    1.70141E+38    1.70141E+38    

12.08168       12.12356       12.10902       12.11336       12.23247       12.48501       12.68836       12.90806       13.27898       13.84112       14.40506       14.72551       14.73907       14.53643       14.17231       13.67588       12.70675       9.240434       5.98853        4.697838       1.70141E+38    1.70141E+38    1.70141E+38    

11.92748       12.09367       12.24896       12.39088       12.50521       12.64985       12.85501       13.10579       13.50073       14.06567       14.51674       14.72094       14.70408       14.44827       14.00588       13.54135       12.17514       9.690556       7.664124       6.507612       1.70141E+38    1.70141E+38    1.70141E+38    

12.05614       12.28351       12.43166       12.57187       12.68059       12.84591       13.07798       13.44555       13.86511       14.29254       14.58556       14.70209       14.64341       14.37298       13.89752       13.11252       10.89143       9.141662       8.296164       7.403361       1.70141E+38    1.70141E+38    1.70141E+38    

12.09932       12.29281       12.39108       12.46653       12.58647       12.81231       13.18123       13.69613       14.13371       14.43505       14.608         14.64652       14.56178       14.35919       14.02699       13.56201       11.78757       8.083616       9.003325       8.663718       1.70141E+38    1.70141E+38    1.70141E+38    

11.97287       12.11515       12.20039       12.32513       12.5673        12.93992       13.44196       13.92894       14.27939       14.4966        14.57692       14.5123        14.40171       14.26764       14.08106       13.89915       13.59925       12.22848       10.63547       9.87443        1.70141E+38    1.70141E+38    1.70141E+38    

11.71161       11.8998        12.10769       12.42815       12.8301        13.29707       13.75457       14.10169       14.33982       14.47426       14.47826       14.31155       14.15021       14.04754       13.92564       13.91815       13.86547       13.64839       13.15469       12.25797       1.70141E+38    1.70141E+38    1.70141E+38    

1.70141E+38    1.70141E+38    1.70141E+38    1.70141E+38    1.70141E+38    1.70141E+38    1.70141E+38    1.70141E+38    1.70141E+38    1.70141E+38    1.70141E+38    1.70141E+38    1.70141E+38    1.70141E+38    1.70141E+38    1.70141E+38    1.70141E+38    1.70141E+38    1.70141E+38    1.70141E+38    1.70141E+38    1.70141E+38    1.70141E+38    

1.70141E+38    1.70141E+38    1.70141E+38    1.70141E+38    1.70141E+38    1.70141E+38    1.70141E+38    1.70141E+38    1.70141E+38    1.70141E+38    1.70141E+38    1.70141E+38    1.70141E+38    1.70141E+38    1.70141E+38    1.70141E+38    1.70141E+38    1.70141E+38    1.70141E+38    1.70141E+38    1.70141E+38    1.70141E+38    1.70141E+38    

1.70141E+38    1.70141E+38    1.70141E+38    1.70141E+38    1.70141E+38    1.70141E+38    1.70141E+38    1.70141E+38    1.70141E+38    1.70141E+38    1.70141E+38    1.70141E+38    1.70141E+38    1.70141E+38    1.70141E+38    1.70141E+38    1.70141E+38    1.70141E+38    1.70141E+38    1.70141E+38    1.70141E+38    1.70141E+38    1.70141E+38    

1.70141E+38    1.70141E+38    1.70141E+38    1.70141E+38    1.70141E+38    1.70141E+38    1.70141E+38    1.70141E+38    1.70141E+38    1.70141E+38    1.70141E+38    1.70141E+38    1.70141E+38    1.70141E+38    1.70141E+38    1.70141E+38    1.70141E+38    1.70141E+38    1.70141E+38    1.70141E+38    1.70141E+38    1.70141E+38    1.70141E+38    

1.70141E+38    1.70141E+38    1.70141E+38    1.70141E+38    1.70141E+38    1.70141E+38    1.70141E+38    1.70141E+38    1.70141E+38    1.70141E+38    1.70141E+38    1.70141E+38    1.70141E+38    1.70141E+38    1.70141E+38    1.70141E+38    1.70141E+38    1.70141E+38    1.70141E+38    1.70141E+38    1.70141E+38    1.70141E+38    1.70141E+38    

1.70141E+38    1.70141E+38    1.70141E+38    1.70141E+38    1.70141E+38    1.70141E+38    1.70141E+38    1.70141E+38    1.70141E+38    1.70141E+38    1.70141E+38    1.70141E+38    1.70141E+38    1.70141E+38    1.70141E+38    1.70141E+38    1.70141E+38    1.70141E+38    1.70141E+38    1.70141E+38    1.70141E+38    1.70141E+38    1.70141E+38    

1.70141E+38    1.70141E+38    1.70141E+38    1.70141E+38    1.70141E+38    1.70141E+38    1.70141E+38    1.70141E+38    1.70141E+38    1.70141E+38    1.70141E+38    1.70141E+38    1.70141E+38    1.70141E+38    1.70141E+38    1.70141E+38    1.70141E+38    1.70141E+38    1.70141E+38    1.70141E+38    1.70141E+38    1.70141E+38    1.70141E+38    

1.70141E+38    1.70141E+38    1.70141E+38    1.70141E+38    1.70141E+38    1.70141E+38    1.70141E+38    1.70141E+38    1.70141E+38    1.70141E+38    1.70141E+38    1.70141E+38    1.70141E+38    1.70141E+38    1.70141E+38    1.70141E+38    1.70141E+38    1.70141E+38    1.70141E+38    1.70141E+38    1.70141E+38    1.70141E+38    1.70141E+38    

