py_wake/examples/data/ParqueFicticio/Ridge area   Sector 12   Height 30m   Mean speed.grd
DSAA
23  33
 262878   265078
 6504214   6507414
 .5586376   5.86415
1.70141E+38    1.70141E+38    1.70141E+38    1.70141E+38    1.70141E+38    1.70141E+38    1.70141E+38    1.70141E+38    1.70141E+38    1.70141E+38    1.70141E+38    1.70141E+38    1.70141E+38    1.70141E+38    1.70141E+38    1.70141E+38    1.70141E+38    1.70141E+38    1.70141E+38    1.70141E+38    1.70141E+38    1.70141E+38    1.70141E+38    

1.70141E+38    1.70141E+38    1.70141E+38    1.70141E+38    1.70141E+38    1.70141E+38    1.70141E+38    1.70141E+38    1.70141E+38    1.70141E+38    1.70141E+38    1.70141E+38    1.70141E+38    1.70141E+38    1.70141E+38    1.70141E+38    1.70141E+38    1.70141E+38    1.70141E+38    1.70141E+38    1.70141E+38    1.70141E+38    1.70141E+38    

1.70141E+38    1.70141E+38    1.70141E+38    1.70141E+38    1.70141E+38    1.70141E+38    1.70141E+38    1.70141E+38    1.70141E+38    1.70141E+38    1.70141E+38    1.70141E+38    1.70141E+38    1.70141E+38    1.70141E+38    1.70141E+38    1.70141E+38    1.70141E+38    1.70141E+38    1.70141E+38    1.70141E+38    1.70141E+38    1.70141E+38    

1.70141E+38    1.70141E+38    1.70141E+38    1.70141E+38    1.70141E+38    1.70141E+38    1.70141E+38    1.70141E+38    1.70141E+38    1.70141E+38    1.70141E+38    1.70141E+38    1.70141E+38    1.70141E+38    1.70141E+38    1.70141E+38    1.70141E+38    1.70141E+38    1.70141E+38    1.70141E+38    1.70141E+38    1.70141E+38    1.70141E+38    

1.70141E+38    1.70141E+38    1.70141E+38    1.70141E+38    1.70141E+38    1.70141E+38    1.70141E+38    1.70141E+38    1.70141E+38    1.70141E+38    1.70141E+38    1.70141E+38    1.70141E+38    1.70141E+38    1.70141E+38    1.70141E+38    1.70141E+38    1.70141E+38    1.70141E+38    1.70141E+38    1.70141E+38    1.70141E+38    1.70141E+38    

3.243312       3.251643       3.548499       3.988243       4.414551       4.794739       4.749738       4.370825       4.210592       4.251361       4.192317       3.879546       3.460142       2.455668       2.360137       1.27186        1.205704       .9791534       1.194339       1.69911        1.70141E+38    1.70141E+38    1.70141E+38    

3.475736       3.300305       3.061055       3.188815       3.642936       4.079839       4.408019       4.690134       4.742183       4.695639       4.542336       4.19703        3.562337       2.000572       1.099627       1.077738       1.025741       .9384822       1.413977       2.20767        1.70141E+38    1.70141E+38    1.70141E+38    

3.317977       3.404922       3.255803       3.070245       2.985553       2.860403       2.982086       3.304765       3.759296       4.191877       4.495749       4.194687       3.366608       1.445594       .7535732       .7888132       1.046695       1.271193       2.195434       2.795383       1.70141E+38    1.70141E+38    1.70141E+38    

2.760915       2.747867       2.908044       3.131035       3.05186        3.034682       2.932259       2.703663       2.728969       3.109104       3.868543       4.250401       3.216443       1.380513       .7791862       .5586376       1.172251       1.414309       2.678888       3.000862       1.70141E+38    1.70141E+38    1.70141E+38    

2.150549       2.074056       2.468803       2.889752       3.230007       3.554159       3.648938       3.622786       3.29089        3.130956       3.580696       4.120609       3.454293       1.934334       1.121978       .6001093       1.660764       1.875492       2.712719       2.999059       1.70141E+38    1.70141E+38    1.70141E+38    

1.809845       1.264189       2.178883       3.353536       3.894869       4.018326       4.267185       4.564133       4.642823       4.399892       4.327411       4.424545       3.911085       2.718978       1.653891       1.563293       2.095796       2.254028       2.526616       3.070012       1.70141E+38    1.70141E+38    1.70141E+38    

1.714654       1.042341       1.634          2.929187       3.869728       4.347014       4.503456       4.745145       4.935632       5.076694       4.966062       4.839358       4.303831       3.051413       1.895803       1.83105        2.973868       3.42408        3.330695       3.556191       1.70141E+38    1.70141E+38    1.70141E+38    

2.742524       1.430498       .7633667       1.582808       2.351918       2.742901       2.924393       3.215218       3.82291        4.38166        4.821834       5.048228       4.642339       3.38473        1.19575        2.47236        3.880118       4.581335       4.619719       4.434888       1.70141E+38    1.70141E+38    1.70141E+38    

4.168203       2.016237       .7928194       1.157475       .881036        1.212045       1.781765       1.963274       2.392635       3.212122       4.282604       5.035795       4.765122       3.602333       2.34137        3.221452       4.451528       5.132857       5.35517        5.193743       1.70141E+38    1.70141E+38    1.70141E+38    

4.830553       3.994549       2.558014       2.6376         1.135194       .9136357       1.793201       2.608536       3.204453       3.560796       4.257613       5.040272       5.081761       4.19398        3.43772        3.702193       4.000556       4.438064       4.804422       5.063299       1.70141E+38    1.70141E+38    1.70141E+38    

5.273838       5.023799       4.59844        4.609768       3.898217       2.666874       3.362868       4.037869       4.535509       4.801285       5.0514         5.339828       5.405134       4.884818       4.217876       2.92           1.783185       2.596152       3.344981       3.888936       1.70141E+38    1.70141E+38    1.70141E+38    

5.776054       5.86415        5.750182       5.706757       5.596096       5.318304       5.10222        5.00859        5.035306       5.076577       5.277706       5.462989       5.336299       5.191769       4.41528        1.797623       .8411909       1.741069       2.380237       3.006719       1.70141E+38    1.70141E+38    1.70141E+38    

4.935905       5.263411       5.34639        5.032604       5.165079       5.123465       5.031426       4.93101        4.722705       4.616508       4.637286       5.025327       5.289996       5.227785       4.800773       2.226399       2.019735       1.102922       1.80327        2.041919       1.70141E+38    1.70141E+38    1.70141E+38    

3.904008       3.891538       3.543191       3.086362       3.155037       3.301404       3.469933       3.450286       3.407309       3.185405       3.449423       4.470619       5.053968       5.205393       4.827471       4.109836       2.771864       1.886381       1.296667       1.563107       1.70141E+38    1.70141E+38    1.70141E+38    

3.140321       2.847907       2.399193       1.717231       1.748515       2.201597       2.169971       1.968615       2.044933       2.866742       3.525833       4.428777       4.76323        4.833887       4.769832       4.318628       3.441641       2.486529       2.000092       1.812514       1.70141E+38    1.70141E+38    1.70141E+38    

3.069002       3.025873       3.278943       3.554924       3.426885       3.34501        3.413921       3.213576       3.144033       3.8444         4.454411       4.804986       4.815329       2.738117       3.849668       3.976773       2.552344       4.369899       3.461756       2.474522       1.70141E+38    1.70141E+38    1.70141E+38    

4.107586       4.36784        4.586401       4.759461       4.736525       4.580582       4.410845       4.387446       4.254721       4.445335       4.840074       5.173856       5.175352       4.443157       3.269777       2.653154       2.473693       2.872654       3.212631       3.038151       1.70141E+38    1.70141E+38    1.70141E+38    

4.415801       4.430084       4.274278       3.961896       3.796927       3.815745       3.916032       4.397762       4.786433       4.824644       4.783809       4.935916       5.299457       5.216141       4.67439        3.273648       1.442976       1.192199       1.773127       2.680567       1.70141E+38    1.70141E+38    1.70141E+38    

3.674506       3.623899       3.55259        3.462636       3.454631       3.579059       3.875874       4.269403       4.590723       4.717156       4.580578       4.283022       4.547645       5.023825       5.133879       4.917012       3.400594       1.067376       .8889091       .957587        1.70141E+38    1.70141E+38    1.70141E+38    

2.952956       3.208631       3.405092       3.762363       4.092443       4.332602       4.490143       4.416981       4.355179       4.390081       4.301615       3.715544       3.708959       4.095472       4.166309       4.643253       4.607974       3.874935       1.882639       .7246732       1.70141E+38    1.70141E+38    1.70141E+38    

1.70141E+38    1.70141E+38    1.70141E+38    1.70141E+38    1.70141E+38    1.70141E+38    1.70141E+38    1.70141E+38    1.70141E+38    1.70141E+38    1.70141E+38    1.70141E+38    1.70141E+38    1.70141E+38    1.70141E+38    1.70141E+38    1.70141E+38    1.70141E+38    1.70141E+38    1.70141E+38    1.70141E+38    1.70141E+38    1.70141E+38    

1.70141E+38    1.70141E+38    1.70141E+38    1.70141E+38    1.70141E+38    1.70141E+38    1.70141E+38    1.70141E+38    1.70141E+38    1.70141E+38    1.70141E+38    1.70141E+38    1.70141E+38    1.70141E+38    1.70141E+38    1.70141E+38    1.70141E+38    1.70141E+38    1.70141E+38    1.70141E+38    1.70141E+38    1.70141E+38    1.70141E+38    

1.70141E+38    1.70141E+38    1.70141E+38    1.70141E+38    1.70141E+38    1.70141E+38    1.70141E+38    1.70141E+38    1.70141E+38    1.70141E+38    1.70141E+38    1.70141E+38    1.70141E+38    1.70141E+38    1.70141E+38    1.70141E+38    1.70141E+38    1.70141E+38    1.70141E+38    1.70141E+38    1.70141E+38    1.70141E+38    1.70141E+38    

1.70141E+38    1.70141E+38    1.70141E+38    1.70141E+38    1.70141E+38    1.70141E+38    1.70141E+38    1.70141E+38    1.70141E+38    1.70141E+38    1.70141E+38    1.70141E+38    1.70141E+38    1.70141E+38    1.70141E+38    1.70141E+38    1.70141E+38    1.70141E+38    1.70141E+38    1.70141E+38    1.70141E+38    1.70141E+38    1.70141E+38    

1.70141E+38    1.70141E+38    1.70141E+38    1.70141E+38    1.70141E+38    1.70141E+38    1.70141E+38    1.70141E+38    1.70141E+38    1.70141E+38    1.70141E+38    1.70141E+38    1.70141E+38    1.70141E+38    1.70141E+38    1.70141E+38    1.70141E+38    1.70141E+38    1.70141E+38    1.70141E+38    1.70141E+38    1.70141E+38    1.70141E+38    

1.70141E+38    1.70141E+38    1.70141E+38    1.70141E+38    1.70141E+38    1.70141E+38    1.70141E+38    1.70141E+38    1.70141E+38    1.70141E+38    1.70141E+38    1.70141E+38    1.70141E+38    1.70141E+38    1.70141E+38    1.70141E+38    1.70141E+38    1.70141E+38    1.70141E+38    1.70141E+38    1.70141E+38    1.70141E+38    1.70141E+38    

1.70141E+38    1.70141E+38    1.70141E+38    1.70141E+38    1.70141E+38    1.70141E+38    1.70141E+38    1.70141E+38    1.70141E+38    1.70141E+38    1.70141E+38    1.70141E+38    1.70141E+38    1.70141E+38    1.70141E+38    1.70141E+38    1.70141E+38    1.70141E+38    1.70141E+38    1.70141E+38    1.70141E+38    1.70141E+38    1.70141E+38    

1.70141E+38    1.70141E+38    1.70141E+38    1.70141E+38    1.70141E+38    1.70141E+38    1.70141E+38    1.70141E+38    1.70141E+38    1.70141E+38    1.70141E+38    1.70141E+38    1.70141E+38    1.70141E+38    1.70141E+38    1.70141E+38    1.70141E+38    1.70141E+38    1.70141E+38    1.70141E+38    1.70141E+38    1.70141E+38    1.70141E+38    

