py_wake/examples/data/ParqueFicticio/Ridge area   Sector 11   Height 30m   Flow inclination.grd
DSAA
23  33
 262878   265078
 6504214   6507414
-19.27822   16.80474
1.70141E+38    1.70141E+38    1.70141E+38    1.70141E+38    1.70141E+38    1.70141E+38    1.70141E+38    1.70141E+38    1.70141E+38    1.70141E+38    1.70141E+38    1.70141E+38    1.70141E+38    1.70141E+38    1.70141E+38    1.70141E+38    1.70141E+38    1.70141E+38    1.70141E+38    1.70141E+38    1.70141E+38    1.70141E+38    1.70141E+38    

1.70141E+38    1.70141E+38    1.70141E+38    1.70141E+38    1.70141E+38    1.70141E+38    1.70141E+38    1.70141E+38    1.70141E+38    1.70141E+38    1.70141E+38    1.70141E+38    1.70141E+38    1.70141E+38    1.70141E+38    1.70141E+38    1.70141E+38    1.70141E+38    1.70141E+38    1.70141E+38    1.70141E+38    1.70141E+38    1.70141E+38    

1.70141E+38    1.70141E+38    1.70141E+38    1.70141E+38    1.70141E+38    1.70141E+38    1.70141E+38    1.70141E+38    1.70141E+38    1.70141E+38    1.70141E+38    1.70141E+38    1.70141E+38    1.70141E+38    1.70141E+38    1.70141E+38    1.70141E+38    1.70141E+38    1.70141E+38    1.70141E+38    1.70141E+38    1.70141E+38    1.70141E+38    

1.70141E+38    1.70141E+38    1.70141E+38    1.70141E+38    1.70141E+38    1.70141E+38    1.70141E+38    1.70141E+38    1.70141E+38    1.70141E+38    1.70141E+38    1.70141E+38    1.70141E+38    1.70141E+38    1.70141E+38    1.70141E+38    1.70141E+38    1.70141E+38    1.70141E+38    1.70141E+38    1.70141E+38    1.70141E+38    1.70141E+38    

1.70141E+38    1.70141E+38    1.70141E+38    1.70141E+38    1.70141E+38    1.70141E+38    1.70141E+38    1.70141E+38    1.70141E+38    1.70141E+38    1.70141E+38    1.70141E+38    1.70141E+38    1.70141E+38    1.70141E+38    1.70141E+38    1.70141E+38    1.70141E+38    1.70141E+38    1.70141E+38    1.70141E+38    1.70141E+38    1.70141E+38    

4.429221       6.416589       8.662334       10.08073       10.31971       9.12169        6.866318       4.942689       2.456484       1.99407        -2.491266      -4.765435      -6.81501       -8.09056       -2.537056      -10.91846      1.605366       -7.171136      -17.6605       -4.555749      1.70141E+38    1.70141E+38    1.70141E+38    

5.294299       5.380589       6.300067       9.534034       12.28102       13.95211       14.03309       12.92622       9.345085       5.689474       .03308072      -4.199234      -6.275117      -10.8548       -2.953969      6.833419       11.12215       -6.596903      -8.217635      -7.425622      1.70141E+38    1.70141E+38    1.70141E+38    

6.895571       8.093245       6.861574       5.679087       8.149922       11.14867       13.53842       15.55619       14.46649       11.39          5.004797       -3.325074      -4.169914      1.089175       1.630016       15.95878       -2.291597      -17.45786      -17.84834      -9.803352      1.70141E+38    1.70141E+38    1.70141E+38    

6.840809       9.517534       9.913785       7.502248       6.771522       6.459441       6.663128       8.160316       9.418118       10.35056       8.199988       -2.285234      -5.681949      4.073475       -2.002989      1.569163       -11.76391      -17.32195      -11.45482      -6.868521      1.70141E+38    1.70141E+38    1.70141E+38    

3.375104       7.885225       9.220936       8.226014       7.440527       7.611834       7.031389       4.897891       2.828004       3.408786       4.555869       -2.504187      -9.281477      -9.843383      1.898577       -7.231885      6.334736       -1.567937      -2.658672      -5.42387       1.70141E+38    1.70141E+38    1.70141E+38    

-1.445029      3.435403       9.17621        9.974915       8.495667       8.347103       10.00467       9.035553       4.167954       1.258184       1.428517       -3.237767      -9.409871      -11.21851      -3.118544      -.5289091      -6.862559      -2.2152        -3.391755      -6.165483      1.70141E+38    1.70141E+38    1.70141E+38    

-4.268981      -1.785538      3.983047       10.10987       11.31156       10.49008       11.86324       13.93162       10.85177       6.80333        3.20398        -2.596955      -8.547384      -8.363408      13.85941       -19.27822      -16.80478      -8.820588      -6.603306      -8.625811      1.70141E+38    1.70141E+38    1.70141E+38    

-4.90566       -2.937103      -2.620283      -3.774547      5.582438       9.863943       12.60304       15.83099       15.5009        12.62794       8.511827       .5885739       -6.800518      -3.304945      6.467325       -13.71176      -10.83656      -6.653311      -7.631262      -11.2948       1.70141E+38    1.70141E+38    1.70141E+38    

-1.965991      -3.144538      -9.565613      -14.12327      -7.362891      -.05284986     7.332414       10.50599       14.08696       14.53959       12.18244       4.089524       -5.719639      -4.733462      -6.10441       -17.96817      -5.922092      -3.06136       -4.55982       -8.012652      1.70141E+38    1.70141E+38    1.70141E+38    

2.171006       -1.223249      5.456511       4.187637       2.812489       5.493783       9.45038        10.40363       10.22688       10.3006        10.57935       4.3202         -4.790174      -9.307605      -13.20572      -10.57483      -3.989397      .03580206      .5209764       -2.093537      1.70141E+38    1.70141E+38    1.70141E+38    

5.625766       -1.202479      -2.079714      .5526871       .7677126       3.865381       8.082829       10.09924       10.20444       9.095781       8.232335       4.10837        -3.261133      -8.061363      -8.632833      -6.565192      -1.559362      .781307        9.713236       6.196222       1.70141E+38    1.70141E+38    1.70141E+38    

10.12652       3.856293       2.062098       4.784214       5.026993       5.423366       7.423164       9.627094       11.10976       11.16997       10.33396       6.112191       .08806109      -5.758054      -7.200273      -1.344186      -2.186862      -8.222507      6.077433       8.302287       1.70141E+38    1.70141E+38    1.70141E+38    

14.55852       10.97818       7.909161       11.76387       13.13514       12.68553       12.69038       13.29533       13.09212       13.23544       14.50903       10.22326       2.260702       -4.120559      -7.796343      -12.62382      -17.45873      -17.98345      1.262306       -8.810345      1.70141E+38    1.70141E+38    1.70141E+38    

14.51564       11.2574        10.43961       13.46038       16.19261       16.16697       14.8378        14.38799       14.2245        13.75271       16.80474       12.65493       4.861473       -2.907024      -8.307974      -11.50751      -9.797029      -11.48939      -10.14606      -13.94123      1.70141E+38    1.70141E+38    1.70141E+38    

11.36701       8.279858       7.519418       5.57588        7.13129        8.603094       8.43875        8.854646       12.81478       12.68854       13.05205       9.465748       1.533491       -3.095821      -2.279306      -11.08212      -13.03418      1.799072       5.104301       4.389177       1.70141E+38    1.70141E+38    1.70141E+38    

6.53641        5.198381       5.413752       3.973973       3.678722       5.004059       6.001148       6.868804       9.999738       11.863         9.285847       3.815514       -2.972459      5.639837       -1.722397      -3.188605      -1.439904      5.548223       4.472676       .8249749       1.70141E+38    1.70141E+38    1.70141E+38    

9.17247        7.580176       7.447854       8.455805       8.164861       8.712468       10.2479        9.145011       8.935172       9.976583       7.731583       2.455079       -5.105435      -11.60621      -13.42542      -11.60507      -6.978102      -5.0515        -3.831244      -4.78153       1.70141E+38    1.70141E+38    1.70141E+38    

11.80333       10.73945       10.48065       11.31707       12.88129       12.32827       13.97738       14.35365       10.79807       7.883622       4.237149       3.848632       .4244899       -7.262187      -9.938864      -9.342665      -11.4831       -13.82362      -9.234194      -5.821361      1.70141E+38    1.70141E+38    1.70141E+38    

14.14202       12.15425       11.72994       10.17082       10.27663       10.83527       12.28647       12.48731       10.29392       6.923917       2.255668       3.304286       5.254984       1.226865       -2.949212      -7.585468      -10.33303      .1587868       -3.967125      -11.14766      1.70141E+38    1.70141E+38    1.70141E+38    

12.37273       11.11307       11.29757       11.21102       10.96797       11.53719       10.30086       7.988535       6.86884        5.753501       1.122411       .4589019       4.806623       4.254567       4.017805       2.438075       -3.280274      -3.547105      -3.124757      1.487853       1.70141E+38    1.70141E+38    1.70141E+38    

1.70141E+38    1.70141E+38    1.70141E+38    1.70141E+38    1.70141E+38    1.70141E+38    1.70141E+38    1.70141E+38    1.70141E+38    1.70141E+38    1.70141E+38    1.70141E+38    1.70141E+38    1.70141E+38    1.70141E+38    1.70141E+38    1.70141E+38    1.70141E+38    1.70141E+38    1.70141E+38    1.70141E+38    1.70141E+38    1.70141E+38    

1.70141E+38    1.70141E+38    1.70141E+38    1.70141E+38    1.70141E+38    1.70141E+38    1.70141E+38    1.70141E+38    1.70141E+38    1.70141E+38    1.70141E+38    1.70141E+38    1.70141E+38    1.70141E+38    1.70141E+38    1.70141E+38    1.70141E+38    1.70141E+38    1.70141E+38    1.70141E+38    1.70141E+38    1.70141E+38    1.70141E+38    

1.70141E+38    1.70141E+38    1.70141E+38    1.70141E+38    1.70141E+38    1.70141E+38    1.70141E+38    1.70141E+38    1.70141E+38    1.70141E+38    1.70141E+38    1.70141E+38    1.70141E+38    1.70141E+38    1.70141E+38    1.70141E+38    1.70141E+38    1.70141E+38    1.70141E+38    1.70141E+38    1.70141E+38    1.70141E+38    1.70141E+38    

1.70141E+38    1.70141E+38    1.70141E+38    1.70141E+38    1.70141E+38    1.70141E+38    1.70141E+38    1.70141E+38    1.70141E+38    1.70141E+38    1.70141E+38    1.70141E+38    1.70141E+38    1.70141E+38    1.70141E+38    1.70141E+38    1.70141E+38    1.70141E+38    1.70141E+38    1.70141E+38    1.70141E+38    1.70141E+38    1.70141E+38    

1.70141E+38    1.70141E+38    1.70141E+38    1.70141E+38    1.70141E+38    1.70141E+38    1.70141E+38    1.70141E+38    1.70141E+38    1.70141E+38    1.70141E+38    1.70141E+38    1.70141E+38    1.70141E+38    1.70141E+38    1.70141E+38    1.70141E+38    1.70141E+38    1.70141E+38    1.70141E+38    1.70141E+38    1.70141E+38    1.70141E+38    

1.70141E+38    1.70141E+38    1.70141E+38    1.70141E+38    1.70141E+38    1.70141E+38    1.70141E+38    1.70141E+38    1.70141E+38    1.70141E+38    1.70141E+38    1.70141E+38    1.70141E+38    1.70141E+38    1.70141E+38    1.70141E+38    1.70141E+38    1.70141E+38    1.70141E+38    1.70141E+38    1.70141E+38    1.70141E+38    1.70141E+38    

1.70141E+38    1.70141E+38    1.70141E+38    1.70141E+38    1.70141E+38    1.70141E+38    1.70141E+38    1.70141E+38    1.70141E+38    1.70141E+38    1.70141E+38    1.70141E+38    1.70141E+38    1.70141E+38    1.70141E+38    1.70141E+38    1.70141E+38    1.70141E+38    1.70141E+38    1.70141E+38    1.70141E+38    1.70141E+38    1.70141E+38    

1.70141E+38    1.70141E+38    1.70141E+38    1.70141E+38    1.70141E+38    1.70141E+38    1.70141E+38    1.70141E+38    1.70141E+38    1.70141E+38    1.70141E+38    1.70141E+38    1.70141E+38    1.70141E+38    1.70141E+38    1.70141E+38    1.70141E+38    1.70141E+38    1.70141E+38    1.70141E+38    1.70141E+38    1.70141E+38    1.70141E+38    

