py_wake/examples/data/ParqueFicticio/Ridge area   Sector 6   Height 200m   Weibull-A.grd
DSAA
23  33
 262878   265078
 6504214   6507414
 4.544368   9.58955
1.70141E+38    1.70141E+38    1.70141E+38    1.70141E+38    1.70141E+38    1.70141E+38    1.70141E+38    1.70141E+38    1.70141E+38    1.70141E+38    1.70141E+38    1.70141E+38    1.70141E+38    1.70141E+38    1.70141E+38    1.70141E+38    1.70141E+38    1.70141E+38    1.70141E+38    1.70141E+38    1.70141E+38    1.70141E+38    1.70141E+38    

1.70141E+38    1.70141E+38    1.70141E+38    1.70141E+38    1.70141E+38    1.70141E+38    1.70141E+38    1.70141E+38    1.70141E+38    1.70141E+38    1.70141E+38    1.70141E+38    1.70141E+38    1.70141E+38    1.70141E+38    1.70141E+38    1.70141E+38    1.70141E+38    1.70141E+38    1.70141E+38    1.70141E+38    1.70141E+38    1.70141E+38    

1.70141E+38    1.70141E+38    1.70141E+38    1.70141E+38    1.70141E+38    1.70141E+38    1.70141E+38    1.70141E+38    1.70141E+38    1.70141E+38    1.70141E+38    1.70141E+38    1.70141E+38    1.70141E+38    1.70141E+38    1.70141E+38    1.70141E+38    1.70141E+38    1.70141E+38    1.70141E+38    1.70141E+38    1.70141E+38    1.70141E+38    

1.70141E+38    1.70141E+38    1.70141E+38    1.70141E+38    1.70141E+38    1.70141E+38    1.70141E+38    1.70141E+38    1.70141E+38    1.70141E+38    1.70141E+38    1.70141E+38    1.70141E+38    1.70141E+38    1.70141E+38    1.70141E+38    1.70141E+38    1.70141E+38    1.70141E+38    1.70141E+38    1.70141E+38    1.70141E+38    1.70141E+38    

1.70141E+38    1.70141E+38    1.70141E+38    1.70141E+38    1.70141E+38    1.70141E+38    1.70141E+38    1.70141E+38    1.70141E+38    1.70141E+38    1.70141E+38    1.70141E+38    1.70141E+38    1.70141E+38    1.70141E+38    1.70141E+38    1.70141E+38    1.70141E+38    1.70141E+38    1.70141E+38    1.70141E+38    1.70141E+38    1.70141E+38    

7.677891       7.790742       7.943887       8.137929       8.337242       8.517041       8.645384       8.742203       8.789569       8.806485       8.756578       8.623115       8.430402       8.121902       7.747572       7.446478       7.229867       7.12462        7.198942       7.404587       1.70141E+38    1.70141E+38    1.70141E+38    

7.706245       7.805456       7.909777       8.053258       8.239235       8.433222       8.620563       8.782854       8.896625       8.949459       8.922332       8.793958       8.544682       8.125569       7.664277       7.341086       7.15605        7.158828       7.388447       7.627167       1.70141E+38    1.70141E+38    1.70141E+38    

7.677705       7.817912       7.950051       8.029325       8.108006       8.233514       8.397581       8.593744       8.788849       8.932255       8.984285       8.890803       8.616502       8.148506       7.664098       7.331729       7.174585       7.290768       7.608033       7.814984       1.70141E+38    1.70141E+38    1.70141E+38    

7.59855        7.751121       7.923944       8.044193       8.12666        8.222537       8.333569       8.472993       8.641153       8.830311       8.981565       8.970531       8.708484       8.249691       7.799281       7.494316       7.317652       7.468028       7.819775       7.998776       1.70141E+38    1.70141E+38    1.70141E+38    

7.517066       7.664917       7.878352       8.064451       8.211337       8.380939       8.560049       8.729671       8.838053       8.937392       9.051244       9.068069       8.876887       8.522181       8.122403       7.80571        7.624171       7.717796       7.996173       8.17354        1.70141E+38    1.70141E+38    1.70141E+38    

7.549142       7.598747       7.839623       8.112934       8.339478       8.55049        8.773404       8.989828       9.139168       9.215813       9.258416       9.241246       9.081083       8.790915       8.415804       8.1222         8.038705       8.135808       8.281541       8.405692       1.70141E+38    1.70141E+38    1.70141E+38    

7.746603       7.582641       7.740811       8.052888       8.340762       8.589209       8.803679       9.032146       9.22084        9.348818       9.412082       9.395118       9.247907       8.957378       8.610587       8.438217       8.532428       8.647378       8.71205        8.72789        1.70141E+38    1.70141E+38    1.70141E+38    

8.109902       7.773412       7.644233       7.837895       8.110838       8.358994       8.568114       8.814252       9.076125       9.290436       9.434042       9.471771       9.361594       9.084625       8.774346       8.723973       8.901018       9.040906       9.087126       9.055131       1.70141E+38    1.70141E+38    1.70141E+38    

8.482393       8.199341       7.871381       7.829167       7.871544       8.061151       8.295426       8.516499       8.803668       9.112636       9.377652       9.499417       9.43751        9.197487       8.934125       8.922862       9.08222        9.209689       9.273009       9.270555       1.70141E+38    1.70141E+38    1.70141E+38    

8.748072       8.597978       8.356686       8.269869       8.145353       8.159914       8.377481       8.616902       8.867179       9.11887        9.377904       9.535155       9.520092       9.340834       9.114075       9.026175       9.068561       9.163474       9.245162       9.290414       1.70141E+38    1.70141E+38    1.70141E+38    

8.909397       8.882382       8.776343       8.719971       8.652073       8.600231       8.70047        8.878785       9.088699       9.28566        9.46643        9.582618       9.58955        9.466895       9.25398        9.030034       8.894675       8.907814       8.988475       9.06922        1.70141E+38    1.70141E+38    1.70141E+38    

8.937768       8.979333       8.951411       8.92173        8.915255       8.91519        8.950303       9.028172       9.157265       9.306148       9.457046       9.568789       9.587938       9.513036       9.311668       8.982034       8.632331       8.480902       8.53441        8.63254        1.70141E+38    1.70141E+38    1.70141E+38    

8.766409       8.851854       8.843415       8.808957       8.842684       8.869096       8.903306       8.955351       9.038753       9.142227       9.290018       9.448657       9.519168       9.482018       9.317392       9.000681       8.596907       8.247509       8.121522       8.181734       1.70141E+38    1.70141E+38    1.70141E+38    

8.440625       8.50118        8.459604       8.413618       8.472744       8.543654       8.594652       8.624877       8.684951       8.778991       8.996408       9.266956       9.39833        9.391012       9.24682        8.974149       8.624731       8.235258       7.912425       7.821525       1.70141E+38    1.70141E+38    1.70141E+38    

8.036903       8.067031       8.080723       8.067995       8.104764       8.206911       8.229246       8.243872       8.353619       8.602946       8.887437       9.156378       9.260238       9.24229        9.123936       8.913069       8.626633       8.280841       7.96233        7.710448       1.70141E+38    1.70141E+38    1.70141E+38    

7.869701       8.007168       8.152864       8.255464       8.286074       8.296691       8.321107       8.346627       8.458775       8.723758       8.988661       9.152741       9.186753       9.060044       8.909206       8.783198       8.624249       8.4242         8.197989       7.948937       1.70141E+38    1.70141E+38    1.70141E+38    

8.053406       8.228933       8.329633       8.404117       8.417276       8.437679       8.466522       8.560924       8.683983       8.872205       9.055732       9.164482       9.174157       9.034616       8.781821       8.585547       8.472808       8.385284       8.291532       8.127357       1.70141E+38    1.70141E+38    1.70141E+38    

8.073521       8.19883        8.233208       8.234934       8.245813       8.298896       8.409857       8.616179       8.806485       8.931787       9.020242       9.085175       9.13447        9.09384        8.931174       8.683257       8.400938       8.198746       8.119883       8.055782       1.70141E+38    1.70141E+38    1.70141E+38    

7.870658       7.947132       7.968697       8.008431       8.100269       8.228555       8.412303       8.616323       8.774039       8.864511       8.878186       8.868697       8.949755       9.020312       9.001757       8.913743       8.690296       8.312883       4.612565       4.681686       1.70141E+38    1.70141E+38    1.70141E+38    

7.528206       7.672931       7.817014       8.013783       8.20275        8.370846       8.515876       8.598478       8.646842       8.675454       8.659188       8.570949       8.626485       8.76157        8.84566        8.928597       8.889588       8.678663       8.317669       4.544368       1.70141E+38    1.70141E+38    1.70141E+38    

1.70141E+38    1.70141E+38    1.70141E+38    1.70141E+38    1.70141E+38    1.70141E+38    1.70141E+38    1.70141E+38    1.70141E+38    1.70141E+38    1.70141E+38    1.70141E+38    1.70141E+38    1.70141E+38    1.70141E+38    1.70141E+38    1.70141E+38    1.70141E+38    1.70141E+38    1.70141E+38    1.70141E+38    1.70141E+38    1.70141E+38    

1.70141E+38    1.70141E+38    1.70141E+38    1.70141E+38    1.70141E+38    1.70141E+38    1.70141E+38    1.70141E+38    1.70141E+38    1.70141E+38    1.70141E+38    1.70141E+38    1.70141E+38    1.70141E+38    1.70141E+38    1.70141E+38    1.70141E+38    1.70141E+38    1.70141E+38    1.70141E+38    1.70141E+38    1.70141E+38    1.70141E+38    

1.70141E+38    1.70141E+38    1.70141E+38    1.70141E+38    1.70141E+38    1.70141E+38    1.70141E+38    1.70141E+38    1.70141E+38    1.70141E+38    1.70141E+38    1.70141E+38    1.70141E+38    1.70141E+38    1.70141E+38    1.70141E+38    1.70141E+38    1.70141E+38    1.70141E+38    1.70141E+38    1.70141E+38    1.70141E+38    1.70141E+38    

1.70141E+38    1.70141E+38    1.70141E+38    1.70141E+38    1.70141E+38    1.70141E+38    1.70141E+38    1.70141E+38    1.70141E+38    1.70141E+38    1.70141E+38    1.70141E+38    1.70141E+38    1.70141E+38    1.70141E+38    1.70141E+38    1.70141E+38    1.70141E+38    1.70141E+38    1.70141E+38    1.70141E+38    1.70141E+38    1.70141E+38    

1.70141E+38    1.70141E+38    1.70141E+38    1.70141E+38    1.70141E+38    1.70141E+38    1.70141E+38    1.70141E+38    1.70141E+38    1.70141E+38    1.70141E+38    1.70141E+38    1.70141E+38    1.70141E+38    1.70141E+38    1.70141E+38    1.70141E+38    1.70141E+38    1.70141E+38    1.70141E+38    1.70141E+38    1.70141E+38    1.70141E+38    

1.70141E+38    1.70141E+38    1.70141E+38    1.70141E+38    1.70141E+38    1.70141E+38    1.70141E+38    1.70141E+38    1.70141E+38    1.70141E+38    1.70141E+38    1.70141E+38    1.70141E+38    1.70141E+38    1.70141E+38    1.70141E+38    1.70141E+38    1.70141E+38    1.70141E+38    1.70141E+38    1.70141E+38    1.70141E+38    1.70141E+38    

1.70141E+38    1.70141E+38    1.70141E+38    1.70141E+38    1.70141E+38    1.70141E+38    1.70141E+38    1.70141E+38    1.70141E+38    1.70141E+38    1.70141E+38    1.70141E+38    1.70141E+38    1.70141E+38    1.70141E+38    1.70141E+38    1.70141E+38    1.70141E+38    1.70141E+38    1.70141E+38    1.70141E+38    1.70141E+38    1.70141E+38    

1.70141E+38    1.70141E+38    1.70141E+38    1.70141E+38    1.70141E+38    1.70141E+38    1.70141E+38    1.70141E+38    1.70141E+38    1.70141E+38    1.70141E+38    1.70141E+38    1.70141E+38    1.70141E+38    1.70141E+38    1.70141E+38    1.70141E+38    1.70141E+38    1.70141E+38    1.70141E+38    1.70141E+38    1.70141E+38    1.70141E+38    

