py_wake/examples/data/ParqueFicticio/Ridge area   Sector 2   Height 200m   Weibull-A.grd
DSAA
23  33
 262878   265078
 6504214   6507414
 4.445717   6.629359
1.70141E+38    1.70141E+38    1.70141E+38    1.70141E+38    1.70141E+38    1.70141E+38    1.70141E+38    1.70141E+38    1.70141E+38    1.70141E+38    1.70141E+38    1.70141E+38    1.70141E+38    1.70141E+38    1.70141E+38    1.70141E+38    1.70141E+38    1.70141E+38    1.70141E+38    1.70141E+38    1.70141E+38    1.70141E+38    1.70141E+38    

1.70141E+38    1.70141E+38    1.70141E+38    1.70141E+38    1.70141E+38    1.70141E+38    1.70141E+38    1.70141E+38    1.70141E+38    1.70141E+38    1.70141E+38    1.70141E+38    1.70141E+38    1.70141E+38    1.70141E+38    1.70141E+38    1.70141E+38    1.70141E+38    1.70141E+38    1.70141E+38    1.70141E+38    1.70141E+38    1.70141E+38    

1.70141E+38    1.70141E+38    1.70141E+38    1.70141E+38    1.70141E+38    1.70141E+38    1.70141E+38    1.70141E+38    1.70141E+38    1.70141E+38    1.70141E+38    1.70141E+38    1.70141E+38    1.70141E+38    1.70141E+38    1.70141E+38    1.70141E+38    1.70141E+38    1.70141E+38    1.70141E+38    1.70141E+38    1.70141E+38    1.70141E+38    

1.70141E+38    1.70141E+38    1.70141E+38    1.70141E+38    1.70141E+38    1.70141E+38    1.70141E+38    1.70141E+38    1.70141E+38    1.70141E+38    1.70141E+38    1.70141E+38    1.70141E+38    1.70141E+38    1.70141E+38    1.70141E+38    1.70141E+38    1.70141E+38    1.70141E+38    1.70141E+38    1.70141E+38    1.70141E+38    1.70141E+38    

1.70141E+38    1.70141E+38    1.70141E+38    1.70141E+38    1.70141E+38    1.70141E+38    1.70141E+38    1.70141E+38    1.70141E+38    1.70141E+38    1.70141E+38    1.70141E+38    1.70141E+38    1.70141E+38    1.70141E+38    1.70141E+38    1.70141E+38    1.70141E+38    1.70141E+38    1.70141E+38    1.70141E+38    1.70141E+38    1.70141E+38    

4.445717       4.482908       4.531544       4.624885       4.760572       4.907186       5.044048       5.223832       5.389673       5.576472       5.735676       5.829082       5.839496       5.706074       5.416498       5.125692       4.920449       4.852008       5.015011       5.321235       1.70141E+38    1.70141E+38    1.70141E+38    

4.520426       4.569256       4.613478       4.672084       4.792763       4.959176       5.143102       5.340532       5.528158       5.69329        5.826349       5.890161       5.847098       5.637355       5.275611       4.970926       4.848905       4.915477       5.229474       5.548644       1.70141E+38    1.70141E+38    1.70141E+38    

4.55918        4.652901       4.750743       4.768881       4.792715       4.914415       5.076285       5.280644       5.505375       5.705743       5.858518       5.912955       5.832056       5.585643       5.23876        4.935385       4.882973       5.09365        5.45366        5.724745       1.70141E+38    1.70141E+38    1.70141E+38    

4.575505       4.674256       4.799395       4.867441       4.89341        4.984317       5.105731       5.268066       5.464609       5.673091       5.864599       5.94912        5.851604       5.613523       5.339683       5.111668       5.037375       5.290857       5.647202       5.867502       1.70141E+38    1.70141E+38    1.70141E+38    

4.579242       4.705356       4.845033       4.964201       5.03712        5.166831       5.319966       5.489904       5.632314       5.773228       5.922801       6.010361       5.951146       5.778187       5.554673       5.366845       5.307353       5.497628       5.796782       5.989726       1.70141E+38    1.70141E+38    1.70141E+38    

4.665733       4.76063        4.932716       5.120481       5.267819       5.402872       5.557883       5.728866       5.868102       5.966055       6.058001       6.121115       6.083057       5.950131       5.737864       5.568323       5.577818       5.763877       5.984609       6.125244       1.70141E+38    1.70141E+38    1.70141E+38    

4.872043       4.827134       4.999686       5.236283       5.426162       5.577096       5.702027       5.84244        5.970377       6.075704       6.162475       6.218578       6.189511       6.062213       5.877119       5.789747       5.90473        6.082909       6.219126       6.267109       1.70141E+38    1.70141E+38    1.70141E+38    

5.16279        5.015445       5.020345       5.215156       5.40337        5.545593       5.65489        5.786264       5.934623       6.073035       6.199601       6.284407       6.279729       6.172357       6.043222       6.06085        6.22222        6.351267       6.3984         6.372635       1.70141E+38    1.70141E+38    1.70141E+38    

5.421674       5.324461       5.194598       5.256132       5.313655       5.429513       5.558093       5.676363       5.838195       6.027741       6.221235       6.35231        6.373669       6.303552       6.251068       6.333425       6.451853       6.513307       6.505039       6.4352         1.70141E+38    1.70141E+38    1.70141E+38    

5.614295       5.58375        5.493495       5.515879       5.483376       5.519361       5.664075       5.815068       5.974309       6.136597       6.315318       6.4483         6.486811       6.460419       6.4555         6.503743       6.531124       6.534063       6.469426       6.380773       1.70141E+38    1.70141E+38    1.70141E+38    

5.764983       5.789476       5.766913       5.764407       5.767314       5.789047       5.90606        6.052813       6.205758       6.33953        6.458956       6.545024       6.582091       6.577676       6.562621       6.534923       6.4617         6.37782        6.253383       6.139129       1.70141E+38    1.70141E+38    1.70141E+38    

5.856865       5.895868       5.891554       5.899804       5.945333       6.014322       6.109178       6.214751       6.327614       6.429037       6.519078       6.590514       6.621595       6.621335       6.567298       6.445333       6.235991       6.008807       5.845238       5.730937       1.70141E+38    1.70141E+38    1.70141E+38    

5.848534       5.878473       5.861744       5.851374       5.930971       6.022772       6.123122       6.220033       6.312075       6.390858       6.480582       6.578117       6.627563       6.61121        6.511134       6.306381       6.015377       5.70175        5.470648       5.341884       1.70141E+38    1.70141E+38    1.70141E+38    

5.720167       5.700278       5.638069       5.629283       5.728715       5.849173       5.959057       6.045155       6.133728       6.228271       6.389038       6.558734       6.61428        6.562523       6.398351       6.125014       5.813704       5.500917       5.229721       5.087711       1.70141E+38    1.70141E+38    1.70141E+38    

5.497891       5.451034       5.44088        5.469492       5.548139       5.675239       5.758924       5.843709       5.987603       6.211821       6.431399       6.57899        6.584031       6.468966       6.239902       5.931174       5.618096       5.338763       5.134646       4.985146       1.70141E+38    1.70141E+38    1.70141E+38    

5.439633       5.490369       5.577985       5.666605       5.726766       5.79006        5.880054       5.987941       6.15468        6.389061       6.560402       6.608332       6.536794       6.314251       5.995743       5.707983       5.485835       5.330996       5.194395       5.058246       1.70141E+38    1.70141E+38    1.70141E+38    

5.631879       5.718632       5.773954       5.830941       5.872545       5.949989       6.055184       6.220571       6.3977         6.557543       6.629359       6.597259       6.4575         6.169908       5.764981       5.43967        5.289667       5.22876        5.190553       5.110325       1.70141E+38    1.70141E+38    1.70141E+38    

5.721381       5.768602       5.770683       5.770803       5.820279       5.949888       6.142212       6.380163       6.552931       6.628234       6.611964       6.504712       6.319393       6.048255       5.69262        5.363897       5.145634       5.032301       5.00872        4.99603        1.70141E+38    1.70141E+38    1.70141E+38    

5.655398       5.659603       5.649092       5.69116        5.829025       6.039888       6.289072       6.491187       6.588303       6.588135       6.488877       6.291356       6.073794       5.851632       5.591447       5.414956       5.218699       4.998796       4.854041       4.788988       1.70141E+38    1.70141E+38    1.70141E+38    

5.501085       5.553504       5.647579       5.823409       6.035515       6.248315       6.422911       6.517163       6.523374       6.438779       6.261352       5.987029       5.756337       5.567129       5.370326       5.341724       5.281509       5.124938       4.939347       4.796355       1.70141E+38    1.70141E+38    1.70141E+38    

1.70141E+38    1.70141E+38    1.70141E+38    1.70141E+38    1.70141E+38    1.70141E+38    1.70141E+38    1.70141E+38    1.70141E+38    1.70141E+38    1.70141E+38    1.70141E+38    1.70141E+38    1.70141E+38    1.70141E+38    1.70141E+38    1.70141E+38    1.70141E+38    1.70141E+38    1.70141E+38    1.70141E+38    1.70141E+38    1.70141E+38    

1.70141E+38    1.70141E+38    1.70141E+38    1.70141E+38    1.70141E+38    1.70141E+38    1.70141E+38    1.70141E+38    1.70141E+38    1.70141E+38    1.70141E+38    1.70141E+38    1.70141E+38    1.70141E+38    1.70141E+38    1.70141E+38    1.70141E+38    1.70141E+38    1.70141E+38    1.70141E+38    1.70141E+38    1.70141E+38    1.70141E+38    

1.70141E+38    1.70141E+38    1.70141E+38    1.70141E+38    1.70141E+38    1.70141E+38    1.70141E+38    1.70141E+38    1.70141E+38    1.70141E+38    1.70141E+38    1.70141E+38    1.70141E+38    1.70141E+38    1.70141E+38    1.70141E+38    1.70141E+38    1.70141E+38    1.70141E+38    1.70141E+38    1.70141E+38    1.70141E+38    1.70141E+38    

1.70141E+38    1.70141E+38    1.70141E+38    1.70141E+38    1.70141E+38    1.70141E+38    1.70141E+38    1.70141E+38    1.70141E+38    1.70141E+38    1.70141E+38    1.70141E+38    1.70141E+38    1.70141E+38    1.70141E+38    1.70141E+38    1.70141E+38    1.70141E+38    1.70141E+38    1.70141E+38    1.70141E+38    1.70141E+38    1.70141E+38    

1.70141E+38    1.70141E+38    1.70141E+38    1.70141E+38    1.70141E+38    1.70141E+38    1.70141E+38    1.70141E+38    1.70141E+38    1.70141E+38    1.70141E+38    1.70141E+38    1.70141E+38    1.70141E+38    1.70141E+38    1.70141E+38    1.70141E+38    1.70141E+38    1.70141E+38    1.70141E+38    1.70141E+38    1.70141E+38    1.70141E+38    

1.70141E+38    1.70141E+38    1.70141E+38    1.70141E+38    1.70141E+38    1.70141E+38    1.70141E+38    1.70141E+38    1.70141E+38    1.70141E+38    1.70141E+38    1.70141E+38    1.70141E+38    1.70141E+38    1.70141E+38    1.70141E+38    1.70141E+38    1.70141E+38    1.70141E+38    1.70141E+38    1.70141E+38    1.70141E+38    1.70141E+38    

1.70141E+38    1.70141E+38    1.70141E+38    1.70141E+38    1.70141E+38    1.70141E+38    1.70141E+38    1.70141E+38    1.70141E+38    1.70141E+38    1.70141E+38    1.70141E+38    1.70141E+38    1.70141E+38    1.70141E+38    1.70141E+38    1.70141E+38    1.70141E+38    1.70141E+38    1.70141E+38    1.70141E+38    1.70141E+38    1.70141E+38    

1.70141E+38    1.70141E+38    1.70141E+38    1.70141E+38    1.70141E+38    1.70141E+38    1.70141E+38    1.70141E+38    1.70141E+38    1.70141E+38    1.70141E+38    1.70141E+38    1.70141E+38    1.70141E+38    1.70141E+38    1.70141E+38    1.70141E+38    1.70141E+38    1.70141E+38    1.70141E+38    1.70141E+38    1.70141E+38    1.70141E+38    

