py_wake/examples/data/ParqueFicticio/Ridge area   Sector 2   Height 200m   Weibull-k.grd
DSAA
23  33
 262878   265078
 6504214   6507414
 2.224609   2.357422
1.70141E+38    1.70141E+38    1.70141E+38    1.70141E+38    1.70141E+38    1.70141E+38    1.70141E+38    1.70141E+38    1.70141E+38    1.70141E+38    1.70141E+38    1.70141E+38    1.70141E+38    1.70141E+38    1.70141E+38    1.70141E+38    1.70141E+38    1.70141E+38    1.70141E+38    1.70141E+38    1.70141E+38    1.70141E+38    1.70141E+38    

1.70141E+38    1.70141E+38    1.70141E+38    1.70141E+38    1.70141E+38    1.70141E+38    1.70141E+38    1.70141E+38    1.70141E+38    1.70141E+38    1.70141E+38    1.70141E+38    1.70141E+38    1.70141E+38    1.70141E+38    1.70141E+38    1.70141E+38    1.70141E+38    1.70141E+38    1.70141E+38    1.70141E+38    1.70141E+38    1.70141E+38    

1.70141E+38    1.70141E+38    1.70141E+38    1.70141E+38    1.70141E+38    1.70141E+38    1.70141E+38    1.70141E+38    1.70141E+38    1.70141E+38    1.70141E+38    1.70141E+38    1.70141E+38    1.70141E+38    1.70141E+38    1.70141E+38    1.70141E+38    1.70141E+38    1.70141E+38    1.70141E+38    1.70141E+38    1.70141E+38    1.70141E+38    

1.70141E+38    1.70141E+38    1.70141E+38    1.70141E+38    1.70141E+38    1.70141E+38    1.70141E+38    1.70141E+38    1.70141E+38    1.70141E+38    1.70141E+38    1.70141E+38    1.70141E+38    1.70141E+38    1.70141E+38    1.70141E+38    1.70141E+38    1.70141E+38    1.70141E+38    1.70141E+38    1.70141E+38    1.70141E+38    1.70141E+38    

1.70141E+38    1.70141E+38    1.70141E+38    1.70141E+38    1.70141E+38    1.70141E+38    1.70141E+38    1.70141E+38    1.70141E+38    1.70141E+38    1.70141E+38    1.70141E+38    1.70141E+38    1.70141E+38    1.70141E+38    1.70141E+38    1.70141E+38    1.70141E+38    1.70141E+38    1.70141E+38    1.70141E+38    1.70141E+38    1.70141E+38    

2.349609       2.349609       2.349609       2.349609       2.349609       2.349609       2.337891       2.306641       2.283203       2.263672       2.255859       2.251953       2.251953       2.255859       2.263672       2.275391       2.279297       2.263672       2.251953       2.240234       1.70141E+38    1.70141E+38    1.70141E+38    

2.349609       2.349609       2.349609       2.349609       2.349609       2.330078       2.306641       2.291016       2.275391       2.263672       2.259766       2.255859       2.259766       2.263672       2.267578       2.271484       2.279297       2.259766       2.244141       2.240234       1.70141E+38    1.70141E+38    1.70141E+38    

2.349609       2.349609       2.349609       2.349609       2.341797       2.310547       2.287109       2.271484       2.263672       2.255859       2.255859       2.255859       2.263672       2.267578       2.271484       2.267578       2.279297       2.259766       2.244141       2.240234       1.70141E+38    1.70141E+38    1.70141E+38    

2.349609       2.349609       2.349609       2.349609       2.345703       2.318359       2.291016       2.271484       2.255859       2.251953       2.251953       2.255859       2.263672       2.271484       2.279297       2.271484       2.271484       2.259766       2.251953       2.248047       1.70141E+38    1.70141E+38    1.70141E+38    

2.349609       2.349609       2.349609       2.349609       2.345703       2.322266       2.302734       2.279297       2.263672       2.251953       2.251953       2.255859       2.263672       2.275391       2.287109       2.287109       2.279297       2.271484       2.259766       2.255859       1.70141E+38    1.70141E+38    1.70141E+38    

2.349609       2.349609       2.349609       2.341797       2.326172       2.306641       2.294922       2.279297       2.271484       2.263672       2.255859       2.259766       2.267578       2.279297       2.294922       2.302734       2.298828       2.283203       2.271484       2.267578       1.70141E+38    1.70141E+38    1.70141E+38    

2.349609       2.349609       2.333984       2.310547       2.298828       2.287109       2.275391       2.271484       2.267578       2.263672       2.259766       2.263672       2.267578       2.275391       2.291016       2.302734       2.306641       2.298828       2.291016       2.291016       1.70141E+38    1.70141E+38    1.70141E+38    

2.349609       2.349609       2.322266       2.291016       2.275391       2.263672       2.255859       2.255859       2.255859       2.255859       2.255859       2.259766       2.263672       2.271484       2.279297       2.291016       2.298828       2.302734       2.306641       2.318359       1.70141E+38    1.70141E+38    1.70141E+38    

2.349609       2.349609       2.330078       2.298828       2.279297       2.263672       2.251953       2.248047       2.248047       2.248047       2.251953       2.255859       2.259766       2.263672       2.263672       2.271484       2.287109       2.302734       2.326172       2.353516       1.70141E+38    1.70141E+38    1.70141E+38    

2.349609       2.349609       2.349609       2.326172       2.310547       2.291016       2.271484       2.259766       2.255859       2.251953       2.251953       2.251953       2.255859       2.255859       2.255859       2.259766       2.275391       2.298828       2.333984       2.357422       1.70141E+38    1.70141E+38    1.70141E+38    

2.349609       2.349609       2.349609       2.349609       2.333984       2.314453       2.287109       2.271484       2.259766       2.255859       2.251953       2.251953       2.255859       2.255859       2.251953       2.255859       2.263672       2.291016       2.330078       2.357422       1.70141E+38    1.70141E+38    1.70141E+38    

2.349609       2.349609       2.349609       2.341797       2.330078       2.306641       2.283203       2.267578       2.255859       2.251953       2.251953       2.251953       2.251953       2.251953       2.255859       2.255859       2.259766       2.275391       2.310547       2.353516       1.70141E+38    1.70141E+38    1.70141E+38    

2.318359       2.322266       2.322266       2.322266       2.306641       2.291016       2.271484       2.259766       2.248047       2.244141       2.244141       2.244141       2.248047       2.251953       2.255859       2.263672       2.275391       2.283203       2.298828       2.333984       1.70141E+38    1.70141E+38    1.70141E+38    

2.287109       2.291016       2.294922       2.291016       2.283203       2.271484       2.259766       2.248047       2.240234       2.236328       2.236328       2.240234       2.244141       2.251953       2.259766       2.279297       2.298828       2.306641       2.306641       2.310547       1.70141E+38    1.70141E+38    1.70141E+38    

2.271484       2.279297       2.279297       2.275391       2.267578       2.263672       2.255859       2.248047       2.240234       2.236328       2.232422       2.236328       2.240234       2.248047       2.267578       2.294922       2.330078       2.345703       2.337891       2.318359       1.70141E+38    1.70141E+38    1.70141E+38    

2.275391       2.279297       2.279297       2.279297       2.275391       2.267578       2.259766       2.251953       2.240234       2.236328       2.236328       2.236328       2.240234       2.248047       2.271484       2.314453       2.349609       2.349609       2.349609       2.349609       1.70141E+38    1.70141E+38    1.70141E+38    

2.275391       2.275391       2.275391       2.275391       2.271484       2.263672       2.255859       2.248047       2.240234       2.236328       2.236328       2.240234       2.244141       2.255859       2.283203       2.333984       2.349609       2.349609       2.349609       2.349609       1.70141E+38    1.70141E+38    1.70141E+38    

2.267578       2.267578       2.271484       2.271484       2.267578       2.255859       2.248047       2.240234       2.236328       2.232422       2.236328       2.240234       2.251953       2.271484       2.310547       2.349609       2.349609       2.349609       2.349609       2.349609       1.70141E+38    1.70141E+38    1.70141E+38    

2.255859       2.263672       2.267578       2.267578       2.259766       2.244141       2.236328       2.228516       2.228516       2.228516       2.232422       2.240234       2.259766       2.291016       2.341797       2.349609       2.349609       2.349609       2.349609       2.349609       1.70141E+38    1.70141E+38    1.70141E+38    

2.251953       2.255859       2.259766       2.255859       2.248047       2.236328       2.228516       2.224609       2.224609       2.224609       2.228516       2.236328       2.259766       2.294922       2.349609       2.349609       2.349609       2.349609       2.349609       2.349609       1.70141E+38    1.70141E+38    1.70141E+38    

1.70141E+38    1.70141E+38    1.70141E+38    1.70141E+38    1.70141E+38    1.70141E+38    1.70141E+38    1.70141E+38    1.70141E+38    1.70141E+38    1.70141E+38    1.70141E+38    1.70141E+38    1.70141E+38    1.70141E+38    1.70141E+38    1.70141E+38    1.70141E+38    1.70141E+38    1.70141E+38    1.70141E+38    1.70141E+38    1.70141E+38    

1.70141E+38    1.70141E+38    1.70141E+38    1.70141E+38    1.70141E+38    1.70141E+38    1.70141E+38    1.70141E+38    1.70141E+38    1.70141E+38    1.70141E+38    1.70141E+38    1.70141E+38    1.70141E+38    1.70141E+38    1.70141E+38    1.70141E+38    1.70141E+38    1.70141E+38    1.70141E+38    1.70141E+38    1.70141E+38    1.70141E+38    

1.70141E+38    1.70141E+38    1.70141E+38    1.70141E+38    1.70141E+38    1.70141E+38    1.70141E+38    1.70141E+38    1.70141E+38    1.70141E+38    1.70141E+38    1.70141E+38    1.70141E+38    1.70141E+38    1.70141E+38    1.70141E+38    1.70141E+38    1.70141E+38    1.70141E+38    1.70141E+38    1.70141E+38    1.70141E+38    1.70141E+38    

1.70141E+38    1.70141E+38    1.70141E+38    1.70141E+38    1.70141E+38    1.70141E+38    1.70141E+38    1.70141E+38    1.70141E+38    1.70141E+38    1.70141E+38    1.70141E+38    1.70141E+38    1.70141E+38    1.70141E+38    1.70141E+38    1.70141E+38    1.70141E+38    1.70141E+38    1.70141E+38    1.70141E+38    1.70141E+38    1.70141E+38    

1.70141E+38    1.70141E+38    1.70141E+38    1.70141E+38    1.70141E+38    1.70141E+38    1.70141E+38    1.70141E+38    1.70141E+38    1.70141E+38    1.70141E+38    1.70141E+38    1.70141E+38    1.70141E+38    1.70141E+38    1.70141E+38    1.70141E+38    1.70141E+38    1.70141E+38    1.70141E+38    1.70141E+38    1.70141E+38    1.70141E+38    

1.70141E+38    1.70141E+38    1.70141E+38    1.70141E+38    1.70141E+38    1.70141E+38    1.70141E+38    1.70141E+38    1.70141E+38    1.70141E+38    1.70141E+38    1.70141E+38    1.70141E+38    1.70141E+38    1.70141E+38    1.70141E+38    1.70141E+38    1.70141E+38    1.70141E+38    1.70141E+38    1.70141E+38    1.70141E+38    1.70141E+38    

1.70141E+38    1.70141E+38    1.70141E+38    1.70141E+38    1.70141E+38    1.70141E+38    1.70141E+38    1.70141E+38    1.70141E+38    1.70141E+38    1.70141E+38    1.70141E+38    1.70141E+38    1.70141E+38    1.70141E+38    1.70141E+38    1.70141E+38    1.70141E+38    1.70141E+38    1.70141E+38    1.70141E+38    1.70141E+38    1.70141E+38    

1.70141E+38    1.70141E+38    1.70141E+38    1.70141E+38    1.70141E+38    1.70141E+38    1.70141E+38    1.70141E+38    1.70141E+38    1.70141E+38    1.70141E+38    1.70141E+38    1.70141E+38    1.70141E+38    1.70141E+38    1.70141E+38    1.70141E+38    1.70141E+38    1.70141E+38    1.70141E+38    1.70141E+38    1.70141E+38    1.70141E+38    

