py_wake/examples/data/ParqueFicticio/Ridge area   Sector 4   Height 30m   Weibull-k.grd
DSAA
23  33
 262878   265078
 6504214   6507414
 .7753906   2.748047
1.70141E+38    1.70141E+38    1.70141E+38    1.70141E+38    1.70141E+38    1.70141E+38    1.70141E+38    1.70141E+38    1.70141E+38    1.70141E+38    1.70141E+38    1.70141E+38    1.70141E+38    1.70141E+38    1.70141E+38    1.70141E+38    1.70141E+38    1.70141E+38    1.70141E+38    1.70141E+38    1.70141E+38    1.70141E+38    1.70141E+38    

1.70141E+38    1.70141E+38    1.70141E+38    1.70141E+38    1.70141E+38    1.70141E+38    1.70141E+38    1.70141E+38    1.70141E+38    1.70141E+38    1.70141E+38    1.70141E+38    1.70141E+38    1.70141E+38    1.70141E+38    1.70141E+38    1.70141E+38    1.70141E+38    1.70141E+38    1.70141E+38    1.70141E+38    1.70141E+38    1.70141E+38    

1.70141E+38    1.70141E+38    1.70141E+38    1.70141E+38    1.70141E+38    1.70141E+38    1.70141E+38    1.70141E+38    1.70141E+38    1.70141E+38    1.70141E+38    1.70141E+38    1.70141E+38    1.70141E+38    1.70141E+38    1.70141E+38    1.70141E+38    1.70141E+38    1.70141E+38    1.70141E+38    1.70141E+38    1.70141E+38    1.70141E+38    

1.70141E+38    1.70141E+38    1.70141E+38    1.70141E+38    1.70141E+38    1.70141E+38    1.70141E+38    1.70141E+38    1.70141E+38    1.70141E+38    1.70141E+38    1.70141E+38    1.70141E+38    1.70141E+38    1.70141E+38    1.70141E+38    1.70141E+38    1.70141E+38    1.70141E+38    1.70141E+38    1.70141E+38    1.70141E+38    1.70141E+38    

1.70141E+38    1.70141E+38    1.70141E+38    1.70141E+38    1.70141E+38    1.70141E+38    1.70141E+38    1.70141E+38    1.70141E+38    1.70141E+38    1.70141E+38    1.70141E+38    1.70141E+38    1.70141E+38    1.70141E+38    1.70141E+38    1.70141E+38    1.70141E+38    1.70141E+38    1.70141E+38    1.70141E+38    1.70141E+38    1.70141E+38    

2.388672       2.287109       2.166016       2.150391       2.228516       2.275391       2.302734       2.357422       2.427734       2.490234       2.556641       2.669922       2.720703       2.720703       2.564453       2.208984       2.642578       2.642578       2.642578       2.029297       1.70141E+38    1.70141E+38    1.70141E+38    

2.419922       2.400391       2.408203       2.427734       2.416016       2.431641       2.455078       2.462891       2.466797       2.498047       2.517578       2.619141       2.685547       2.654297       2.462891       1.755859       2.474609       2.197266       2.345703       2.626953       1.70141E+38    1.70141E+38    1.70141E+38    

2.474609       2.462891       2.470703       2.513672       2.498047       2.501953       2.568359       2.568359       2.498047       2.462891       2.435547       2.521484       2.564453       2.470703       2.220703       1.705078       2.111328       2.111328       1.916016       2.724609       1.70141E+38    1.70141E+38    1.70141E+38    

2.548828       2.564453       2.560547       2.544922       2.572266       2.583984       2.623047       2.673828       2.341797       2.451172       2.431641       2.451172       2.451172       2.408203       2.134766       1.736328       2.380859       2.126953       2.462891       2.716797       1.70141E+38    1.70141E+38    1.70141E+38    

2.630859       2.677734       2.693359       2.681641       2.669922       2.626953       2.521484       2.494141       2.462891       2.466797       2.462891       2.458984       2.482422       2.607422       2.529297       1.716797       2.236328       2.642578       2.509766       2.697266       1.70141E+38    1.70141E+38    1.70141E+38    

2.732422       2.732422       2.748047       2.744141       2.736328       2.716797       2.662109       2.580078       2.564453       2.548828       2.509766       2.513672       2.544922       2.658203       2.583984       2.111328       2.111328       2.712891       2.669922       2.720703       1.70141E+38    1.70141E+38    1.70141E+38    

2.568359       2.677734       2.748047       2.748047       2.748047       2.748047       2.748047       2.720703       2.634766       2.572266       2.548828       2.533203       2.564453       2.619141       2.376953       .7753906       2.166016       2.677734       2.736328       2.728516       1.70141E+38    1.70141E+38    1.70141E+38    

2.716797       2.748047       2.748047       1.509766       2.748047       2.748047       2.173828       2.302734       2.701172       2.591797       2.537109       2.525391       2.576172       2.638672       2.150391       1.583984       2.736328       2.744141       2.736328       2.732422       1.70141E+38    1.70141E+38    1.70141E+38    

2.728516       2.748047       2.748047       2.748047       2.376953       2.689453       1.513672       1.025391       1.958984       2.712891       2.572266       2.544922       2.619141       2.716797       2.712891       2.748047       2.740234       2.736328       2.736328       2.744141       1.70141E+38    1.70141E+38    1.70141E+38    

2.685547       2.748047       2.748047       2.748047       2.748047       2.748047       2.748047       2.517578       2.724609       2.720703       2.634766       2.623047       2.638672       2.740234       2.732422       2.701172       2.712891       2.732422       2.736328       2.748047       1.70141E+38    1.70141E+38    1.70141E+38    

2.697266       2.748047       2.748047       2.748047       2.748047       2.748047       2.748047       2.748047       2.748047       2.736328       2.708984       2.669922       2.662109       2.732422       2.712891       2.619141       2.494141       2.634766       2.732422       2.748047       1.70141E+38    1.70141E+38    1.70141E+38    

2.748047       2.748047       2.748047       2.748047       2.748047       2.748047       2.748047       2.748047       2.748047       2.744141       2.728516       2.673828       2.669922       2.716797       2.712891       2.587891       2.255859       2.158203       2.447266       2.685547       1.70141E+38    1.70141E+38    1.70141E+38    

2.748047       2.748047       2.748047       2.748047       2.748047       2.748047       2.748047       2.748047       2.744141       2.728516       2.705078       2.669922       2.666016       2.705078       2.728516       2.708984       2.580078       2.373047       2.404297       2.548828       1.70141E+38    1.70141E+38    1.70141E+38    

2.716797       2.529297       2.361328       2.537109       2.712891       2.712891       2.669922       2.607422       2.494141       2.544922       2.708984       2.693359       2.701172       2.697266       2.712891       2.740234       2.724609       2.650391       2.501953       1.970703       1.70141E+38    1.70141E+38    1.70141E+38    

2.435547       2.064453       1.955078       2.130859       2.400391       2.470703       2.259766       1.896484       2.748047       2.068359       2.716797       2.705078       2.697266       2.712891       2.673828       2.666016       2.681641       2.712891       2.630859       2.255859       1.70141E+38    1.70141E+38    1.70141E+38    

2.341797       2.283203       2.404297       2.560547       2.669922       2.673828       2.615234       2.369141       2.322266       2.548828       2.716797       2.701172       2.697266       2.693359       2.669922       2.623047       2.607422       2.626953       2.693359       2.701172       1.70141E+38    1.70141E+38    1.70141E+38    

2.744141       2.748047       2.748047       2.748047       2.716797       2.716797       2.712891       2.708984       2.708984       2.705078       2.697266       2.712891       2.666016       2.638672       2.654297       2.654297       2.642578       2.638672       2.638672       2.677734       1.70141E+38    1.70141E+38    1.70141E+38    

2.748047       2.748047       2.748047       2.724609       2.416016       2.408203       2.748047       2.732422       2.705078       2.677734       2.673828       2.720703       2.630859       2.525391       2.529297       2.587891       2.666016       2.689453       2.666016       2.626953       1.70141E+38    1.70141E+38    1.70141E+38    

2.748047       2.744141       2.697266       2.748047       2.748047       2.748047       2.560547       2.658203       2.642578       2.666016       2.697266       2.720703       2.646484       2.521484       2.435547       2.400391       2.529297       2.646484       2.669922       2.642578       1.70141E+38    1.70141E+38    1.70141E+38    

2.310547       1.841797       1.572266       1.626953       2.599609       2.681641       2.681641       2.611328       2.623047       2.685547       2.689453       2.708984       2.689453       2.568359       2.509766       2.412109       2.345703       2.451172       2.572266       2.630859       1.70141E+38    1.70141E+38    1.70141E+38    

1.70141E+38    1.70141E+38    1.70141E+38    1.70141E+38    1.70141E+38    1.70141E+38    1.70141E+38    1.70141E+38    1.70141E+38    1.70141E+38    1.70141E+38    1.70141E+38    1.70141E+38    1.70141E+38    1.70141E+38    1.70141E+38    1.70141E+38    1.70141E+38    1.70141E+38    1.70141E+38    1.70141E+38    1.70141E+38    1.70141E+38    

1.70141E+38    1.70141E+38    1.70141E+38    1.70141E+38    1.70141E+38    1.70141E+38    1.70141E+38    1.70141E+38    1.70141E+38    1.70141E+38    1.70141E+38    1.70141E+38    1.70141E+38    1.70141E+38    1.70141E+38    1.70141E+38    1.70141E+38    1.70141E+38    1.70141E+38    1.70141E+38    1.70141E+38    1.70141E+38    1.70141E+38    

1.70141E+38    1.70141E+38    1.70141E+38    1.70141E+38    1.70141E+38    1.70141E+38    1.70141E+38    1.70141E+38    1.70141E+38    1.70141E+38    1.70141E+38    1.70141E+38    1.70141E+38    1.70141E+38    1.70141E+38    1.70141E+38    1.70141E+38    1.70141E+38    1.70141E+38    1.70141E+38    1.70141E+38    1.70141E+38    1.70141E+38    

1.70141E+38    1.70141E+38    1.70141E+38    1.70141E+38    1.70141E+38    1.70141E+38    1.70141E+38    1.70141E+38    1.70141E+38    1.70141E+38    1.70141E+38    1.70141E+38    1.70141E+38    1.70141E+38    1.70141E+38    1.70141E+38    1.70141E+38    1.70141E+38    1.70141E+38    1.70141E+38    1.70141E+38    1.70141E+38    1.70141E+38    

1.70141E+38    1.70141E+38    1.70141E+38    1.70141E+38    1.70141E+38    1.70141E+38    1.70141E+38    1.70141E+38    1.70141E+38    1.70141E+38    1.70141E+38    1.70141E+38    1.70141E+38    1.70141E+38    1.70141E+38    1.70141E+38    1.70141E+38    1.70141E+38    1.70141E+38    1.70141E+38    1.70141E+38    1.70141E+38    1.70141E+38    

1.70141E+38    1.70141E+38    1.70141E+38    1.70141E+38    1.70141E+38    1.70141E+38    1.70141E+38    1.70141E+38    1.70141E+38    1.70141E+38    1.70141E+38    1.70141E+38    1.70141E+38    1.70141E+38    1.70141E+38    1.70141E+38    1.70141E+38    1.70141E+38    1.70141E+38    1.70141E+38    1.70141E+38    1.70141E+38    1.70141E+38    

1.70141E+38    1.70141E+38    1.70141E+38    1.70141E+38    1.70141E+38    1.70141E+38    1.70141E+38    1.70141E+38    1.70141E+38    1.70141E+38    1.70141E+38    1.70141E+38    1.70141E+38    1.70141E+38    1.70141E+38    1.70141E+38    1.70141E+38    1.70141E+38    1.70141E+38    1.70141E+38    1.70141E+38    1.70141E+38    1.70141E+38    

1.70141E+38    1.70141E+38    1.70141E+38    1.70141E+38    1.70141E+38    1.70141E+38    1.70141E+38    1.70141E+38    1.70141E+38    1.70141E+38    1.70141E+38    1.70141E+38    1.70141E+38    1.70141E+38    1.70141E+38    1.70141E+38    1.70141E+38    1.70141E+38    1.70141E+38    1.70141E+38    1.70141E+38    1.70141E+38    1.70141E+38    

