py_wake/examples/data/ParqueFicticio/Ridge area   Sector 9   Height 200m   Turbulence intensity.grd
DSAA
23  33
 262878   265078
 6504214   6507414
 6.986973   100
1.70141E+38    1.70141E+38    1.70141E+38    1.70141E+38    1.70141E+38    1.70141E+38    1.70141E+38    1.70141E+38    1.70141E+38    1.70141E+38    1.70141E+38    1.70141E+38    1.70141E+38    1.70141E+38    1.70141E+38    1.70141E+38    1.70141E+38    1.70141E+38    1.70141E+38    1.70141E+38    1.70141E+38    1.70141E+38    1.70141E+38    

1.70141E+38    1.70141E+38    1.70141E+38    1.70141E+38    1.70141E+38    1.70141E+38    1.70141E+38    1.70141E+38    1.70141E+38    1.70141E+38    1.70141E+38    1.70141E+38    1.70141E+38    1.70141E+38    1.70141E+38    1.70141E+38    1.70141E+38    1.70141E+38    1.70141E+38    1.70141E+38    1.70141E+38    1.70141E+38    1.70141E+38    

1.70141E+38    1.70141E+38    1.70141E+38    1.70141E+38    1.70141E+38    1.70141E+38    1.70141E+38    1.70141E+38    1.70141E+38    1.70141E+38    1.70141E+38    1.70141E+38    1.70141E+38    1.70141E+38    1.70141E+38    1.70141E+38    1.70141E+38    1.70141E+38    1.70141E+38    1.70141E+38    1.70141E+38    1.70141E+38    1.70141E+38    

1.70141E+38    1.70141E+38    1.70141E+38    1.70141E+38    1.70141E+38    1.70141E+38    1.70141E+38    1.70141E+38    1.70141E+38    1.70141E+38    1.70141E+38    1.70141E+38    1.70141E+38    1.70141E+38    1.70141E+38    1.70141E+38    1.70141E+38    1.70141E+38    1.70141E+38    1.70141E+38    1.70141E+38    1.70141E+38    1.70141E+38    

1.70141E+38    1.70141E+38    1.70141E+38    1.70141E+38    1.70141E+38    1.70141E+38    1.70141E+38    1.70141E+38    1.70141E+38    1.70141E+38    1.70141E+38    1.70141E+38    1.70141E+38    1.70141E+38    1.70141E+38    1.70141E+38    1.70141E+38    1.70141E+38    1.70141E+38    1.70141E+38    1.70141E+38    1.70141E+38    1.70141E+38    

9.114137       9.179978       9.159987       9.022796       8.842948       8.646343       8.49633        8.307639       8.142412       7.91728        7.711872       7.596865       7.602546       7.870378       8.436303       9.035251       9.714779       10.20705       9.835034       9.042098       1.70141E+38    1.70141E+38    1.70141E+38    

9.070364       9.117731       9.133186       9.049729       8.881373       8.69152        8.467423       8.221024       7.997085       7.807882       7.653488       7.594831       7.710068       8.153927       8.823932       9.41286        10.24298       10.33465       9.364341       8.524529       1.70141E+38    1.70141E+38    1.70141E+38    

9.108047       9.043572       8.958202       8.969333       8.985853       8.906002       8.724732       8.443214       8.130116       7.872679       7.689579       7.663646       7.882892       8.449714       9.097863       9.667982       10.27001       9.759721       8.804425       8.177101       1.70141E+38    1.70141E+38    1.70141E+38    

9.18674        9.104717       8.976941       8.931648       8.946533       8.919104       8.822401       8.607977       8.328151       8.037712       7.781259       7.706305       8.00058        8.622035       9.208101       9.631552       9.99042        9.33604        8.467601       7.975819       1.70141E+38    1.70141E+38    1.70141E+38    

9.258252       9.166998       9.016203       8.913575       8.874628       8.758686       8.592658       8.352005       8.163385       7.982568       7.788815       7.705231       7.914188       8.404768       9.010405       9.655685       9.896431       9.18014        8.365536       7.89054        1.70141E+38    1.70141E+38    1.70141E+38    

9.109022       9.145783       8.963622       8.740585       8.595077       8.465681       8.293328       8.055562       7.868074       7.756554       7.657891       7.606557       7.750838       8.120569       8.752092       9.497439       9.551227       8.857797       8.219687       7.812911       1.70141E+38    1.70141E+38    1.70141E+38    

8.789186       9.03653        8.929387       8.629529       8.393432       8.214244       8.09587        7.928856       7.76926        7.648449       7.562366       7.527742       7.655688       8.016845       8.58947        8.953461       8.630989       8.199935       7.881846       7.696202       1.70141E+38    1.70141E+38    1.70141E+38    

8.414331       8.763472       8.970531       8.759814       8.505542       8.330135       8.228859       8.075209       7.881329       7.718063       7.579273       7.512277       7.614279       7.963628       8.422378       8.487971       8.098109       7.787271       7.639884       7.615773       1.70141E+38    1.70141E+38    1.70141E+38    

8.133719       8.375329       8.781805       8.797228       8.811933       8.676722       8.49767        8.363615       8.146896       7.898571       7.653283       7.52117        7.600282       7.914181       8.232953       8.140876       7.847718       7.656776       7.587875       7.635213       1.70141E+38    1.70141E+38    1.70141E+38    

7.968823       8.08218        8.386239       8.438367       8.647049       8.705216       8.476136       8.25044        8.03706        7.852264       7.639942       7.499742       7.552236       7.792433       8.01019        7.982662       7.888962       7.797257       7.772051       7.825776       1.70141E+38    1.70141E+38    1.70141E+38    

7.847753       7.841048       8.005903       8.074409       8.199201       8.326303       8.184259       7.984252       7.776403       7.624629       7.503757       7.444277       7.491335       7.668702       7.886451       8.061978       8.201498       8.220586       8.219628       8.286256       1.70141E+38    1.70141E+38    1.70141E+38    

7.716583       7.67699        7.789812       7.887031       7.902267       7.895601       7.834177       7.752503       7.635208       7.53266        7.451074       7.413274       7.485609       7.62045        7.901979       8.299367       8.727593       9.031828       9.094048       9.146202       1.70141E+38    1.70141E+38    1.70141E+38    

7.722619       7.711426       7.876324       8.058063       7.975533       7.896212       7.801637       7.727805       7.659051       7.612776       7.541267       7.458797       7.483778       7.636041       7.970238       8.489091       9.017071       9.802734       10.70017       10.91641       1.70141E+38    1.70141E+38    1.70141E+38    

7.843606       7.984678       8.327544       8.561464       8.432544       8.2472         8.113343       8.079878       8.044415       7.990393       7.764177       7.508712       7.500365       7.711197       8.169367       8.78746        9.462762       11.40693       15.53493       17.64569       1.70141E+38    1.70141E+38    1.70141E+38    

8.179836       8.435802       8.659177       8.798246       8.735588       8.518255       8.490163       8.52015        8.402651       8.034699       7.685979       7.466365       7.558759       7.899227       8.470778       9.274987       11.51595       17.92479       24.28114       29.70737       1.70141E+38    1.70141E+38    1.70141E+38    

8.295046       8.31496        8.238545       8.152431       8.154333       8.167642       8.150454       8.132388       7.983345       7.634734       7.390566       7.372709       7.614953       8.291908       9.253974       11.43104       17.88873       26.934         33.19971       37.95922       1.70141E+38    1.70141E+38    1.70141E+38    

7.849193       7.737772       7.717298       7.708223       7.780987       7.803862       7.795096       7.638518       7.459334       7.283992       7.227762       7.341835       7.685185       8.479865       10.79865       22.88909       41.41005       46.90054       50.41359       54.05511       1.70141E+38    1.70141E+38    1.70141E+38    

7.634365       7.588092       7.67297        7.813113       7.914087       7.874112       7.693902       7.362702       7.145216       7.105231       7.214592       7.470058       7.835572       8.470742       10.38625       26.46044       100            52.16959       12.13662       100            1.70141E+38    1.70141E+38    1.70141E+38    

7.694854       7.758182       7.910731       8.010886       7.946891       7.737895       7.403617       7.131876       7.035213       7.097116       7.350927       7.779252       8.184546       8.665308       10.04114       17.12795       52.24073       12.36183       16.32155       18.51339       1.70141E+38    1.70141E+38    1.70141E+38    

7.96082        7.973867       7.957625       7.779846       7.531224       7.273319       7.059781       6.986973       7.047028       7.232405       7.575673       8.124557       8.572529       9.023752       10.53124       15.04028       27.66013       64.44179       16.98399       11.64657       1.70141E+38    1.70141E+38    1.70141E+38    

1.70141E+38    1.70141E+38    1.70141E+38    1.70141E+38    1.70141E+38    1.70141E+38    1.70141E+38    1.70141E+38    1.70141E+38    1.70141E+38    1.70141E+38    1.70141E+38    1.70141E+38    1.70141E+38    1.70141E+38    1.70141E+38    1.70141E+38    1.70141E+38    1.70141E+38    1.70141E+38    1.70141E+38    1.70141E+38    1.70141E+38    

1.70141E+38    1.70141E+38    1.70141E+38    1.70141E+38    1.70141E+38    1.70141E+38    1.70141E+38    1.70141E+38    1.70141E+38    1.70141E+38    1.70141E+38    1.70141E+38    1.70141E+38    1.70141E+38    1.70141E+38    1.70141E+38    1.70141E+38    1.70141E+38    1.70141E+38    1.70141E+38    1.70141E+38    1.70141E+38    1.70141E+38    

1.70141E+38    1.70141E+38    1.70141E+38    1.70141E+38    1.70141E+38    1.70141E+38    1.70141E+38    1.70141E+38    1.70141E+38    1.70141E+38    1.70141E+38    1.70141E+38    1.70141E+38    1.70141E+38    1.70141E+38    1.70141E+38    1.70141E+38    1.70141E+38    1.70141E+38    1.70141E+38    1.70141E+38    1.70141E+38    1.70141E+38    

1.70141E+38    1.70141E+38    1.70141E+38    1.70141E+38    1.70141E+38    1.70141E+38    1.70141E+38    1.70141E+38    1.70141E+38    1.70141E+38    1.70141E+38    1.70141E+38    1.70141E+38    1.70141E+38    1.70141E+38    1.70141E+38    1.70141E+38    1.70141E+38    1.70141E+38    1.70141E+38    1.70141E+38    1.70141E+38    1.70141E+38    

1.70141E+38    1.70141E+38    1.70141E+38    1.70141E+38    1.70141E+38    1.70141E+38    1.70141E+38    1.70141E+38    1.70141E+38    1.70141E+38    1.70141E+38    1.70141E+38    1.70141E+38    1.70141E+38    1.70141E+38    1.70141E+38    1.70141E+38    1.70141E+38    1.70141E+38    1.70141E+38    1.70141E+38    1.70141E+38    1.70141E+38    

1.70141E+38    1.70141E+38    1.70141E+38    1.70141E+38    1.70141E+38    1.70141E+38    1.70141E+38    1.70141E+38    1.70141E+38    1.70141E+38    1.70141E+38    1.70141E+38    1.70141E+38    1.70141E+38    1.70141E+38    1.70141E+38    1.70141E+38    1.70141E+38    1.70141E+38    1.70141E+38    1.70141E+38    1.70141E+38    1.70141E+38    

1.70141E+38    1.70141E+38    1.70141E+38    1.70141E+38    1.70141E+38    1.70141E+38    1.70141E+38    1.70141E+38    1.70141E+38    1.70141E+38    1.70141E+38    1.70141E+38    1.70141E+38    1.70141E+38    1.70141E+38    1.70141E+38    1.70141E+38    1.70141E+38    1.70141E+38    1.70141E+38    1.70141E+38    1.70141E+38    1.70141E+38    

1.70141E+38    1.70141E+38    1.70141E+38    1.70141E+38    1.70141E+38    1.70141E+38    1.70141E+38    1.70141E+38    1.70141E+38    1.70141E+38    1.70141E+38    1.70141E+38    1.70141E+38    1.70141E+38    1.70141E+38    1.70141E+38    1.70141E+38    1.70141E+38    1.70141E+38    1.70141E+38    1.70141E+38    1.70141E+38    1.70141E+38    

