py_wake/examples/data/ParqueFicticio/Ridge area   Sector 6   Height 200m   Turbulence intensity.grd
DSAA
23  33
 262878   265078
 6504214   6507414
 11.68279   26.79101
1.70141E+38    1.70141E+38    1.70141E+38    1.70141E+38    1.70141E+38    1.70141E+38    1.70141E+38    1.70141E+38    1.70141E+38    1.70141E+38    1.70141E+38    1.70141E+38    1.70141E+38    1.70141E+38    1.70141E+38    1.70141E+38    1.70141E+38    1.70141E+38    1.70141E+38    1.70141E+38    1.70141E+38    1.70141E+38    1.70141E+38    

1.70141E+38    1.70141E+38    1.70141E+38    1.70141E+38    1.70141E+38    1.70141E+38    1.70141E+38    1.70141E+38    1.70141E+38    1.70141E+38    1.70141E+38    1.70141E+38    1.70141E+38    1.70141E+38    1.70141E+38    1.70141E+38    1.70141E+38    1.70141E+38    1.70141E+38    1.70141E+38    1.70141E+38    1.70141E+38    1.70141E+38    

1.70141E+38    1.70141E+38    1.70141E+38    1.70141E+38    1.70141E+38    1.70141E+38    1.70141E+38    1.70141E+38    1.70141E+38    1.70141E+38    1.70141E+38    1.70141E+38    1.70141E+38    1.70141E+38    1.70141E+38    1.70141E+38    1.70141E+38    1.70141E+38    1.70141E+38    1.70141E+38    1.70141E+38    1.70141E+38    1.70141E+38    

1.70141E+38    1.70141E+38    1.70141E+38    1.70141E+38    1.70141E+38    1.70141E+38    1.70141E+38    1.70141E+38    1.70141E+38    1.70141E+38    1.70141E+38    1.70141E+38    1.70141E+38    1.70141E+38    1.70141E+38    1.70141E+38    1.70141E+38    1.70141E+38    1.70141E+38    1.70141E+38    1.70141E+38    1.70141E+38    1.70141E+38    

1.70141E+38    1.70141E+38    1.70141E+38    1.70141E+38    1.70141E+38    1.70141E+38    1.70141E+38    1.70141E+38    1.70141E+38    1.70141E+38    1.70141E+38    1.70141E+38    1.70141E+38    1.70141E+38    1.70141E+38    1.70141E+38    1.70141E+38    1.70141E+38    1.70141E+38    1.70141E+38    1.70141E+38    1.70141E+38    1.70141E+38    

13.14828       13.06946       12.9701        12.8375        12.7064        12.59019       12.55276       12.53536       12.5954        12.6375        12.72785       12.95188       13.25413       13.80413       14.45561       14.90792       15.20456       15.35553       15.26015       14.93618       1.70141E+38    1.70141E+38    1.70141E+38    

13.12366       13.08961       13.0902        13.05513       12.95204       12.81729       12.66252       12.50695       12.40937       12.395         12.46244       12.68376       13.12068       13.90068       14.69429       15.15779       15.3792        15.3116        14.9053        14.51051       1.70141E+38    1.70141E+38    1.70141E+38    

13.20816       13.12929       13.10268       13.19445       13.30245       13.31044       13.21037       12.99549       12.73664       12.5388        12.45321       12.61566       13.13132       14.00149       14.81957       15.29823       15.44907       15.11811       14.53149       14.18975       1.70141E+38    1.70141E+38    1.70141E+38    

13.42125       13.32374       13.23948       13.26793       13.37737       13.44775       13.46377       13.38083       13.19775       12.93257       12.64669       12.60529       13.13653       13.99724       14.7289        15.12519       15.29797       14.87755       14.21361       13.90699       1.70141E+38    1.70141E+38    1.70141E+38    

13.70835       13.60019       13.43221       13.33702       13.3191        13.24164       13.12319       12.97921       12.9363        12.87745       12.6948        12.59416       12.95176       13.58553       14.20676       14.60678       14.80225       14.54763       14.01567       13.69334       1.70141E+38    1.70141E+38    1.70141E+38    

13.86842       13.90129       13.63714       13.35072       13.15677       12.99281       12.78937       12.53528       12.37377       12.36478       12.36209       12.35987       12.63377       13.10874       13.67807       14.04927       14.11438       13.92675       13.64287       13.40024       1.70141E+38    1.70141E+38    1.70141E+38    

13.75161       14.18589       14.00747       13.59827       13.26152       13.00586       12.81888       12.54384       12.29171       12.15073       12.10338       12.11491       12.361         12.83626       13.33305       13.51003       13.31119       13.09572       12.96652       12.93025       1.70141E+38    1.70141E+38    1.70141E+38    

13.2815        14.09707       14.46862       14.22427       13.8931        13.64544       13.47133       13.15583       12.73447       12.39677       12.14512       12.01454       12.16619       12.62621       13.0724        13.07717       12.7084        12.41795       12.32998       12.42281       1.70141E+38    1.70141E+38    1.70141E+38    

12.73073       13.46722       14.28962       14.51489       14.62521       14.47028       14.1979        13.91094       13.43361       12.88191       12.33987       11.99269       12.04377       12.45898       12.87505       12.78378       12.41304       12.13604       12.01815       12.08005       1.70141E+38    1.70141E+38    1.70141E+38    

12.35313       12.84017       13.5127        13.82425       14.27885       14.45704       14.14411       13.74913       13.31394       12.87159       12.34053       11.91625       11.87888       12.21604       12.62187       12.65836       12.51422       12.29998       12.14261       12.09463       1.70141E+38    1.70141E+38    1.70141E+38    

12.14892       12.37504       12.78492       13.03227       13.33506       13.62357       13.51877       13.20705       12.80156       12.4268        12.05651       11.77332       11.7076        11.94869       12.37782       12.74642       12.98457       12.91809       12.73218       12.62223       1.70141E+38    1.70141E+38    1.70141E+38    

12.13343       12.19993       12.4436        12.66117       12.79374       12.9117        12.9324        12.8415        12.60599       12.31884       12.00385       11.73463       11.68279       11.8084        12.26286       12.93528       13.64242       13.8964        13.74049       13.57008       1.70141E+38    1.70141E+38    1.70141E+38    

12.52457       12.47872       12.67402       12.92792       12.94871       12.98539       12.99005       12.94494       12.80761       12.62019       12.31133       11.92583       11.73493       11.80187       12.18929       12.89619       13.71035       14.38586       14.62795       14.57585       1.70141E+38    1.70141E+38    1.70141E+38    

13.23701       13.23778       13.50039       13.77305       13.72388       13.63266       13.59301       13.59953       13.51569       13.33958       12.86048       12.20809       11.87809       11.90277       12.26889       12.898         13.6128        14.38597       15.08488       15.37533       1.70141E+38    1.70141E+38    1.70141E+38    

14.17002       14.21024       14.30294       14.46247       14.44162       14.2434        14.25814       14.29905       14.1291        13.60959       12.97063       12.32303       12.07924       12.13704       12.42709       12.90723       13.51666       14.23751       14.93701       15.58639       1.70141E+38    1.70141E+38    1.70141E+38    

14.50235       14.25721       14.00339       13.85157       13.86672       13.92673       13.96507       14.00031       13.82298       13.25271       12.63309       12.23607       12.15766       12.46979       12.79765       13.06782       13.39222       13.79441       14.27295       14.84696       1.70141E+38    1.70141E+38    1.70141E+38    

13.94076       13.61406       13.48756       13.40924       13.47042       13.52046       13.56522       13.45033       13.23737       12.8277        12.39421       12.13558       12.11975       12.45758       13.01283       13.4194        13.63034       13.77127       13.92752       14.25544       1.70141E+38    1.70141E+38    1.70141E+38    

13.80335       13.59756       13.60588       13.66967       13.71713       13.70514       13.58904       13.23992       12.8536        12.58324       12.37956       12.2332        12.12598       12.24235       12.63251       13.17291       13.75783       14.15496       14.2665        14.31178       1.70141E+38    1.70141E+38    1.70141E+38    

14.18286       14.07529       14.0754        14.0314        13.9099        13.75579       13.4908        13.13528       12.81859       12.61745       12.57613       12.59326       12.42841       12.307         12.38997       12.59611       13.0941        13.93467       26.00776       25.31589       1.70141E+38    1.70141E+38    1.70141E+38    

14.93625       14.62003       14.3109        13.93625       13.63337       13.39571       13.18474       13.06915       12.98547       12.91188       12.92291       13.11598       13.00817       12.74881       12.63964       12.49325       12.59157       13.08899       13.88767       26.79101       1.70141E+38    1.70141E+38    1.70141E+38    

1.70141E+38    1.70141E+38    1.70141E+38    1.70141E+38    1.70141E+38    1.70141E+38    1.70141E+38    1.70141E+38    1.70141E+38    1.70141E+38    1.70141E+38    1.70141E+38    1.70141E+38    1.70141E+38    1.70141E+38    1.70141E+38    1.70141E+38    1.70141E+38    1.70141E+38    1.70141E+38    1.70141E+38    1.70141E+38    1.70141E+38    

1.70141E+38    1.70141E+38    1.70141E+38    1.70141E+38    1.70141E+38    1.70141E+38    1.70141E+38    1.70141E+38    1.70141E+38    1.70141E+38    1.70141E+38    1.70141E+38    1.70141E+38    1.70141E+38    1.70141E+38    1.70141E+38    1.70141E+38    1.70141E+38    1.70141E+38    1.70141E+38    1.70141E+38    1.70141E+38    1.70141E+38    

1.70141E+38    1.70141E+38    1.70141E+38    1.70141E+38    1.70141E+38    1.70141E+38    1.70141E+38    1.70141E+38    1.70141E+38    1.70141E+38    1.70141E+38    1.70141E+38    1.70141E+38    1.70141E+38    1.70141E+38    1.70141E+38    1.70141E+38    1.70141E+38    1.70141E+38    1.70141E+38    1.70141E+38    1.70141E+38    1.70141E+38    

1.70141E+38    1.70141E+38    1.70141E+38    1.70141E+38    1.70141E+38    1.70141E+38    1.70141E+38    1.70141E+38    1.70141E+38    1.70141E+38    1.70141E+38    1.70141E+38    1.70141E+38    1.70141E+38    1.70141E+38    1.70141E+38    1.70141E+38    1.70141E+38    1.70141E+38    1.70141E+38    1.70141E+38    1.70141E+38    1.70141E+38    

1.70141E+38    1.70141E+38    1.70141E+38    1.70141E+38    1.70141E+38    1.70141E+38    1.70141E+38    1.70141E+38    1.70141E+38    1.70141E+38    1.70141E+38    1.70141E+38    1.70141E+38    1.70141E+38    1.70141E+38    1.70141E+38    1.70141E+38    1.70141E+38    1.70141E+38    1.70141E+38    1.70141E+38    1.70141E+38    1.70141E+38    

1.70141E+38    1.70141E+38    1.70141E+38    1.70141E+38    1.70141E+38    1.70141E+38    1.70141E+38    1.70141E+38    1.70141E+38    1.70141E+38    1.70141E+38    1.70141E+38    1.70141E+38    1.70141E+38    1.70141E+38    1.70141E+38    1.70141E+38    1.70141E+38    1.70141E+38    1.70141E+38    1.70141E+38    1.70141E+38    1.70141E+38    

1.70141E+38    1.70141E+38    1.70141E+38    1.70141E+38    1.70141E+38    1.70141E+38    1.70141E+38    1.70141E+38    1.70141E+38    1.70141E+38    1.70141E+38    1.70141E+38    1.70141E+38    1.70141E+38    1.70141E+38    1.70141E+38    1.70141E+38    1.70141E+38    1.70141E+38    1.70141E+38    1.70141E+38    1.70141E+38    1.70141E+38    

1.70141E+38    1.70141E+38    1.70141E+38    1.70141E+38    1.70141E+38    1.70141E+38    1.70141E+38    1.70141E+38    1.70141E+38    1.70141E+38    1.70141E+38    1.70141E+38    1.70141E+38    1.70141E+38    1.70141E+38    1.70141E+38    1.70141E+38    1.70141E+38    1.70141E+38    1.70141E+38    1.70141E+38    1.70141E+38    1.70141E+38    

