py_wake/examples/data/ParqueFicticio/Ridge area   Sector 4   Height 30m   Mean speed.grd
DSAA
23  33
 262878   265078
 6504214   6507414
 .4558666   9.424072
1.70141E+38    1.70141E+38    1.70141E+38    1.70141E+38    1.70141E+38    1.70141E+38    1.70141E+38    1.70141E+38    1.70141E+38    1.70141E+38    1.70141E+38    1.70141E+38    1.70141E+38    1.70141E+38    1.70141E+38    1.70141E+38    1.70141E+38    1.70141E+38    1.70141E+38    1.70141E+38    1.70141E+38    1.70141E+38    1.70141E+38    

1.70141E+38    1.70141E+38    1.70141E+38    1.70141E+38    1.70141E+38    1.70141E+38    1.70141E+38    1.70141E+38    1.70141E+38    1.70141E+38    1.70141E+38    1.70141E+38    1.70141E+38    1.70141E+38    1.70141E+38    1.70141E+38    1.70141E+38    1.70141E+38    1.70141E+38    1.70141E+38    1.70141E+38    1.70141E+38    1.70141E+38    

1.70141E+38    1.70141E+38    1.70141E+38    1.70141E+38    1.70141E+38    1.70141E+38    1.70141E+38    1.70141E+38    1.70141E+38    1.70141E+38    1.70141E+38    1.70141E+38    1.70141E+38    1.70141E+38    1.70141E+38    1.70141E+38    1.70141E+38    1.70141E+38    1.70141E+38    1.70141E+38    1.70141E+38    1.70141E+38    1.70141E+38    

1.70141E+38    1.70141E+38    1.70141E+38    1.70141E+38    1.70141E+38    1.70141E+38    1.70141E+38    1.70141E+38    1.70141E+38    1.70141E+38    1.70141E+38    1.70141E+38    1.70141E+38    1.70141E+38    1.70141E+38    1.70141E+38    1.70141E+38    1.70141E+38    1.70141E+38    1.70141E+38    1.70141E+38    1.70141E+38    1.70141E+38    

1.70141E+38    1.70141E+38    1.70141E+38    1.70141E+38    1.70141E+38    1.70141E+38    1.70141E+38    1.70141E+38    1.70141E+38    1.70141E+38    1.70141E+38    1.70141E+38    1.70141E+38    1.70141E+38    1.70141E+38    1.70141E+38    1.70141E+38    1.70141E+38    1.70141E+38    1.70141E+38    1.70141E+38    1.70141E+38    1.70141E+38    

2.643636       2.516917       2.463315       2.694469       3.155637       3.815209       4.308484       5.10553        5.664564       6.643805       7.829942       8.376789       8.457587       7.13452        5.244025       3.605582       1.177126       .9929216       .8547382       3.12255        1.70141E+38    1.70141E+38    1.70141E+38    

2.429112       2.348852       2.24166        2.308779       2.63443        3.147196       3.939526       5.030549       6.040851       6.927824       8.079308       8.714455       8.231593       6.272898       4.152316       2.582248       .9438376       .8285854       .5435167       5.327324       1.70141E+38    1.70141E+38    1.70141E+38    

2.056603       2.186723       2.325602       2.159743       1.95843        1.993735       2.363373       3.364876       4.957112       6.454358       7.87728        8.775521       7.680045       5.265128       3.404218       2.050774       .5349531       .5184918       2.683122       6.443728       1.70141E+38    1.70141E+38    1.70141E+38    

1.66488        1.758236       1.930924       1.898013       1.687185       1.601557       1.695912       2.243152       3.493661       5.256221       7.359129       8.650568       7.079564       4.5979         2.915231       1.633228       .5921667       .6750662       4.236077       7.051175       1.70141E+38    1.70141E+38    1.70141E+38    

1.376722       1.380843       1.497176       1.566191       1.527731       1.750358       2.283719       3.446199       4.48719        5.61189        7.088278       8.366039       7.047809       4.82881        2.992692       1.285511       .6079779       .8405857       4.540574       7.306012       1.70141E+38    1.70141E+38    1.70141E+38    

1.286177       1.034574       1.203817       1.579572       1.894773       2.297115       3.075906       4.555259       5.829799       6.480361       7.32607        8.383673       7.502333       5.406357       3.051607       .4558666       .5271265       1.977791       5.692447       7.51409        1.70141E+38    1.70141E+38    1.70141E+38    

1.40939        .7030603       .6880459       1.225592       1.920097       2.645841       3.243074       4.581355       5.872928       6.718812       7.443814       8.437311       7.721271       5.34919        2.791454       .485409        2.388574       5.507695       6.948164       7.640109       1.70141E+38    1.70141E+38    1.70141E+38    

2.176868       1.050025       .5094694       .5039799       .7422498       1.118881       1.467979       2.642477       4.378932       5.93295        7.198361       8.403471       7.984437       5.446387       2.810903       1.751171       5.047865       6.942785       7.59979        7.600842       1.70141E+38    1.70141E+38    1.70141E+38    

3.229093       1.99039        .9598096       .5845095       .8190286       .8829737       .7792712       .5200881       1.42988        3.707398       6.625004       8.52529        8.327029       5.911489       3.950808       4.260711       6.256978       7.344246       7.710497       7.338287       1.70141E+38    1.70141E+38    1.70141E+38    

3.970239       3.0585         1.909063       1.621425       .886484        .5002055       .7444272       1.47826        2.53308        4.025949       6.75654        8.715831       8.704741       7.051          5.777988       5.907676       6.342368       6.950099       7.181485       6.847557       1.70141E+38    1.70141E+38    1.70141E+38    

4.437611       4.191091       3.177673       3.018967       2.529569       1.949591       2.298524       3.236243       4.898969       6.394145       7.728814       8.796667       8.947838       8.07085        6.8446         6.002851       5.136544       5.531034       6.160461       6.027095       1.70141E+38    1.70141E+38    1.70141E+38    

4.901362       5.026447       4.288278       3.940122       4.115429       4.221191       4.547002       5.017926       6.006851       6.935249       7.880894       8.824509       8.908278       8.717735       7.396152       5.713177       3.904343       3.400179       4.253386       4.921652       1.70141E+38    1.70141E+38    1.70141E+38    

4.831648       5.114627       4.44017        3.837509       4.489029       4.858823       5.275719       5.707207       6.316616       6.654876       7.297431       8.500664       9.152306       9.068051       7.819932       6.122848       4.687158       3.456621       3.197313       3.777123       1.70141E+38    1.70141E+38    1.70141E+38    

4.442842       4.222661       3.459961       3.103408       3.590065       4.087944       4.464652       4.554214       4.643073       4.555476       6.025201       8.485184       9.424072       9.08412        7.698632       6.31484        5.344205       4.27029        3.220554       2.687451       1.70141E+38    1.70141E+38    1.70141E+38    

3.386132       2.91397        2.534905       2.238008       2.241267       2.520517       2.189245       1.613665       1.625898       3.025007       6.142144       8.800205       9.332012       8.661668       7.458973       6.357558       5.613822       4.879384       4.224678       3.222498       1.70141E+38    1.70141E+38    1.70141E+38    

2.648607       2.584856       2.693551       2.829482       2.582279       2.224267       1.862471       1.318666       1.342923       4.718677       7.774215       9.060965       9.239464       7.602784       6.764221       6.345294       5.978732       5.646086       5.391306       4.91558        1.70141E+38    1.70141E+38    1.70141E+38    

3.342912       3.759565       3.806709       3.940708       3.549116       3.333297       3.013578       3.635522       5.030926       6.866822       8.242809       9.003205       8.833981       7.297501       6.093175       5.809536       5.795506       5.824317       5.89832        5.679597       1.70141E+38    1.70141E+38    1.70141E+38    

3.421208       3.741678       3.484767       3.077282       2.561972       2.378622       2.74004        4.960025       6.979929       7.798134       8.233129       8.38865        8.369513       7.44969        6.334378       5.774118       5.388638       5.296852       5.588913       5.702289       1.70141E+38    1.70141E+38    1.70141E+38    

2.382659       2.319551       1.947627       1.60992        1.326799       1.374984       3.375932       5.78246        7.234835       7.968812       7.840703       7.289972       7.513321       7.359907       6.672073       6.436076       5.886374       5.212473       5.018548       5.136948       1.70141E+38    1.70141E+38    1.70141E+38    

1.173692       1.125455       .9516043       .9695141       1.604012       3.712169       5.790848       6.628139       7.107173       7.46371        7.279928       6.193583       6.379685       6.565237       6.068584       6.566156       6.582695       5.839416       5.244327       5.052013       1.70141E+38    1.70141E+38    1.70141E+38    

1.70141E+38    1.70141E+38    1.70141E+38    1.70141E+38    1.70141E+38    1.70141E+38    1.70141E+38    1.70141E+38    1.70141E+38    1.70141E+38    1.70141E+38    1.70141E+38    1.70141E+38    1.70141E+38    1.70141E+38    1.70141E+38    1.70141E+38    1.70141E+38    1.70141E+38    1.70141E+38    1.70141E+38    1.70141E+38    1.70141E+38    

1.70141E+38    1.70141E+38    1.70141E+38    1.70141E+38    1.70141E+38    1.70141E+38    1.70141E+38    1.70141E+38    1.70141E+38    1.70141E+38    1.70141E+38    1.70141E+38    1.70141E+38    1.70141E+38    1.70141E+38    1.70141E+38    1.70141E+38    1.70141E+38    1.70141E+38    1.70141E+38    1.70141E+38    1.70141E+38    1.70141E+38    

1.70141E+38    1.70141E+38    1.70141E+38    1.70141E+38    1.70141E+38    1.70141E+38    1.70141E+38    1.70141E+38    1.70141E+38    1.70141E+38    1.70141E+38    1.70141E+38    1.70141E+38    1.70141E+38    1.70141E+38    1.70141E+38    1.70141E+38    1.70141E+38    1.70141E+38    1.70141E+38    1.70141E+38    1.70141E+38    1.70141E+38    

1.70141E+38    1.70141E+38    1.70141E+38    1.70141E+38    1.70141E+38    1.70141E+38    1.70141E+38    1.70141E+38    1.70141E+38    1.70141E+38    1.70141E+38    1.70141E+38    1.70141E+38    1.70141E+38    1.70141E+38    1.70141E+38    1.70141E+38    1.70141E+38    1.70141E+38    1.70141E+38    1.70141E+38    1.70141E+38    1.70141E+38    

1.70141E+38    1.70141E+38    1.70141E+38    1.70141E+38    1.70141E+38    1.70141E+38    1.70141E+38    1.70141E+38    1.70141E+38    1.70141E+38    1.70141E+38    1.70141E+38    1.70141E+38    1.70141E+38    1.70141E+38    1.70141E+38    1.70141E+38    1.70141E+38    1.70141E+38    1.70141E+38    1.70141E+38    1.70141E+38    1.70141E+38    

1.70141E+38    1.70141E+38    1.70141E+38    1.70141E+38    1.70141E+38    1.70141E+38    1.70141E+38    1.70141E+38    1.70141E+38    1.70141E+38    1.70141E+38    1.70141E+38    1.70141E+38    1.70141E+38    1.70141E+38    1.70141E+38    1.70141E+38    1.70141E+38    1.70141E+38    1.70141E+38    1.70141E+38    1.70141E+38    1.70141E+38    

1.70141E+38    1.70141E+38    1.70141E+38    1.70141E+38    1.70141E+38    1.70141E+38    1.70141E+38    1.70141E+38    1.70141E+38    1.70141E+38    1.70141E+38    1.70141E+38    1.70141E+38    1.70141E+38    1.70141E+38    1.70141E+38    1.70141E+38    1.70141E+38    1.70141E+38    1.70141E+38    1.70141E+38    1.70141E+38    1.70141E+38    

1.70141E+38    1.70141E+38    1.70141E+38    1.70141E+38    1.70141E+38    1.70141E+38    1.70141E+38    1.70141E+38    1.70141E+38    1.70141E+38    1.70141E+38    1.70141E+38    1.70141E+38    1.70141E+38    1.70141E+38    1.70141E+38    1.70141E+38    1.70141E+38    1.70141E+38    1.70141E+38    1.70141E+38    1.70141E+38    1.70141E+38    

