py_wake/examples/data/ParqueFicticio/Ridge area   Sector 11   Height 200m   Orographic speed.grd
DSAA
23  33
 262878   265078
 6504214   6507414
 .4113718   1.272446
1.70141E+38    1.70141E+38    1.70141E+38    1.70141E+38    1.70141E+38    1.70141E+38    1.70141E+38    1.70141E+38    1.70141E+38    1.70141E+38    1.70141E+38    1.70141E+38    1.70141E+38    1.70141E+38    1.70141E+38    1.70141E+38    1.70141E+38    1.70141E+38    1.70141E+38    1.70141E+38    1.70141E+38    1.70141E+38    1.70141E+38    

1.70141E+38    1.70141E+38    1.70141E+38    1.70141E+38    1.70141E+38    1.70141E+38    1.70141E+38    1.70141E+38    1.70141E+38    1.70141E+38    1.70141E+38    1.70141E+38    1.70141E+38    1.70141E+38    1.70141E+38    1.70141E+38    1.70141E+38    1.70141E+38    1.70141E+38    1.70141E+38    1.70141E+38    1.70141E+38    1.70141E+38    

1.70141E+38    1.70141E+38    1.70141E+38    1.70141E+38    1.70141E+38    1.70141E+38    1.70141E+38    1.70141E+38    1.70141E+38    1.70141E+38    1.70141E+38    1.70141E+38    1.70141E+38    1.70141E+38    1.70141E+38    1.70141E+38    1.70141E+38    1.70141E+38    1.70141E+38    1.70141E+38    1.70141E+38    1.70141E+38    1.70141E+38    

1.70141E+38    1.70141E+38    1.70141E+38    1.70141E+38    1.70141E+38    1.70141E+38    1.70141E+38    1.70141E+38    1.70141E+38    1.70141E+38    1.70141E+38    1.70141E+38    1.70141E+38    1.70141E+38    1.70141E+38    1.70141E+38    1.70141E+38    1.70141E+38    1.70141E+38    1.70141E+38    1.70141E+38    1.70141E+38    1.70141E+38    

1.70141E+38    1.70141E+38    1.70141E+38    1.70141E+38    1.70141E+38    1.70141E+38    1.70141E+38    1.70141E+38    1.70141E+38    1.70141E+38    1.70141E+38    1.70141E+38    1.70141E+38    1.70141E+38    1.70141E+38    1.70141E+38    1.70141E+38    1.70141E+38    1.70141E+38    1.70141E+38    1.70141E+38    1.70141E+38    1.70141E+38    

1.026574       1.038716       1.055211       1.078082       1.104703       1.132075       1.156621       1.180051       1.19943        1.213393       1.215928       1.206781       1.189794       1.16161        1.113148       1.009997       .6345162       .4113718       .4923443       .724591        1.70141E+38    1.70141E+38    1.70141E+38    

1.022662       1.033075       1.044061       1.060128       1.083905       1.112347       1.143613       1.174713       1.200987       1.219967       1.226496       1.218454       1.197401       1.160044       1.102584       .8694891       .5306683       .5002959       .7375038       .9669005       1.70141E+38    1.70141E+38    1.70141E+38    

1.014454       1.029396       1.044946       1.055082       1.066984       1.087695       1.11712        1.153373       1.189312       1.217541       1.231268       1.226376       1.203321       1.160602       1.098861       .8702437       .6576652       .7507311       .9912279       1.073697       1.70141E+38    1.70141E+38    1.70141E+38    

1.003848       1.01815        1.038116       1.053988       1.067882       1.086813       1.111947       1.143252       1.176898       1.210369       1.232767       1.232671       1.210363       1.16632        1.11269        1.028571       .9037294       .9770928       1.077017       1.09847        1.70141E+38    1.70141E+38    1.70141E+38    

.9968773       1.006079       1.027496       1.049231       1.068966       1.094818       1.126934       1.161928       1.190861       1.216715       1.23782        1.240237       1.221438       1.183958       1.137046       1.082724       1.026106       1.048337       1.095643       1.111218       1.70141E+38    1.70141E+38    1.70141E+38    

1.00747        .9998065       1.017933       1.045447       1.071034       1.098755       1.133947       1.173586       1.206401       1.231293       1.248615       1.250784       1.23438        1.200954       1.153469       1.100479       1.080213       1.096172       1.112714       1.120604       1.70141E+38    1.70141E+38    1.70141E+38    

1.035673       1.006669       1.00886        1.035276       1.064784       1.095011       1.127462       1.168025       1.205899       1.236263       1.256591       1.260691       1.246074       1.21158        1.161969       1.11956        1.121648       1.133596       1.138606       1.135513       1.70141E+38    1.70141E+38    1.70141E+38    

1.070512       1.034019       1.008687       1.017347       1.041362       1.069392       1.099517       1.141816       1.189267       1.230075       1.258527       1.267229       1.255108       1.22094        1.171305       1.141868       1.151727       1.159827       1.159453       1.15093        1.70141E+38    1.70141E+38    1.70141E+38    

1.096517       1.06966        1.032542       1.021634       1.020629       1.040813       1.073095       1.110748       1.160694       1.213016       1.2543         1.269547       1.261416       1.230038       1.185747       1.163531       1.163854       1.16703        1.166295       1.158981       1.70141E+38    1.70141E+38    1.70141E+38    

1.110666       1.096          1.068534       1.057804       1.044423       1.048159       1.079333       1.11766        1.161014       1.206444       1.249276       1.269574       1.266171       1.240635       1.201323       1.173992       1.160591       1.157545       1.156729       1.153324       1.70141E+38    1.70141E+38    1.70141E+38    

1.116221       1.112514       1.097529       1.090354       1.08536        1.084029       1.103644       1.135568       1.174002       1.212741       1.248419       1.269336       1.269782       1.249834       1.213908       1.176472       1.145677       1.132232       1.129517       1.127656       1.70141E+38    1.70141E+38    1.70141E+38    

1.112332       1.116145       1.1091         1.103917       1.106369       1.112347       1.125323       1.146608       1.176936       1.211328       1.24554        1.268375       1.272446       1.256063       1.222276       1.17526        1.123257       1.090513       1.084157       1.08641        1.70141E+38    1.70141E+38    1.70141E+38    

1.09541        1.104549       1.099761       1.092789       1.100188       1.110025       1.123875       1.143154       1.169223       1.200187       1.236773       1.265294       1.272197       1.259326       1.22904        1.182627       1.129075       1.077913       1.048772       1.047606       1.70141E+38    1.70141E+38    1.70141E+38    

1.069197       1.077834       1.070497       1.06168        1.070907       1.086526       1.103064       1.12068        1.145251       1.176458       1.221696       1.258837       1.268572       1.258854       1.231162       1.187829       1.140918       1.091545       1.04423        1.02279        1.70141E+38    1.70141E+38    1.70141E+38    

1.038733       1.046357       1.046649       1.043429       1.048958       1.066798       1.080107       1.095291       1.12429        1.170204       1.218928       1.253261       1.263244       1.254018       1.228284       1.191199       1.150301       1.106758       1.06538        1.028089       1.70141E+38    1.70141E+38    1.70141E+38    

1.026879       1.043218       1.056982       1.067552       1.074433       1.083402       1.097045       1.113077       1.140226       1.184482       1.225446       1.250445       1.258206       1.245855       1.216542       1.187222       1.159418       1.131073       1.100586       1.066215       1.70141E+38    1.70141E+38    1.70141E+38    

1.038563       1.058116       1.070484       1.081648       1.088956       1.099403       1.11366        1.136821       1.16401        1.197236       1.227097       1.247063       1.254271       1.242636       1.208818       1.175957       1.153796       1.136399       1.118981       1.093843       1.70141E+38    1.70141E+38    1.70141E+38    

1.037272       1.053884       1.062236       1.068158       1.076223       1.090131       1.112509       1.146721       1.178302       1.20324        1.223454       1.239133       1.247355       1.24202        1.219779       1.187523       1.154035       1.127782       1.111773       1.095692       1.70141E+38    1.70141E+38    1.70141E+38    

1.019154       1.032317       1.04072        1.051011       1.067665       1.090283       1.12105        1.154343       1.181808       1.202239       1.215297       1.223018       1.231356       1.232322       1.221854       1.205365       1.180087       1.141966       1.106566       1.080334       1.70141E+38    1.70141E+38    1.70141E+38    

.9895203       1.008346       1.027345       1.052514       1.08037        1.110345       1.13946        1.1619         1.17996        1.195029       1.203622       1.201318       1.203002       1.207383       1.204413       1.202954       1.194603       1.172377       1.13683        1.099478       1.70141E+38    1.70141E+38    1.70141E+38    

1.70141E+38    1.70141E+38    1.70141E+38    1.70141E+38    1.70141E+38    1.70141E+38    1.70141E+38    1.70141E+38    1.70141E+38    1.70141E+38    1.70141E+38    1.70141E+38    1.70141E+38    1.70141E+38    1.70141E+38    1.70141E+38    1.70141E+38    1.70141E+38    1.70141E+38    1.70141E+38    1.70141E+38    1.70141E+38    1.70141E+38    

1.70141E+38    1.70141E+38    1.70141E+38    1.70141E+38    1.70141E+38    1.70141E+38    1.70141E+38    1.70141E+38    1.70141E+38    1.70141E+38    1.70141E+38    1.70141E+38    1.70141E+38    1.70141E+38    1.70141E+38    1.70141E+38    1.70141E+38    1.70141E+38    1.70141E+38    1.70141E+38    1.70141E+38    1.70141E+38    1.70141E+38    

1.70141E+38    1.70141E+38    1.70141E+38    1.70141E+38    1.70141E+38    1.70141E+38    1.70141E+38    1.70141E+38    1.70141E+38    1.70141E+38    1.70141E+38    1.70141E+38    1.70141E+38    1.70141E+38    1.70141E+38    1.70141E+38    1.70141E+38    1.70141E+38    1.70141E+38    1.70141E+38    1.70141E+38    1.70141E+38    1.70141E+38    

1.70141E+38    1.70141E+38    1.70141E+38    1.70141E+38    1.70141E+38    1.70141E+38    1.70141E+38    1.70141E+38    1.70141E+38    1.70141E+38    1.70141E+38    1.70141E+38    1.70141E+38    1.70141E+38    1.70141E+38    1.70141E+38    1.70141E+38    1.70141E+38    1.70141E+38    1.70141E+38    1.70141E+38    1.70141E+38    1.70141E+38    

1.70141E+38    1.70141E+38    1.70141E+38    1.70141E+38    1.70141E+38    1.70141E+38    1.70141E+38    1.70141E+38    1.70141E+38    1.70141E+38    1.70141E+38    1.70141E+38    1.70141E+38    1.70141E+38    1.70141E+38    1.70141E+38    1.70141E+38    1.70141E+38    1.70141E+38    1.70141E+38    1.70141E+38    1.70141E+38    1.70141E+38    

1.70141E+38    1.70141E+38    1.70141E+38    1.70141E+38    1.70141E+38    1.70141E+38    1.70141E+38    1.70141E+38    1.70141E+38    1.70141E+38    1.70141E+38    1.70141E+38    1.70141E+38    1.70141E+38    1.70141E+38    1.70141E+38    1.70141E+38    1.70141E+38    1.70141E+38    1.70141E+38    1.70141E+38    1.70141E+38    1.70141E+38    

1.70141E+38    1.70141E+38    1.70141E+38    1.70141E+38    1.70141E+38    1.70141E+38    1.70141E+38    1.70141E+38    1.70141E+38    1.70141E+38    1.70141E+38    1.70141E+38    1.70141E+38    1.70141E+38    1.70141E+38    1.70141E+38    1.70141E+38    1.70141E+38    1.70141E+38    1.70141E+38    1.70141E+38    1.70141E+38    1.70141E+38    

1.70141E+38    1.70141E+38    1.70141E+38    1.70141E+38    1.70141E+38    1.70141E+38    1.70141E+38    1.70141E+38    1.70141E+38    1.70141E+38    1.70141E+38    1.70141E+38    1.70141E+38    1.70141E+38    1.70141E+38    1.70141E+38    1.70141E+38    1.70141E+38    1.70141E+38    1.70141E+38    1.70141E+38    1.70141E+38    1.70141E+38    

