py_wake/examples/data/ParqueFicticio/Ridge area   Sector 7   Height 30m   Mean speed.grd
DSAA
23  33
 262878   265078
 6504214   6507414
 .6835818   6.130064
1.70141E+38    1.70141E+38    1.70141E+38    1.70141E+38    1.70141E+38    1.70141E+38    1.70141E+38    1.70141E+38    1.70141E+38    1.70141E+38    1.70141E+38    1.70141E+38    1.70141E+38    1.70141E+38    1.70141E+38    1.70141E+38    1.70141E+38    1.70141E+38    1.70141E+38    1.70141E+38    1.70141E+38    1.70141E+38    1.70141E+38    

1.70141E+38    1.70141E+38    1.70141E+38    1.70141E+38    1.70141E+38    1.70141E+38    1.70141E+38    1.70141E+38    1.70141E+38    1.70141E+38    1.70141E+38    1.70141E+38    1.70141E+38    1.70141E+38    1.70141E+38    1.70141E+38    1.70141E+38    1.70141E+38    1.70141E+38    1.70141E+38    1.70141E+38    1.70141E+38    1.70141E+38    

1.70141E+38    1.70141E+38    1.70141E+38    1.70141E+38    1.70141E+38    1.70141E+38    1.70141E+38    1.70141E+38    1.70141E+38    1.70141E+38    1.70141E+38    1.70141E+38    1.70141E+38    1.70141E+38    1.70141E+38    1.70141E+38    1.70141E+38    1.70141E+38    1.70141E+38    1.70141E+38    1.70141E+38    1.70141E+38    1.70141E+38    

1.70141E+38    1.70141E+38    1.70141E+38    1.70141E+38    1.70141E+38    1.70141E+38    1.70141E+38    1.70141E+38    1.70141E+38    1.70141E+38    1.70141E+38    1.70141E+38    1.70141E+38    1.70141E+38    1.70141E+38    1.70141E+38    1.70141E+38    1.70141E+38    1.70141E+38    1.70141E+38    1.70141E+38    1.70141E+38    1.70141E+38    

1.70141E+38    1.70141E+38    1.70141E+38    1.70141E+38    1.70141E+38    1.70141E+38    1.70141E+38    1.70141E+38    1.70141E+38    1.70141E+38    1.70141E+38    1.70141E+38    1.70141E+38    1.70141E+38    1.70141E+38    1.70141E+38    1.70141E+38    1.70141E+38    1.70141E+38    1.70141E+38    1.70141E+38    1.70141E+38    1.70141E+38    

3.531265       3.578164       3.794362       4.125004       4.403762       4.643556       4.709351       4.667776       4.431783       4.275984       4.297082       4.258961       4.220072       3.93764        3.5495         2.106871       2.381688       2.139084       2.640443       3.403686       1.70141E+38    1.70141E+38    1.70141E+38    

3.734001       3.693588       3.628203       3.73824        3.967218       4.221          4.500158       4.737821       4.870838       4.702701       4.545013       4.420117       4.202103       3.673927       2.105688       2.25208        2.048391       2.165204       3.062968       3.559388       1.70141E+38    1.70141E+38    1.70141E+38    

3.706879       3.883055       3.945415       3.758564       3.473986       3.312985       3.326827       3.545959       3.964113       4.292707       4.447341       4.296774       3.959603       3.238423       1.709117       2.301508       2.374767       2.601736       3.637266       3.779878       1.70141E+38    1.70141E+38    1.70141E+38    

3.485904       3.680521       3.843453       3.868466       3.678534       3.332416       2.909075       2.705101       2.887542       3.399168       4.016881       4.244479       3.77296        2.650437       1.636024       2.284677       2.5341         2.897238       3.689851       3.991569       1.70141E+38    1.70141E+38    1.70141E+38    

3.150093       3.448735       3.714722       3.819132       3.784145       3.801715       3.785955       3.620702       3.344965       3.390224       3.77526        4.127212       3.960969       1.838621       2.130416       2.44188        3.001605       3.426579       3.742999       4.061397       1.70141E+38    1.70141E+38    1.70141E+38    

3.01206        3.198122       3.737135       4.155397       4.329942       4.41227        4.608602       4.811783       4.784929       4.462742       4.396523       4.482466       4.379587       4.305175       2.058325       3.053586       3.09016        3.857671       3.889908       4.321056       1.70141E+38    1.70141E+38    1.70141E+38    

3.133773       2.904178       3.279252       3.985809       4.527181       4.854466       4.935951       5.003343       5.133739       5.183988       4.969957       4.833387       4.618959       4.445912       2.676481       3.064738       3.659829       4.389301       4.532108       4.835203       1.70141E+38    1.70141E+38    1.70141E+38    

3.64752        2.97418        2.486958       2.782586       3.324043       3.65135        3.728524       3.846616       4.157737       4.507257       4.757531       4.843102       4.703128       4.479628       3.167412       3.664413       5.039052       5.477595       5.529307       5.424575       1.70141E+38    1.70141E+38    1.70141E+38    

4.496058       3.710187       2.754627       2.242601       1.615249       1.786969       2.173568       2.038011       2.451324       3.329221       4.180866       4.683216       4.66526        4.462511       4.298211       5.114297       5.871768       6.105934       6.130064       6.00656        1.70141E+38    1.70141E+38    1.70141E+38    

4.999006       4.540552       3.840368       3.395905       2.532179       2.086699       2.562615       2.886798       3.091502       3.401705       4.0798         4.734595       4.881813       4.659005       5.00169        5.428234       5.660179       5.665604       5.75486        5.912108       1.70141E+38    1.70141E+38    1.70141E+38    

5.33452        5.268529       4.953511       4.829717       4.301487       3.494782       3.643251       4.070006       4.459041       4.722763       4.970378       5.147604       5.246492       5.126099       5.296187       5.256336       4.79604        4.373034       4.366385       4.576334       1.70141E+38    1.70141E+38    1.70141E+38    

5.765434       5.840716       5.830215       5.805995       5.728137       5.486569       5.201245       5.046504       5.178775       5.288125       5.238876       5.254359       5.187285       5.257764       5.180067       4.686127       3.248378       1.613568       1.745868       2.454675       1.70141E+38    1.70141E+38    1.70141E+38    

4.977817       5.178062       5.099441       4.828623       4.978788       4.963451       4.931998       4.918823       4.860321       4.678804       4.513289       4.775614       5.03704        5.143892       5.063221       4.650987       3.356323       1.287818       1.283012       1.110428       1.70141E+38    1.70141E+38    1.70141E+38    

3.805444       2.629308       1.154435       1.223932       1.921287       2.707051       3.099472       2.966217       2.779412       2.552027       3.109981       4.183743       4.845935       4.989744       4.710116       2.122087       3.296325       1.741673       .8496826       .7050238       1.70141E+38    1.70141E+38    1.70141E+38    

1.862127       1.099055       1.346706       .858684        .6835818       .9733344       .9494147       .8022135       1.154217       2.263629       3.117748       4.17078        4.557265       4.557975       4.344792       3.944897       3.020929       1.907577       .995734        .8940325       1.70141E+38    1.70141E+38    1.70141E+38    

1.537819       1.331497       1.811957       2.248006       2.097379       2.004618       2.092594       2.034972       2.303268       3.329131       4.171697       4.59037        4.4525         3.549216       3.063232       3.214004       3.239509       1.760601       1.67663        1.448177       1.70141E+38    1.70141E+38    1.70141E+38    

3.136937       3.450403       3.833685       4.07395        3.708528       3.464692       3.403668       3.542205       3.644053       4.35526        4.925419       4.933003       4.528935       2.310957       1.891891       1.898532       2.077629       2.222714       2.147446       2.064731       1.70141E+38    1.70141E+38    1.70141E+38    

3.845195       3.935521       3.736567       3.292309       2.679008       2.636163       3.0383         3.866804       4.604088       4.924058       4.926881       4.595529       4.464803       2.652031       2.312834       2.097197       1.825074       1.855575       2.12013        2.175828       1.70141E+38    1.70141E+38    1.70141E+38    

3.289472       3.031015       2.688213       2.485489       2.269269       2.411701       3.145917       4.161942       4.693774       4.733607       4.277548       3.570115       3.530855       3.206622       1.724808       2.953733       2.885246       2.25465        1.957369       1.890463       1.70141E+38    1.70141E+38    1.70141E+38    

2.186732       2.249706       2.473101       2.972139       3.201241       3.525449       4.168581       4.41755        4.335551       3.957513       3.311951       2.521188       1.48363        1.832908       1.684959       2.474042       3.237379       2.515654       2.844966       2.191137       1.70141E+38    1.70141E+38    1.70141E+38    

1.70141E+38    1.70141E+38    1.70141E+38    1.70141E+38    1.70141E+38    1.70141E+38    1.70141E+38    1.70141E+38    1.70141E+38    1.70141E+38    1.70141E+38    1.70141E+38    1.70141E+38    1.70141E+38    1.70141E+38    1.70141E+38    1.70141E+38    1.70141E+38    1.70141E+38    1.70141E+38    1.70141E+38    1.70141E+38    1.70141E+38    

1.70141E+38    1.70141E+38    1.70141E+38    1.70141E+38    1.70141E+38    1.70141E+38    1.70141E+38    1.70141E+38    1.70141E+38    1.70141E+38    1.70141E+38    1.70141E+38    1.70141E+38    1.70141E+38    1.70141E+38    1.70141E+38    1.70141E+38    1.70141E+38    1.70141E+38    1.70141E+38    1.70141E+38    1.70141E+38    1.70141E+38    

1.70141E+38    1.70141E+38    1.70141E+38    1.70141E+38    1.70141E+38    1.70141E+38    1.70141E+38    1.70141E+38    1.70141E+38    1.70141E+38    1.70141E+38    1.70141E+38    1.70141E+38    1.70141E+38    1.70141E+38    1.70141E+38    1.70141E+38    1.70141E+38    1.70141E+38    1.70141E+38    1.70141E+38    1.70141E+38    1.70141E+38    

1.70141E+38    1.70141E+38    1.70141E+38    1.70141E+38    1.70141E+38    1.70141E+38    1.70141E+38    1.70141E+38    1.70141E+38    1.70141E+38    1.70141E+38    1.70141E+38    1.70141E+38    1.70141E+38    1.70141E+38    1.70141E+38    1.70141E+38    1.70141E+38    1.70141E+38    1.70141E+38    1.70141E+38    1.70141E+38    1.70141E+38    

1.70141E+38    1.70141E+38    1.70141E+38    1.70141E+38    1.70141E+38    1.70141E+38    1.70141E+38    1.70141E+38    1.70141E+38    1.70141E+38    1.70141E+38    1.70141E+38    1.70141E+38    1.70141E+38    1.70141E+38    1.70141E+38    1.70141E+38    1.70141E+38    1.70141E+38    1.70141E+38    1.70141E+38    1.70141E+38    1.70141E+38    

1.70141E+38    1.70141E+38    1.70141E+38    1.70141E+38    1.70141E+38    1.70141E+38    1.70141E+38    1.70141E+38    1.70141E+38    1.70141E+38    1.70141E+38    1.70141E+38    1.70141E+38    1.70141E+38    1.70141E+38    1.70141E+38    1.70141E+38    1.70141E+38    1.70141E+38    1.70141E+38    1.70141E+38    1.70141E+38    1.70141E+38    

1.70141E+38    1.70141E+38    1.70141E+38    1.70141E+38    1.70141E+38    1.70141E+38    1.70141E+38    1.70141E+38    1.70141E+38    1.70141E+38    1.70141E+38    1.70141E+38    1.70141E+38    1.70141E+38    1.70141E+38    1.70141E+38    1.70141E+38    1.70141E+38    1.70141E+38    1.70141E+38    1.70141E+38    1.70141E+38    1.70141E+38    

1.70141E+38    1.70141E+38    1.70141E+38    1.70141E+38    1.70141E+38    1.70141E+38    1.70141E+38    1.70141E+38    1.70141E+38    1.70141E+38    1.70141E+38    1.70141E+38    1.70141E+38    1.70141E+38    1.70141E+38    1.70141E+38    1.70141E+38    1.70141E+38    1.70141E+38    1.70141E+38    1.70141E+38    1.70141E+38    1.70141E+38    

