py_wake/examples/data/ParqueFicticio/Ridge area   Sector 11   Height 30m   Weibull-A.grd
DSAA
23  33
 262878   265078
 6504214   6507414
 .5341464   9.758252
1.70141E+38    1.70141E+38    1.70141E+38    1.70141E+38    1.70141E+38    1.70141E+38    1.70141E+38    1.70141E+38    1.70141E+38    1.70141E+38    1.70141E+38    1.70141E+38    1.70141E+38    1.70141E+38    1.70141E+38    1.70141E+38    1.70141E+38    1.70141E+38    1.70141E+38    1.70141E+38    1.70141E+38    1.70141E+38    1.70141E+38    

1.70141E+38    1.70141E+38    1.70141E+38    1.70141E+38    1.70141E+38    1.70141E+38    1.70141E+38    1.70141E+38    1.70141E+38    1.70141E+38    1.70141E+38    1.70141E+38    1.70141E+38    1.70141E+38    1.70141E+38    1.70141E+38    1.70141E+38    1.70141E+38    1.70141E+38    1.70141E+38    1.70141E+38    1.70141E+38    1.70141E+38    

1.70141E+38    1.70141E+38    1.70141E+38    1.70141E+38    1.70141E+38    1.70141E+38    1.70141E+38    1.70141E+38    1.70141E+38    1.70141E+38    1.70141E+38    1.70141E+38    1.70141E+38    1.70141E+38    1.70141E+38    1.70141E+38    1.70141E+38    1.70141E+38    1.70141E+38    1.70141E+38    1.70141E+38    1.70141E+38    1.70141E+38    

1.70141E+38    1.70141E+38    1.70141E+38    1.70141E+38    1.70141E+38    1.70141E+38    1.70141E+38    1.70141E+38    1.70141E+38    1.70141E+38    1.70141E+38    1.70141E+38    1.70141E+38    1.70141E+38    1.70141E+38    1.70141E+38    1.70141E+38    1.70141E+38    1.70141E+38    1.70141E+38    1.70141E+38    1.70141E+38    1.70141E+38    

1.70141E+38    1.70141E+38    1.70141E+38    1.70141E+38    1.70141E+38    1.70141E+38    1.70141E+38    1.70141E+38    1.70141E+38    1.70141E+38    1.70141E+38    1.70141E+38    1.70141E+38    1.70141E+38    1.70141E+38    1.70141E+38    1.70141E+38    1.70141E+38    1.70141E+38    1.70141E+38    1.70141E+38    1.70141E+38    1.70141E+38    

5.855519       5.945827       6.193293       6.7027         7.268631       7.996492       8.400568       8.754224       8.46837        8.567227       8.369856       7.743089       6.859586       3.197546       1.358075       1.369858       1.335271       1.261374       1.790228       3.264942       1.70141E+38    1.70141E+38    1.70141E+38    

5.99188        6.071478       5.948951       5.995689       6.39826        6.958304       7.661281       8.478127       9.074718       9.128633       8.855114       8.080133       6.195768       2.225823       1.240048       1.534742       1.306083       1.335512       1.89492        2.362128       1.70141E+38    1.70141E+38    1.70141E+38    

5.655536       6.0978         6.486545       6.189843       5.896534       5.909095       6.163089       6.677915       7.483285       8.270251       8.892795       8.090857       4.546615       1.482786       .8384203       .8845353       1.338034       1.705725       2.051751       2.972297       1.70141E+38    1.70141E+38    1.70141E+38    

5.159586       5.581229       6.171846       6.496776       6.387378       6.252777       6.00238        5.83882        5.904453       6.535384       7.934101       8.280008       4.437625       1.388144       .8669172       .6264281       1.398574       1.860649       2.887246       4.512126       1.70141E+38    1.70141E+38    1.70141E+38    

4.509637       4.87327        5.740133       6.371862       6.44091        6.648736       6.856088       7.044603       6.77567        6.598521       7.328675       8.084007       6.039209       2.06337        1.248305       .6729323       1.773331       1.91889        3.589657       5.602481       1.70141E+38    1.70141E+38    1.70141E+38    

4.428203       3.944476       5.077812       6.155532       6.585824       6.674408       7.19811        8.208993       8.578885       8.219474       8.19267        8.410749       7.133494       3.99644        1.603662       1.312662       2.067729       3.234502       4.370533       5.341596       1.70141E+38    1.70141E+38    1.70141E+38    

5.166656       3.289127       3.682813       4.741649       5.572337       6.442855       6.891341       7.790482       8.723145       9.163273       9.07837        8.947482       7.601609       3.361485       .9387415       1.721544       3.201121       4.564349       4.97974        5.351885       1.70141E+38    1.70141E+38    1.70141E+38    

6.443754       2.244392       2.028136       2.478137       3.326279       4.426462       4.998717       5.640975       6.887866       7.956161       8.743052       9.097824       7.788823       2.471789       1.568156       2.312005       4.409594       5.930403       6.270654       6.095256       1.70141E+38    1.70141E+38    1.70141E+38    

7.634004       3.305313       .8822994       1.288111       .9802343       1.461749       3.035485       3.597481       4.565605       5.874056       7.574042       8.927735       7.854864       3.252757       1.782212       3.266541       5.109366       6.494426       7.016416       6.556874       1.70141E+38    1.70141E+38    1.70141E+38    

8.323236       6.232944       1.576075       2.225122       1.51896        1.019131       3.288729       4.441885       5.314978       6.034292       7.428979       9.019398       8.786042       6.239464       3.757245       4.00917        4.272418       5.006917       5.586794       5.989905       1.70141E+38    1.70141E+38    1.70141E+38    

8.476307       7.885149       6.260043       6.237804       5.621952       4.646196       5.311676       6.348706       7.392698       8.00913        8.711648       9.503904       9.549168       8.345416       5.773427       2.757464       1.994579       2.496743       3.455425       4.267344       1.70141E+38    1.70141E+38    1.70141E+38    

8.37157        8.540854       7.788871       7.489618       7.653743       7.485012       7.432305       7.513125       7.957924       8.448086       9.072062       9.758252       9.540397       8.934294       6.209918       1.750115       .9486129       1.229615       2.419289       3.733833       1.70141E+38    1.70141E+38    1.70141E+38    

7.448759       8.016222       7.630811       6.91581        7.431924       7.520549       7.528231       7.588344       7.885777       8.018438       8.336048       9.200065       9.544656       9.010597       7.126173       2.840083       1.580939       1.242721       2.180247       1.326766       1.70141E+38    1.70141E+38    1.70141E+38    

6.752971       6.931117       6.501476       5.756438       5.863636       6.219058       6.481503       6.495317       6.651138       6.522884       6.830411       8.388915       9.137464       8.972093       7.423537       4.488835       1.340523       .9397438       .5341464       .6927407       1.70141E+38    1.70141E+38    1.70141E+38    

5.887542       5.80989        5.520762       4.702849       4.316113       4.859188       4.816491       4.626132       4.799675       5.931701       6.671378       8.151007       8.649816       8.417148       4.820363       6.263695       5.230011       .7826051       1.421313       2.324578       1.70141E+38    1.70141E+38    1.70141E+38    

5.787183       5.926492       6.225083       6.457316       6.195951       5.970744       6.033731       5.830474       5.801937       6.838486       7.901149       8.67177        8.721392       3.999528       2.516546       2.589123       4.044464       2.888994       3.182355       3.255192       1.70141E+38    1.70141E+38    1.70141E+38    

6.618717       7.03631        7.059965       7.250426       7.222736       7.27677        7.257942       7.405117       7.221335       7.592443       8.42457        9.111382       9.204502       7.719221       5.044368       4.435011       4.779564       4.866405       4.796877       3.795826       1.70141E+38    1.70141E+38    1.70141E+38    

6.554729       6.902514       6.768701       6.624732       6.486064       6.587084       6.670647       7.349743       8.046288       8.267868       8.410652       8.651647       9.35708        9.131018       7.338091       4.944038       2.60079        2.083912       2.317748       2.385397       1.70141E+38    1.70141E+38    1.70141E+38    

6.047782       6.233441       6.164272       6.148186       6.131036       6.285043       6.592146       7.24994        7.983728       8.381725       8.253561       7.64336        8.11477        8.873237       8.571656       7.736976       5.174347       1.047127       .873623        .7191743       1.70141E+38    1.70141E+38    1.70141E+38    

5.122388       5.582487       5.821303       6.267378       6.677295       7.047253       7.51506        7.689766       7.817508       8.027693       7.95107        6.702062       6.502892       7.075955       6.878386       7.947477       6.602825       4.665949       1.605641       1.167454       1.70141E+38    1.70141E+38    1.70141E+38    

1.70141E+38    1.70141E+38    1.70141E+38    1.70141E+38    1.70141E+38    1.70141E+38    1.70141E+38    1.70141E+38    1.70141E+38    1.70141E+38    1.70141E+38    1.70141E+38    1.70141E+38    1.70141E+38    1.70141E+38    1.70141E+38    1.70141E+38    1.70141E+38    1.70141E+38    1.70141E+38    1.70141E+38    1.70141E+38    1.70141E+38    

1.70141E+38    1.70141E+38    1.70141E+38    1.70141E+38    1.70141E+38    1.70141E+38    1.70141E+38    1.70141E+38    1.70141E+38    1.70141E+38    1.70141E+38    1.70141E+38    1.70141E+38    1.70141E+38    1.70141E+38    1.70141E+38    1.70141E+38    1.70141E+38    1.70141E+38    1.70141E+38    1.70141E+38    1.70141E+38    1.70141E+38    

1.70141E+38    1.70141E+38    1.70141E+38    1.70141E+38    1.70141E+38    1.70141E+38    1.70141E+38    1.70141E+38    1.70141E+38    1.70141E+38    1.70141E+38    1.70141E+38    1.70141E+38    1.70141E+38    1.70141E+38    1.70141E+38    1.70141E+38    1.70141E+38    1.70141E+38    1.70141E+38    1.70141E+38    1.70141E+38    1.70141E+38    

1.70141E+38    1.70141E+38    1.70141E+38    1.70141E+38    1.70141E+38    1.70141E+38    1.70141E+38    1.70141E+38    1.70141E+38    1.70141E+38    1.70141E+38    1.70141E+38    1.70141E+38    1.70141E+38    1.70141E+38    1.70141E+38    1.70141E+38    1.70141E+38    1.70141E+38    1.70141E+38    1.70141E+38    1.70141E+38    1.70141E+38    

1.70141E+38    1.70141E+38    1.70141E+38    1.70141E+38    1.70141E+38    1.70141E+38    1.70141E+38    1.70141E+38    1.70141E+38    1.70141E+38    1.70141E+38    1.70141E+38    1.70141E+38    1.70141E+38    1.70141E+38    1.70141E+38    1.70141E+38    1.70141E+38    1.70141E+38    1.70141E+38    1.70141E+38    1.70141E+38    1.70141E+38    

1.70141E+38    1.70141E+38    1.70141E+38    1.70141E+38    1.70141E+38    1.70141E+38    1.70141E+38    1.70141E+38    1.70141E+38    1.70141E+38    1.70141E+38    1.70141E+38    1.70141E+38    1.70141E+38    1.70141E+38    1.70141E+38    1.70141E+38    1.70141E+38    1.70141E+38    1.70141E+38    1.70141E+38    1.70141E+38    1.70141E+38    

1.70141E+38    1.70141E+38    1.70141E+38    1.70141E+38    1.70141E+38    1.70141E+38    1.70141E+38    1.70141E+38    1.70141E+38    1.70141E+38    1.70141E+38    1.70141E+38    1.70141E+38    1.70141E+38    1.70141E+38    1.70141E+38    1.70141E+38    1.70141E+38    1.70141E+38    1.70141E+38    1.70141E+38    1.70141E+38    1.70141E+38    

1.70141E+38    1.70141E+38    1.70141E+38    1.70141E+38    1.70141E+38    1.70141E+38    1.70141E+38    1.70141E+38    1.70141E+38    1.70141E+38    1.70141E+38    1.70141E+38    1.70141E+38    1.70141E+38    1.70141E+38    1.70141E+38    1.70141E+38    1.70141E+38    1.70141E+38    1.70141E+38    1.70141E+38    1.70141E+38    1.70141E+38    

