py_wake/examples/data/ParqueFicticio/Ridge area   Sector 8   Height 200m   Weibull-A.grd
DSAA
23  33
 262878   265078
 6504214   6507414
 1.034482   12.2108
1.70141E+38    1.70141E+38    1.70141E+38    1.70141E+38    1.70141E+38    1.70141E+38    1.70141E+38    1.70141E+38    1.70141E+38    1.70141E+38    1.70141E+38    1.70141E+38    1.70141E+38    1.70141E+38    1.70141E+38    1.70141E+38    1.70141E+38    1.70141E+38    1.70141E+38    1.70141E+38    1.70141E+38    1.70141E+38    1.70141E+38    

1.70141E+38    1.70141E+38    1.70141E+38    1.70141E+38    1.70141E+38    1.70141E+38    1.70141E+38    1.70141E+38    1.70141E+38    1.70141E+38    1.70141E+38    1.70141E+38    1.70141E+38    1.70141E+38    1.70141E+38    1.70141E+38    1.70141E+38    1.70141E+38    1.70141E+38    1.70141E+38    1.70141E+38    1.70141E+38    1.70141E+38    

1.70141E+38    1.70141E+38    1.70141E+38    1.70141E+38    1.70141E+38    1.70141E+38    1.70141E+38    1.70141E+38    1.70141E+38    1.70141E+38    1.70141E+38    1.70141E+38    1.70141E+38    1.70141E+38    1.70141E+38    1.70141E+38    1.70141E+38    1.70141E+38    1.70141E+38    1.70141E+38    1.70141E+38    1.70141E+38    1.70141E+38    

1.70141E+38    1.70141E+38    1.70141E+38    1.70141E+38    1.70141E+38    1.70141E+38    1.70141E+38    1.70141E+38    1.70141E+38    1.70141E+38    1.70141E+38    1.70141E+38    1.70141E+38    1.70141E+38    1.70141E+38    1.70141E+38    1.70141E+38    1.70141E+38    1.70141E+38    1.70141E+38    1.70141E+38    1.70141E+38    1.70141E+38    

1.70141E+38    1.70141E+38    1.70141E+38    1.70141E+38    1.70141E+38    1.70141E+38    1.70141E+38    1.70141E+38    1.70141E+38    1.70141E+38    1.70141E+38    1.70141E+38    1.70141E+38    1.70141E+38    1.70141E+38    1.70141E+38    1.70141E+38    1.70141E+38    1.70141E+38    1.70141E+38    1.70141E+38    1.70141E+38    1.70141E+38    

8.264442       8.304744       8.414906       8.596842       8.850544       9.0555         9.244049       9.458946       9.654884       9.866253       10.06142       10.18384       10.20815       10.0561        9.771295       9.386064       9.017403       8.761487       8.83957        9.29116        1.70141E+38    1.70141E+38    1.70141E+38    

8.34078        8.394412       8.478664       8.629417       8.825515       9.086758       9.324613       9.583239       9.801201       9.999855       10.16282       10.24977       10.20468       9.952133       9.582968       9.199423       8.88827        8.783805       9.128035       9.654405       1.70141E+38    1.70141E+38    1.70141E+38    

8.366907       8.483966       8.604048       8.679131       8.760865       8.953546       9.16252        9.438579       9.720001       9.973202       10.17165       10.2506        10.15937       9.845277       9.421185       9.123391       8.893072       8.969383       9.460667       9.925247       1.70141E+38    1.70141E+38    1.70141E+38    

8.354576       8.496887       8.644558       8.742645       8.816289       8.972681       9.1269         9.348287       9.606797       9.888709       10.15389       10.27131       10.15798       9.83726        9.466107       9.234184       9.038952       9.216159       9.75691        10.1466        1.70141E+38    1.70141E+38    1.70141E+38    

8.347822       8.515817       8.701917       8.85523        8.984599       9.16504        9.431458       9.677753       9.858103       10.03859       10.23674       10.35306       10.28399       10.05159       9.734862       9.500648       9.341017       9.527166       10.00479       10.36077       1.70141E+38    1.70141E+38    1.70141E+38    

8.466189       8.593896       8.834139       9.086816       9.301388       9.511447       9.794074       10.03976       10.21096       10.33038       10.43923       10.51749       10.47102       10.29986       10.00132       9.73943        9.768189       10.02528       10.38007       10.64125       1.70141E+38    1.70141E+38    1.70141E+38    

8.718781       8.716945       8.932275       9.238387       9.507095       9.736142       9.978304       10.17322       10.3365        10.46687       10.57559       10.64921       10.6208        10.46242       10.20604       10.0969        10.37358       10.66003       10.87675       10.97759       1.70141E+38    1.70141E+38    1.70141E+38    

9.081547       8.95526        8.965619       9.176791       9.422004       9.624177       9.784492       10.02452       10.24115       10.43137       10.60198       10.72384       10.73773       10.61618       10.44983       10.53976       10.87215       11.15035       11.25107       11.24995       1.70141E+38    1.70141E+38    1.70141E+38    

9.476238       9.371062       9.199984       9.19925        9.225163       9.359313       9.543653       9.770064       10.03108       10.32213       10.60856       10.80064       10.8576        10.7927        10.74646       10.93946       11.18809       11.37495       11.41312       11.37063       1.70141E+38    1.70141E+38    1.70141E+38    

9.817579       9.794473       9.681893       9.655699       9.534443       9.50264        9.696465       9.97266        10.21851       10.47245       10.74044       10.93222       11.00764       11.00324       11.02143       11.14263       11.26166       11.37972       11.37366       11.30607       1.70141E+38    1.70141E+38    1.70141E+38    

10.10946       10.1609        10.13894       10.13374       10.09137       10.05951       10.1488        10.38503       10.58804       10.77598       10.9407        11.06361       11.12776       11.14749       11.1504        11.1482        11.11523       11.07458       11.07868       11.00354       1.70141E+38    1.70141E+38    1.70141E+38    

10.2903        10.35545       10.36711       10.37315       10.40141       10.44441       10.49698       10.58557       10.75931       10.88277       11.00372       11.10287       11.16013       11.18174       11.14034       11.00486       10.74775       10.52716       10.49789       10.46782       1.70141E+38    1.70141E+38    1.70141E+38    

10.26121       10.31495       10.32508       10.31816       10.38878       10.46156       10.50631       10.57433       10.7078        10.78927       10.90853       11.04316       11.12649       11.13762       11.04966       10.83014       10.47453       10.05102       9.825399       9.798324       1.70141E+38    1.70141E+38    1.70141E+38    

10.00643       10.01498       9.983025       9.985577       10.09157       10.19897       10.24667       10.29628       10.41104       10.50251       10.71782       10.96662       11.06578       11.04083       10.89123       10.61625       10.26511       9.797635       9.272717       9.065964       1.70141E+38    1.70141E+38    1.70141E+38    

9.598516       9.557007       9.566517       9.658995       9.782645       9.901281       9.914313       9.935406       10.06746       10.41349       10.73285       10.96318       10.99455       10.89373       10.68659       10.40122       10.06569       9.625271       9.120027       8.704618       1.70141E+38    1.70141E+38    1.70141E+38    

9.419642       9.520842       9.682473       9.83798        9.925009       9.962427       10.00176       10.07093       10.25921       10.64245       10.89717       10.98491       10.92574       10.67972       10.37686       10.14405       9.928402       9.67745        9.357754       9.025842       1.70141E+38    1.70141E+38    1.70141E+38    

9.714326       9.856299       9.949557       10.02913       10.06426       10.11015       10.18727       10.3791        10.61176       10.87714       10.9827        10.96522       10.83375       10.52741       10.09892       9.734472       9.554442       9.484061       9.387453       9.132161       1.70141E+38    1.70141E+38    1.70141E+38    

9.856235       9.923592       9.927373       9.911925       9.938565       10.05253       10.27873       10.60511       10.83781       10.92753       10.95181       10.83804       10.67238       10.43292       10.08686       9.643032       8.882655       8.614361       8.858379       8.848536       1.70141E+38    1.70141E+38    1.70141E+38    

9.736651       9.736681       9.717113       9.748365       9.907244       10.17559       10.52057       10.79023       10.90398       10.88994       10.79911       10.56107       10.37518       10.22534       10.01831       9.803519       9.193748       1.034482       10.58229       9.825547       1.70141E+38    1.70141E+38    1.70141E+38    

9.460783       9.535592       9.677029       9.936054       10.22919       10.52599       10.75801       10.86772       10.85518       10.73091       10.55401       10.20897       9.951455       9.792002       9.611241       9.668489       9.574784       8.701063       3.90292        12.2108        1.70141E+38    1.70141E+38    1.70141E+38    

1.70141E+38    1.70141E+38    1.70141E+38    1.70141E+38    1.70141E+38    1.70141E+38    1.70141E+38    1.70141E+38    1.70141E+38    1.70141E+38    1.70141E+38    1.70141E+38    1.70141E+38    1.70141E+38    1.70141E+38    1.70141E+38    1.70141E+38    1.70141E+38    1.70141E+38    1.70141E+38    1.70141E+38    1.70141E+38    1.70141E+38    

1.70141E+38    1.70141E+38    1.70141E+38    1.70141E+38    1.70141E+38    1.70141E+38    1.70141E+38    1.70141E+38    1.70141E+38    1.70141E+38    1.70141E+38    1.70141E+38    1.70141E+38    1.70141E+38    1.70141E+38    1.70141E+38    1.70141E+38    1.70141E+38    1.70141E+38    1.70141E+38    1.70141E+38    1.70141E+38    1.70141E+38    

1.70141E+38    1.70141E+38    1.70141E+38    1.70141E+38    1.70141E+38    1.70141E+38    1.70141E+38    1.70141E+38    1.70141E+38    1.70141E+38    1.70141E+38    1.70141E+38    1.70141E+38    1.70141E+38    1.70141E+38    1.70141E+38    1.70141E+38    1.70141E+38    1.70141E+38    1.70141E+38    1.70141E+38    1.70141E+38    1.70141E+38    

1.70141E+38    1.70141E+38    1.70141E+38    1.70141E+38    1.70141E+38    1.70141E+38    1.70141E+38    1.70141E+38    1.70141E+38    1.70141E+38    1.70141E+38    1.70141E+38    1.70141E+38    1.70141E+38    1.70141E+38    1.70141E+38    1.70141E+38    1.70141E+38    1.70141E+38    1.70141E+38    1.70141E+38    1.70141E+38    1.70141E+38    

1.70141E+38    1.70141E+38    1.70141E+38    1.70141E+38    1.70141E+38    1.70141E+38    1.70141E+38    1.70141E+38    1.70141E+38    1.70141E+38    1.70141E+38    1.70141E+38    1.70141E+38    1.70141E+38    1.70141E+38    1.70141E+38    1.70141E+38    1.70141E+38    1.70141E+38    1.70141E+38    1.70141E+38    1.70141E+38    1.70141E+38    

1.70141E+38    1.70141E+38    1.70141E+38    1.70141E+38    1.70141E+38    1.70141E+38    1.70141E+38    1.70141E+38    1.70141E+38    1.70141E+38    1.70141E+38    1.70141E+38    1.70141E+38    1.70141E+38    1.70141E+38    1.70141E+38    1.70141E+38    1.70141E+38    1.70141E+38    1.70141E+38    1.70141E+38    1.70141E+38    1.70141E+38    

1.70141E+38    1.70141E+38    1.70141E+38    1.70141E+38    1.70141E+38    1.70141E+38    1.70141E+38    1.70141E+38    1.70141E+38    1.70141E+38    1.70141E+38    1.70141E+38    1.70141E+38    1.70141E+38    1.70141E+38    1.70141E+38    1.70141E+38    1.70141E+38    1.70141E+38    1.70141E+38    1.70141E+38    1.70141E+38    1.70141E+38    

1.70141E+38    1.70141E+38    1.70141E+38    1.70141E+38    1.70141E+38    1.70141E+38    1.70141E+38    1.70141E+38    1.70141E+38    1.70141E+38    1.70141E+38    1.70141E+38    1.70141E+38    1.70141E+38    1.70141E+38    1.70141E+38    1.70141E+38    1.70141E+38    1.70141E+38    1.70141E+38    1.70141E+38    1.70141E+38    1.70141E+38    

