py_wake/examples/data/ParqueFicticio/Ridge area   Sector 3   Height 30m   Flow inclination.grd
DSAA
23  33
 262878   265078
 6504214   6507414
-29.814   20.34531
1.70141E+38    1.70141E+38    1.70141E+38    1.70141E+38    1.70141E+38    1.70141E+38    1.70141E+38    1.70141E+38    1.70141E+38    1.70141E+38    1.70141E+38    1.70141E+38    1.70141E+38    1.70141E+38    1.70141E+38    1.70141E+38    1.70141E+38    1.70141E+38    1.70141E+38    1.70141E+38    1.70141E+38    1.70141E+38    1.70141E+38    

1.70141E+38    1.70141E+38    1.70141E+38    1.70141E+38    1.70141E+38    1.70141E+38    1.70141E+38    1.70141E+38    1.70141E+38    1.70141E+38    1.70141E+38    1.70141E+38    1.70141E+38    1.70141E+38    1.70141E+38    1.70141E+38    1.70141E+38    1.70141E+38    1.70141E+38    1.70141E+38    1.70141E+38    1.70141E+38    1.70141E+38    

1.70141E+38    1.70141E+38    1.70141E+38    1.70141E+38    1.70141E+38    1.70141E+38    1.70141E+38    1.70141E+38    1.70141E+38    1.70141E+38    1.70141E+38    1.70141E+38    1.70141E+38    1.70141E+38    1.70141E+38    1.70141E+38    1.70141E+38    1.70141E+38    1.70141E+38    1.70141E+38    1.70141E+38    1.70141E+38    1.70141E+38    

1.70141E+38    1.70141E+38    1.70141E+38    1.70141E+38    1.70141E+38    1.70141E+38    1.70141E+38    1.70141E+38    1.70141E+38    1.70141E+38    1.70141E+38    1.70141E+38    1.70141E+38    1.70141E+38    1.70141E+38    1.70141E+38    1.70141E+38    1.70141E+38    1.70141E+38    1.70141E+38    1.70141E+38    1.70141E+38    1.70141E+38    

1.70141E+38    1.70141E+38    1.70141E+38    1.70141E+38    1.70141E+38    1.70141E+38    1.70141E+38    1.70141E+38    1.70141E+38    1.70141E+38    1.70141E+38    1.70141E+38    1.70141E+38    1.70141E+38    1.70141E+38    1.70141E+38    1.70141E+38    1.70141E+38    1.70141E+38    1.70141E+38    1.70141E+38    1.70141E+38    1.70141E+38    

-9.742778      -10.25838      -11.06676      -12.88047      -14.34677      -14.43394      -14.77642      -14.73376      -14.57276      -13.72291      -9.738755      -6.027111      2.597686       12.2211        14.14411       6.68864        -5.691296      -14.03872      -4.943897      1.152371       1.70141E+38    1.70141E+38    1.70141E+38    

-10.9459       -12.56743      -13.15559      -12.43804      -11.99792      -12.49892      -12.94113      -12.97428      -12.19627      -11.37095      -7.829593      -2.4531        6.193038       12.75924       11.77073       10.08908       -15.13692      -14.2076       -9.880039      -6.667292      1.70141E+38    1.70141E+38    1.70141E+38    

-11.30129      -13.11581      -13.89162      -13.54765      -13.53303      -13.23786      -13.05087      -13.00248      -12.14214      -10.76582      -7.4744        .110975        9.311587       12.64907       12.7422        -.3477436      -15.25795      -15.62263      1.474866       -6.683251      1.70141E+38    1.70141E+38    1.70141E+38    

-11.46886      -13.18386      -13.50929      -13.89057      -15.57623      -16.72466      -16.89533      -16.6634       -15.44855      -13.74593      -10.75031      -.746133       9.064039       11.23024       6.058788       2.293671       -8.022783      -18.08094      -7.186735      -6.163219      1.70141E+38    1.70141E+38    1.70141E+38    

-11.14415      -14.08562      -15.39978      -16.14708      -17.39511      -18.27353      -18.40253      -17.39675      -16.36009      -15.20156      -12.52695      -3.898793      4.970792       7.233521       4.057683       2.127158       -1.117369      -12.27671      -9.583274      -5.912158      1.70141E+38    1.70141E+38    1.70141E+38    

-9.431786      -12.52786      -14.69286      -16.12152      -17.08909      -17.47846      -18.10994      -16.68491      -14.05882      -12.28091      -10.86563      -4.55337       3.582301       7.726085       3.172588       -10.74393      7.486912       -7.259412      -10.34261      -5.513678      1.70141E+38    1.70141E+38    1.70141E+38    

-9.148552      -11.16043      -12.66348      -13.64164      -13.50009      -13.24071      -13.27702      -13.47612      -11.25228      -9.60599       -8.137091      -3.051096      4.735416       8.649696       2.361059       -14.08618      15.14235       -9.691099      -8.633041      -1.72191       1.70141E+38    1.70141E+38    1.70141E+38    

-8.805105      -8.979527      -12.20553      -12.02556      -10.99083      -10.82639      -10.6443       -10.79239      -10.42314      -9.670043      -8.253103      -2.838028      4.870563       8.989759       1.977247       11.95695       -9.724529      -7.82423       -3.137225      4.266422       1.70141E+38    1.70141E+38    1.70141E+38    

-8.891685      -6.863635      -11.57005      -14.07619      -.4358518      -6.339071      -1.556347      -14.30023      -15.50014      -13.9176       -11.47045      -5.99029       3.845825       8.767076       3.183992       -2.186767      -4.449253      -2.004345      2.636677       7.699594       1.70141E+38    1.70141E+38    1.70141E+38    

-10.23747      -6.384948      -11.31605      -14.23536      -16.04848      -14.52981      -19.32887      -18.70718      -17.68263      -16.58571      -14.08052      -7.141764      1.768578       6.48882        4.196396       1.529712       2.747861       5.486567       8.996886       12.52022       1.70141E+38    1.70141E+38    1.70141E+38    

-11.81929      -7.810722      -10.05684      -12.73501      -13.68218      -17.22771      -18.21758      -17.42535      -16.22188      -14.47741      -11.93969      -6.700801      .6329315       5.128492       7.627385       10.25763       13.09527       13.15216       14.18927       15.5547        1.70141E+38    1.70141E+38    1.70141E+38    

-9.528447      -5.640526      -5.489872      -7.83156       -9.587249      -11.71767      -12.75923      -12.80505      -11.5025       -9.413893      -7.416824      -3.879706      .5241441       6.133371       12.54064       17.54663       19.34373       16.19632       15.00939       14.69728       1.70141E+38    1.70141E+38    1.70141E+38    

-6.055707      -2.196647      .7752345       -2.500443      -5.38281       -6.768892      -7.308631      -7.033564      -5.946288      -4.837268      -5.72929       -4.538368      .2847054       7.467033       15.56417       19.69258       19.73245       17.65945       15.12101       13.40721       1.70141E+38    1.70141E+38    1.70141E+38    

-2.858726      .0288291       -2.402083      -5.706139      -6.405746      -7.196727      -8.46884       -9.12333       -9.473105      -11.18244      -9.120509      -6.659149      .6204013       10.16284       17.65351       20.34531       20.14497       19.40118       16.19274       12.65515       1.70141E+38    1.70141E+38    1.70141E+38    

-4.661109      -6.261076      -9.660998      -10.96303      -12.85162      -13.9765       -20.17499      -29.814        -2.120399      -8.101168      -9.807437      -6.478131      4.291122       13.9104        18.83278       19.66499       18.43224       16.72387       13.52524       10.77809       1.70141E+38    1.70141E+38    1.70141E+38    

-11.0931       -12.02991      -13.01896      -12.58443      -12.70415      -14.04534      -15.72981      -14.31579      -4.970819      -12.48117      -9.957689      -2.204915      9.198977       18.6605        19.45719       17.91479       15.95687       13.54067       11.09084       10.7101        1.70141E+38    1.70141E+38    1.70141E+38    

-13.42293      -11.39896      -10.05068      -8.659499      -9.411186      -11.06109      -13.25389      -13.27528      -11.69476      -10.42035      -5.533361      2.459905       12.02374       18.41664       18.45716       16.67866       15.12529       12.94941       11.98934       11.97786       1.70141E+38    1.70141E+38    1.70141E+38    

-8.744156      -5.940024      -5.418943      -8.474372      -15.99371      -15.05736      -12.04013      -11.87161      -9.939792      -5.776788      3.122469       8.595377       12.20835       15.5942        15.74413       14.42181       13.68624       13.23324       12.69771       13.20114       1.70141E+38    1.70141E+38    1.70141E+38    

-3.672175      -3.284194      -8.501055      -7.502685      2.092369       6.759273       -8.052293      -9.299776      -4.463513      2.580999       11.8243        14.53987       12.8996        14.74459       13.65054       12.04731       13.34101       12.89629       11.36694       11.5681        1.70141E+38    1.70141E+38    1.70141E+38    

-7.700209      -10.74968      -13.86779      -14.18107      -12.89543      -10.87165      -8.805947      -4.19381       2.668364       7.859495       13.69027       16.28846       13.39056       14.54142       11.89052       8.448616       10.32941       11.75599       10.40665       8.104746       1.70141E+38    1.70141E+38    1.70141E+38    

1.70141E+38    1.70141E+38    1.70141E+38    1.70141E+38    1.70141E+38    1.70141E+38    1.70141E+38    1.70141E+38    1.70141E+38    1.70141E+38    1.70141E+38    1.70141E+38    1.70141E+38    1.70141E+38    1.70141E+38    1.70141E+38    1.70141E+38    1.70141E+38    1.70141E+38    1.70141E+38    1.70141E+38    1.70141E+38    1.70141E+38    

1.70141E+38    1.70141E+38    1.70141E+38    1.70141E+38    1.70141E+38    1.70141E+38    1.70141E+38    1.70141E+38    1.70141E+38    1.70141E+38    1.70141E+38    1.70141E+38    1.70141E+38    1.70141E+38    1.70141E+38    1.70141E+38    1.70141E+38    1.70141E+38    1.70141E+38    1.70141E+38    1.70141E+38    1.70141E+38    1.70141E+38    

1.70141E+38    1.70141E+38    1.70141E+38    1.70141E+38    1.70141E+38    1.70141E+38    1.70141E+38    1.70141E+38    1.70141E+38    1.70141E+38    1.70141E+38    1.70141E+38    1.70141E+38    1.70141E+38    1.70141E+38    1.70141E+38    1.70141E+38    1.70141E+38    1.70141E+38    1.70141E+38    1.70141E+38    1.70141E+38    1.70141E+38    

1.70141E+38    1.70141E+38    1.70141E+38    1.70141E+38    1.70141E+38    1.70141E+38    1.70141E+38    1.70141E+38    1.70141E+38    1.70141E+38    1.70141E+38    1.70141E+38    1.70141E+38    1.70141E+38    1.70141E+38    1.70141E+38    1.70141E+38    1.70141E+38    1.70141E+38    1.70141E+38    1.70141E+38    1.70141E+38    1.70141E+38    

1.70141E+38    1.70141E+38    1.70141E+38    1.70141E+38    1.70141E+38    1.70141E+38    1.70141E+38    1.70141E+38    1.70141E+38    1.70141E+38    1.70141E+38    1.70141E+38    1.70141E+38    1.70141E+38    1.70141E+38    1.70141E+38    1.70141E+38    1.70141E+38    1.70141E+38    1.70141E+38    1.70141E+38    1.70141E+38    1.70141E+38    

1.70141E+38    1.70141E+38    1.70141E+38    1.70141E+38    1.70141E+38    1.70141E+38    1.70141E+38    1.70141E+38    1.70141E+38    1.70141E+38    1.70141E+38    1.70141E+38    1.70141E+38    1.70141E+38    1.70141E+38    1.70141E+38    1.70141E+38    1.70141E+38    1.70141E+38    1.70141E+38    1.70141E+38    1.70141E+38    1.70141E+38    

1.70141E+38    1.70141E+38    1.70141E+38    1.70141E+38    1.70141E+38    1.70141E+38    1.70141E+38    1.70141E+38    1.70141E+38    1.70141E+38    1.70141E+38    1.70141E+38    1.70141E+38    1.70141E+38    1.70141E+38    1.70141E+38    1.70141E+38    1.70141E+38    1.70141E+38    1.70141E+38    1.70141E+38    1.70141E+38    1.70141E+38    

1.70141E+38    1.70141E+38    1.70141E+38    1.70141E+38    1.70141E+38    1.70141E+38    1.70141E+38    1.70141E+38    1.70141E+38    1.70141E+38    1.70141E+38    1.70141E+38    1.70141E+38    1.70141E+38    1.70141E+38    1.70141E+38    1.70141E+38    1.70141E+38    1.70141E+38    1.70141E+38    1.70141E+38    1.70141E+38    1.70141E+38    

