py_wake/examples/data/ParqueFicticio/Ridge area   Sector 11   Height 200m   Weibull-A.grd
DSAA
23  33
 262878   265078
 6504214   6507414
 4.460312   12.91566
1.70141E+38    1.70141E+38    1.70141E+38    1.70141E+38    1.70141E+38    1.70141E+38    1.70141E+38    1.70141E+38    1.70141E+38    1.70141E+38    1.70141E+38    1.70141E+38    1.70141E+38    1.70141E+38    1.70141E+38    1.70141E+38    1.70141E+38    1.70141E+38    1.70141E+38    1.70141E+38    1.70141E+38    1.70141E+38    1.70141E+38    

1.70141E+38    1.70141E+38    1.70141E+38    1.70141E+38    1.70141E+38    1.70141E+38    1.70141E+38    1.70141E+38    1.70141E+38    1.70141E+38    1.70141E+38    1.70141E+38    1.70141E+38    1.70141E+38    1.70141E+38    1.70141E+38    1.70141E+38    1.70141E+38    1.70141E+38    1.70141E+38    1.70141E+38    1.70141E+38    1.70141E+38    

1.70141E+38    1.70141E+38    1.70141E+38    1.70141E+38    1.70141E+38    1.70141E+38    1.70141E+38    1.70141E+38    1.70141E+38    1.70141E+38    1.70141E+38    1.70141E+38    1.70141E+38    1.70141E+38    1.70141E+38    1.70141E+38    1.70141E+38    1.70141E+38    1.70141E+38    1.70141E+38    1.70141E+38    1.70141E+38    1.70141E+38    

1.70141E+38    1.70141E+38    1.70141E+38    1.70141E+38    1.70141E+38    1.70141E+38    1.70141E+38    1.70141E+38    1.70141E+38    1.70141E+38    1.70141E+38    1.70141E+38    1.70141E+38    1.70141E+38    1.70141E+38    1.70141E+38    1.70141E+38    1.70141E+38    1.70141E+38    1.70141E+38    1.70141E+38    1.70141E+38    1.70141E+38    

1.70141E+38    1.70141E+38    1.70141E+38    1.70141E+38    1.70141E+38    1.70141E+38    1.70141E+38    1.70141E+38    1.70141E+38    1.70141E+38    1.70141E+38    1.70141E+38    1.70141E+38    1.70141E+38    1.70141E+38    1.70141E+38    1.70141E+38    1.70141E+38    1.70141E+38    1.70141E+38    1.70141E+38    1.70141E+38    1.70141E+38    

10.58681       10.72811       10.91625       11.1639        11.43997       11.71139       11.93839       12.12834       12.25027       12.28278       12.22943       12.11147       11.93911       11.6651        11.18852       10.15773       6.554392       4.460312       5.218746       7.475938       1.70141E+38    1.70141E+38    1.70141E+38    

10.55365       10.67309       10.79913       10.97717       11.22803       11.51465       11.80894       12.07105       12.26176       12.35779       12.34606       12.23772       12.0202        11.64466       11.04884       8.772727       5.578146       5.292238       7.562862       9.819103       1.70141E+38    1.70141E+38    1.70141E+38    

10.46593       10.6286        10.79243       10.90042       11.02496       11.2262        11.49282       11.80675       12.09651       12.28742       12.37567       12.30119       12.05578       11.61411       10.96013       8.736755       6.723775       7.635849       10.02561       10.90695       1.70141E+38    1.70141E+38    1.70141E+38    

10.33643       10.49682       10.7107        10.8803        11.01836       11.19136       11.40138       11.6417        11.88893       12.16626       12.35896       12.34746       12.09843       11.63668       11.07319       10.21523       9.02796        9.829462       10.94521       11.21644       1.70141E+38    1.70141E+38    1.70141E+38    

10.2359        10.35359       10.59733       10.83535       11.04512       11.30243       11.59194       11.86914       12.05775       12.25085       12.41527       12.42559       12.22202       11.84307       11.37705       10.83357       10.30608       10.63932       11.20023       11.39919       1.70141E+38    1.70141E+38    1.70141E+38    

10.32743       10.26765       10.49033       10.80623       11.09118       11.38003       11.71323       12.05009       12.29383       12.47293       12.58572       12.57619       12.40106       12.08439       11.63097       11.12405       10.98987       11.23472       11.4499        11.56145       1.70141E+38    1.70141E+38    1.70141E+38    

10.63047       10.3314        10.38789       10.69463       11.0182        11.34607       11.66375       12.02712       12.33867       12.57282       12.71327       12.71888       12.56807       12.2456        11.79183       11.4334        11.54019       11.71406       11.79246       11.78157       1.70141E+38    1.70141E+38    1.70141E+38    

11.02554       10.6443        10.3961        10.49443       10.7598        11.06851       11.38432       11.77197       12.18084       12.51833       12.74666       12.8071        12.68596       12.37288       11.9448        11.74881       11.92587       12.04573       12.06376       11.99763       1.70141E+38    1.70141E+38    1.70141E+38    

11.31422       11.03849       10.65885       10.55179       10.55166       10.77743       11.11647       11.43799       11.8735        12.33611       12.70076       12.83606       12.76088       12.4841        12.12939       12.01974       12.08932       12.14988       12.16006       12.10832       1.70141E+38    1.70141E+38    1.70141E+38    

11.46084       11.31403       11.03788       10.93674       10.81128       10.86003       11.18199       11.5075        11.88564       12.28326       12.66141       12.84907       12.82869       12.61759       12.31832       12.1429        12.06358       12.05541       12.06298       12.05219       1.70141E+38    1.70141E+38    1.70141E+38    

11.51615       11.48534       11.3431        11.27875       11.23504       11.22272       11.42111       11.71104       12.0484        12.3825        12.68882       12.87273       12.88967       12.73473       12.44938       12.15082       11.89162       11.77259       11.75706       11.76188       1.70141E+38    1.70141E+38    1.70141E+38    

11.4712        11.52027       11.46235       11.41851       11.4448        11.50103       11.64906       11.83082       12.08879       12.38168       12.67273       12.873         12.91566       12.78903       12.50818       12.10004       11.61547       11.29425       11.23622       11.27815       1.70141E+38    1.70141E+38    1.70141E+38    

11.28317       11.39348       11.35988       11.29513       11.36707       11.47919       11.61255       11.77142       11.98829       12.24687       12.55522       12.80695       12.88175       12.78884       12.53886       12.12861       11.63244       11.12676       10.83838       10.84829       1.70141E+38    1.70141E+38    1.70141E+38    

10.99265       11.09845       11.0386        10.95156       11.05409       11.1995        11.34125       11.48367       11.68156       11.93337       12.32197       12.6744        12.79496       12.74067       12.5176        12.15114       11.72731       11.25566       10.75936       10.44334       1.70141E+38    1.70141E+38    1.70141E+38    

10.63682       10.70726       10.72004       10.69809       10.75488       10.92384       11.02981       11.1448        11.39115       11.79877       12.23139       12.57226       12.69344       12.64754       12.46308       12.16146       11.80958       11.41379       11.02339       10.21388       1.70141E+38    1.70141E+38    1.70141E+38    

10.50724       10.67848       10.83857       10.95843       11.02067       11.08957       11.19439       11.31245       11.53512       11.9305        12.3086        12.55103       12.64052       12.54121       12.31999       12.11011       11.90291       11.66446       11.38347       10.81064       1.70141E+38    1.70141E+38    1.70141E+38    

10.66354       10.86961       11.00304       11.1125        11.17391       11.25671       11.36868       11.55748       11.77978       12.07325       12.35172       12.55086       12.63842       12.55144       12.26945       12.00796       11.8418        11.70603       11.5352        11.15183       1.70141E+38    1.70141E+38    1.70141E+38    

10.66555       10.83389       10.91528       10.96409       11.02794       11.14484       11.3373        11.64124       11.92283       12.14367       12.33254       12.49094       12.60085       12.59405       12.43529       12.16111       11.84634       11.59239       8.708247       11.21852       1.70141E+38    1.70141E+38    1.70141E+38    

10.4718        10.59618       10.67026       10.76171       10.91265       11.11373       11.38901       11.69125       11.94172       12.13172       12.24298       12.31424       12.4291        12.50371       12.4648        12.34386       12.10202       11.71019       11.34987       11.08515       1.70141E+38    1.70141E+38    1.70141E+38    

10.14035       10.32674       10.51922       10.76974       11.03318       11.3024        11.55589       11.74577       11.9019        12.02938       12.09692       12.06189       12.10608       12.20826       12.24463       12.28613       12.23065       12.01254       11.64875       11.28172       1.70141E+38    1.70141E+38    1.70141E+38    

1.70141E+38    1.70141E+38    1.70141E+38    1.70141E+38    1.70141E+38    1.70141E+38    1.70141E+38    1.70141E+38    1.70141E+38    1.70141E+38    1.70141E+38    1.70141E+38    1.70141E+38    1.70141E+38    1.70141E+38    1.70141E+38    1.70141E+38    1.70141E+38    1.70141E+38    1.70141E+38    1.70141E+38    1.70141E+38    1.70141E+38    

1.70141E+38    1.70141E+38    1.70141E+38    1.70141E+38    1.70141E+38    1.70141E+38    1.70141E+38    1.70141E+38    1.70141E+38    1.70141E+38    1.70141E+38    1.70141E+38    1.70141E+38    1.70141E+38    1.70141E+38    1.70141E+38    1.70141E+38    1.70141E+38    1.70141E+38    1.70141E+38    1.70141E+38    1.70141E+38    1.70141E+38    

1.70141E+38    1.70141E+38    1.70141E+38    1.70141E+38    1.70141E+38    1.70141E+38    1.70141E+38    1.70141E+38    1.70141E+38    1.70141E+38    1.70141E+38    1.70141E+38    1.70141E+38    1.70141E+38    1.70141E+38    1.70141E+38    1.70141E+38    1.70141E+38    1.70141E+38    1.70141E+38    1.70141E+38    1.70141E+38    1.70141E+38    

1.70141E+38    1.70141E+38    1.70141E+38    1.70141E+38    1.70141E+38    1.70141E+38    1.70141E+38    1.70141E+38    1.70141E+38    1.70141E+38    1.70141E+38    1.70141E+38    1.70141E+38    1.70141E+38    1.70141E+38    1.70141E+38    1.70141E+38    1.70141E+38    1.70141E+38    1.70141E+38    1.70141E+38    1.70141E+38    1.70141E+38    

1.70141E+38    1.70141E+38    1.70141E+38    1.70141E+38    1.70141E+38    1.70141E+38    1.70141E+38    1.70141E+38    1.70141E+38    1.70141E+38    1.70141E+38    1.70141E+38    1.70141E+38    1.70141E+38    1.70141E+38    1.70141E+38    1.70141E+38    1.70141E+38    1.70141E+38    1.70141E+38    1.70141E+38    1.70141E+38    1.70141E+38    

1.70141E+38    1.70141E+38    1.70141E+38    1.70141E+38    1.70141E+38    1.70141E+38    1.70141E+38    1.70141E+38    1.70141E+38    1.70141E+38    1.70141E+38    1.70141E+38    1.70141E+38    1.70141E+38    1.70141E+38    1.70141E+38    1.70141E+38    1.70141E+38    1.70141E+38    1.70141E+38    1.70141E+38    1.70141E+38    1.70141E+38    

1.70141E+38    1.70141E+38    1.70141E+38    1.70141E+38    1.70141E+38    1.70141E+38    1.70141E+38    1.70141E+38    1.70141E+38    1.70141E+38    1.70141E+38    1.70141E+38    1.70141E+38    1.70141E+38    1.70141E+38    1.70141E+38    1.70141E+38    1.70141E+38    1.70141E+38    1.70141E+38    1.70141E+38    1.70141E+38    1.70141E+38    

1.70141E+38    1.70141E+38    1.70141E+38    1.70141E+38    1.70141E+38    1.70141E+38    1.70141E+38    1.70141E+38    1.70141E+38    1.70141E+38    1.70141E+38    1.70141E+38    1.70141E+38    1.70141E+38    1.70141E+38    1.70141E+38    1.70141E+38    1.70141E+38    1.70141E+38    1.70141E+38    1.70141E+38    1.70141E+38    1.70141E+38    

