py_wake/examples/data/ParqueFicticio/Ridge area   Sector 1   Height 200m   Mean speed.grd
DSAA
23  33
 262878   265078
 6504214   6507414
 4.296222   6.393031
1.70141E+38    1.70141E+38    1.70141E+38    1.70141E+38    1.70141E+38    1.70141E+38    1.70141E+38    1.70141E+38    1.70141E+38    1.70141E+38    1.70141E+38    1.70141E+38    1.70141E+38    1.70141E+38    1.70141E+38    1.70141E+38    1.70141E+38    1.70141E+38    1.70141E+38    1.70141E+38    1.70141E+38    1.70141E+38    1.70141E+38    

1.70141E+38    1.70141E+38    1.70141E+38    1.70141E+38    1.70141E+38    1.70141E+38    1.70141E+38    1.70141E+38    1.70141E+38    1.70141E+38    1.70141E+38    1.70141E+38    1.70141E+38    1.70141E+38    1.70141E+38    1.70141E+38    1.70141E+38    1.70141E+38    1.70141E+38    1.70141E+38    1.70141E+38    1.70141E+38    1.70141E+38    

1.70141E+38    1.70141E+38    1.70141E+38    1.70141E+38    1.70141E+38    1.70141E+38    1.70141E+38    1.70141E+38    1.70141E+38    1.70141E+38    1.70141E+38    1.70141E+38    1.70141E+38    1.70141E+38    1.70141E+38    1.70141E+38    1.70141E+38    1.70141E+38    1.70141E+38    1.70141E+38    1.70141E+38    1.70141E+38    1.70141E+38    

1.70141E+38    1.70141E+38    1.70141E+38    1.70141E+38    1.70141E+38    1.70141E+38    1.70141E+38    1.70141E+38    1.70141E+38    1.70141E+38    1.70141E+38    1.70141E+38    1.70141E+38    1.70141E+38    1.70141E+38    1.70141E+38    1.70141E+38    1.70141E+38    1.70141E+38    1.70141E+38    1.70141E+38    1.70141E+38    1.70141E+38    

1.70141E+38    1.70141E+38    1.70141E+38    1.70141E+38    1.70141E+38    1.70141E+38    1.70141E+38    1.70141E+38    1.70141E+38    1.70141E+38    1.70141E+38    1.70141E+38    1.70141E+38    1.70141E+38    1.70141E+38    1.70141E+38    1.70141E+38    1.70141E+38    1.70141E+38    1.70141E+38    1.70141E+38    1.70141E+38    1.70141E+38    

4.854628       4.909235       5.001395       5.099367       5.207604       5.300174       5.351399       5.397469       5.422083       5.450141       5.465733       5.452858       5.414479       5.288178       5.070723       4.784311       4.44347        4.296222       4.485803       4.818609       1.70141E+38    1.70141E+38    1.70141E+38    

4.906027       4.956956       5.019532       5.086274       5.184971       5.278894       5.366885       5.454167       5.520883       5.557623       5.571827       5.550415       5.469881       5.280617       5.022723       4.720742       4.34829        4.376171       4.757736       5.066096       1.70141E+38    1.70141E+38    1.70141E+38    

4.916309       5.003953       5.090265       5.115023       5.132882       5.172959       5.236057       5.338568       5.456899       5.546513       5.603171       5.593143       5.488339       5.278508       5.037718       4.778651       4.439796       4.635474       5.01942        5.256245       1.70141E+38    1.70141E+38    1.70141E+38    

4.899247       4.996825       5.108725       5.165674       5.190785       5.215236       5.242077       5.296286       5.383227       5.487623       5.598871       5.640962       5.530793       5.335603       5.148022       4.971007       4.719091       4.908942       5.243716       5.42837        1.70141E+38    1.70141E+38    1.70141E+38    

4.887806       4.990717       5.128325       5.228857       5.297403       5.377277       5.455681       5.529689       5.56742        5.601237       5.66593        5.713262       5.650058       5.521198       5.370077       5.210167       5.07112        5.175381       5.422455       5.5892         1.70141E+38    1.70141E+38    1.70141E+38    

4.962535       5.014935       5.174045       5.331621       5.449195       5.554121       5.657813       5.753725       5.811268       5.8251         5.834378       5.847615       5.800652       5.706203       5.560233       5.41487        5.38122        5.50233        5.664708       5.793229       1.70141E+38    1.70141E+38    1.70141E+38    

5.130673       5.077359       5.190579       5.369176       5.518143       5.6393         5.731329       5.823303       5.894248       5.935565       5.953897       5.960017       5.915994       5.818697       5.692941       5.635891       5.743154       5.889668       5.990657       6.03779        1.70141E+38    1.70141E+38    1.70141E+38    

5.374113       5.245352       5.205925       5.326644       5.460707       5.562006       5.624512       5.711251       5.820037       5.908441       5.976358       6.016932       5.997371       5.91223        5.831623       5.893516       6.084584       6.209592       6.261014       6.256897       1.70141E+38    1.70141E+38    1.70141E+38    

5.615941       5.515124       5.386246       5.397542       5.395292       5.442062       5.507147       5.560277       5.678205       5.821512       5.962832       6.058012       6.067186       6.010256       5.988259       6.138988       6.290358       6.368065       6.393031       6.378025       1.70141E+38    1.70141E+38    1.70141E+38    

5.805408       5.764718       5.686689       5.679294       5.608737       5.574759       5.634793       5.706458       5.80296        5.903958       6.026458       6.128596       6.157176       6.132757       6.145259       6.257892       6.338143       6.374424       6.375251       6.346027       1.70141E+38    1.70141E+38    1.70141E+38    

5.945253       5.959563       5.951667       5.945873       5.909317       5.87025        5.895178       5.94635        6.01723        6.086969       6.153896       6.208753       6.234924       6.227319       6.219046       6.248873       6.236386       6.206279       6.170458       6.135142       1.70141E+38    1.70141E+38    1.70141E+38    

6.012706       6.049239       6.059455       6.056449       6.052619       6.052577       6.06359        6.07969        6.100438       6.140347       6.185168       6.228534       6.247732       6.252141       6.210771       6.144595       5.998482       5.850235       5.776248       5.766325       1.70141E+38    1.70141E+38    1.70141E+38    

5.924547       5.961366       5.962359       5.952037       5.976692       5.99802        6.0153         6.025309       6.030709       6.043759       6.088762       6.162717       6.213297       6.221354       6.16634        6.025496       5.820449       5.570324       5.406185       5.386026       1.70141E+38    1.70141E+38    1.70141E+38    

5.683636       5.67962        5.63704        5.621733       5.678011       5.733081       5.763372       5.764972       5.768895       5.797746       5.907101       6.066672       6.150622       6.154136       6.076499       5.919493       5.711151       5.461183       5.22019        5.107542       1.70141E+38    1.70141E+38    1.70141E+38    

5.37552        5.342184       5.348814       5.365783       5.405566       5.47055        5.475623       5.482578       5.555611       5.715544       5.884661       6.036261       6.081682       6.050694       5.957062       5.810555       5.629156       5.419649       5.221642       5.043647       1.70141E+38    1.70141E+38    1.70141E+38    

5.310276       5.371909       5.46309        5.533173       5.554891       5.559968       5.576519       5.603964       5.693861       5.866045       6.008405       6.07001        6.046141       5.916536       5.774387       5.671635       5.572901       5.461463       5.339324       5.19447        1.70141E+38    1.70141E+38    1.70141E+38    

5.514314       5.593207       5.637333       5.669583       5.672412       5.689871       5.722363       5.809333       5.915855       6.022696       6.088947       6.093047       6.027901       5.866828       5.648263       5.498933       5.429208       5.397534       5.365313       5.280269       1.70141E+38    1.70141E+38    1.70141E+38    

5.577305       5.611883       5.60112        5.578236       5.583578       5.646216       5.76313        5.928501       6.048216       6.0909         6.078439       6.034193       5.968378       5.859628       5.697166       5.51312        5.342531       5.247078       5.224751       5.201454       1.70141E+38    1.70141E+38    1.70141E+38    

5.465477       5.46024        5.436794       5.451322       5.538122       5.676139       5.846095       5.987047       6.051082       6.038738       5.962022       5.85145        5.787728       5.748916       5.684337       5.601733       5.461907       5.268298       5.119769       5.038408       1.70141E+38    1.70141E+38    1.70141E+38    

5.262192       5.310606       5.392176       5.536749       5.695107       5.835723       5.938685       5.979051       5.958062       5.872239       5.754917       5.582771       5.503361       5.50179        5.501271       5.547291       5.536901       5.426741       5.256455       5.09551        1.70141E+38    1.70141E+38    1.70141E+38    

1.70141E+38    1.70141E+38    1.70141E+38    1.70141E+38    1.70141E+38    1.70141E+38    1.70141E+38    1.70141E+38    1.70141E+38    1.70141E+38    1.70141E+38    1.70141E+38    1.70141E+38    1.70141E+38    1.70141E+38    1.70141E+38    1.70141E+38    1.70141E+38    1.70141E+38    1.70141E+38    1.70141E+38    1.70141E+38    1.70141E+38    

1.70141E+38    1.70141E+38    1.70141E+38    1.70141E+38    1.70141E+38    1.70141E+38    1.70141E+38    1.70141E+38    1.70141E+38    1.70141E+38    1.70141E+38    1.70141E+38    1.70141E+38    1.70141E+38    1.70141E+38    1.70141E+38    1.70141E+38    1.70141E+38    1.70141E+38    1.70141E+38    1.70141E+38    1.70141E+38    1.70141E+38    

1.70141E+38    1.70141E+38    1.70141E+38    1.70141E+38    1.70141E+38    1.70141E+38    1.70141E+38    1.70141E+38    1.70141E+38    1.70141E+38    1.70141E+38    1.70141E+38    1.70141E+38    1.70141E+38    1.70141E+38    1.70141E+38    1.70141E+38    1.70141E+38    1.70141E+38    1.70141E+38    1.70141E+38    1.70141E+38    1.70141E+38    

1.70141E+38    1.70141E+38    1.70141E+38    1.70141E+38    1.70141E+38    1.70141E+38    1.70141E+38    1.70141E+38    1.70141E+38    1.70141E+38    1.70141E+38    1.70141E+38    1.70141E+38    1.70141E+38    1.70141E+38    1.70141E+38    1.70141E+38    1.70141E+38    1.70141E+38    1.70141E+38    1.70141E+38    1.70141E+38    1.70141E+38    

1.70141E+38    1.70141E+38    1.70141E+38    1.70141E+38    1.70141E+38    1.70141E+38    1.70141E+38    1.70141E+38    1.70141E+38    1.70141E+38    1.70141E+38    1.70141E+38    1.70141E+38    1.70141E+38    1.70141E+38    1.70141E+38    1.70141E+38    1.70141E+38    1.70141E+38    1.70141E+38    1.70141E+38    1.70141E+38    1.70141E+38    

1.70141E+38    1.70141E+38    1.70141E+38    1.70141E+38    1.70141E+38    1.70141E+38    1.70141E+38    1.70141E+38    1.70141E+38    1.70141E+38    1.70141E+38    1.70141E+38    1.70141E+38    1.70141E+38    1.70141E+38    1.70141E+38    1.70141E+38    1.70141E+38    1.70141E+38    1.70141E+38    1.70141E+38    1.70141E+38    1.70141E+38    

1.70141E+38    1.70141E+38    1.70141E+38    1.70141E+38    1.70141E+38    1.70141E+38    1.70141E+38    1.70141E+38    1.70141E+38    1.70141E+38    1.70141E+38    1.70141E+38    1.70141E+38    1.70141E+38    1.70141E+38    1.70141E+38    1.70141E+38    1.70141E+38    1.70141E+38    1.70141E+38    1.70141E+38    1.70141E+38    1.70141E+38    

1.70141E+38    1.70141E+38    1.70141E+38    1.70141E+38    1.70141E+38    1.70141E+38    1.70141E+38    1.70141E+38    1.70141E+38    1.70141E+38    1.70141E+38    1.70141E+38    1.70141E+38    1.70141E+38    1.70141E+38    1.70141E+38    1.70141E+38    1.70141E+38    1.70141E+38    1.70141E+38    1.70141E+38    1.70141E+38    1.70141E+38    

