py_wake/examples/data/ParqueFicticio/Ridge area   Sector 5   Height 30m   Weibull-A.grd
DSAA
23  33
 262878   265078
 6504214   6507414
 .7271283   10.76093
1.70141E+38    1.70141E+38    1.70141E+38    1.70141E+38    1.70141E+38    1.70141E+38    1.70141E+38    1.70141E+38    1.70141E+38    1.70141E+38    1.70141E+38    1.70141E+38    1.70141E+38    1.70141E+38    1.70141E+38    1.70141E+38    1.70141E+38    1.70141E+38    1.70141E+38    1.70141E+38    1.70141E+38    1.70141E+38    1.70141E+38    

1.70141E+38    1.70141E+38    1.70141E+38    1.70141E+38    1.70141E+38    1.70141E+38    1.70141E+38    1.70141E+38    1.70141E+38    1.70141E+38    1.70141E+38    1.70141E+38    1.70141E+38    1.70141E+38    1.70141E+38    1.70141E+38    1.70141E+38    1.70141E+38    1.70141E+38    1.70141E+38    1.70141E+38    1.70141E+38    1.70141E+38    

1.70141E+38    1.70141E+38    1.70141E+38    1.70141E+38    1.70141E+38    1.70141E+38    1.70141E+38    1.70141E+38    1.70141E+38    1.70141E+38    1.70141E+38    1.70141E+38    1.70141E+38    1.70141E+38    1.70141E+38    1.70141E+38    1.70141E+38    1.70141E+38    1.70141E+38    1.70141E+38    1.70141E+38    1.70141E+38    1.70141E+38    

1.70141E+38    1.70141E+38    1.70141E+38    1.70141E+38    1.70141E+38    1.70141E+38    1.70141E+38    1.70141E+38    1.70141E+38    1.70141E+38    1.70141E+38    1.70141E+38    1.70141E+38    1.70141E+38    1.70141E+38    1.70141E+38    1.70141E+38    1.70141E+38    1.70141E+38    1.70141E+38    1.70141E+38    1.70141E+38    1.70141E+38    

1.70141E+38    1.70141E+38    1.70141E+38    1.70141E+38    1.70141E+38    1.70141E+38    1.70141E+38    1.70141E+38    1.70141E+38    1.70141E+38    1.70141E+38    1.70141E+38    1.70141E+38    1.70141E+38    1.70141E+38    1.70141E+38    1.70141E+38    1.70141E+38    1.70141E+38    1.70141E+38    1.70141E+38    1.70141E+38    1.70141E+38    

5.535486       5.511998       5.616616       6.045784       6.591776       7.363075       7.858832       8.455976       8.545129       9.094987       9.282732       8.915967       8.438177       7.46551        6.531454       5.89277        4.892385       4.016316       4.157846       5.900052       1.70141E+38    1.70141E+38    1.70141E+38    

5.377829       5.280222       4.991592       4.948015       5.375203       6.041161       7.018287       8.219398       9.141727       9.63736        9.931299       9.56521        8.641927       7.137182       6.035075       5.2698         3.75046        1.064004       4.093174       6.667305       1.70141E+38    1.70141E+38    1.70141E+38    

4.69846        4.959301       5.187759       4.727052       4.260118       4.32515        4.876935       6.153733       7.751199       9.073435       10.17447       9.922659       8.605956       7.01194        3.033165       4.751538       .9314544       .8564829       5.784554       7.152269       1.70141E+38    1.70141E+38    1.70141E+38    

3.933303       4.210958       4.714493       4.829292       4.53244        4.4286         4.427369       4.893811       5.78065        7.438406       9.440728       10.32267       8.726051       6.8666         3.151223       4.000214       1.699817       .7271283       6.462324       7.675179       1.70141E+38    1.70141E+38    1.70141E+38    

3.366247       3.630176       4.233075       4.626193       4.585778       4.945532       5.507313       6.495724       6.844573       7.395691       8.931514       10.1523        9.126328       7.348314       5.683995       2.581216       1.399986       1.238308       6.379014       7.943827       1.70141E+38    1.70141E+38    1.70141E+38    

3.355791       3.007948       3.683669       4.531269       4.936409       5.245212       6.06161        7.660269       8.732359       8.985298       9.472537       10.13423       9.344361       7.989153       5.974767       1.775557       1.312735       4.40201        6.802088       8.042592       1.70141E+38    1.70141E+38    1.70141E+38    

3.820516       2.383046       2.536453       3.544765       4.509978       5.408602       5.957344       7.326392       8.766482       9.666747       10.1804        10.51078       9.603306       7.978644       5.778121       2.299619       4.999257       7.087843       7.756225       8.194714       1.70141E+38    1.70141E+38    1.70141E+38    

4.840829       2.59835        1.510743       1.586695       2.446955       3.214343       3.347723       4.426286       6.903884       8.656435       9.933161       10.76093       9.929231       7.766827       5.473785       4.467359       6.875303       8.375341       8.726962       8.559652       1.70141E+38    1.70141E+38    1.70141E+38    

6.050393       3.79732        1.935882       1.379814       .9892223       .9931343       1.274607       1.572913       3.167185       6.107353       8.935761       10.49134       9.767596       7.562545       5.554443       5.521475       7.409037       8.542886       9.109448       8.997028       1.70141E+38    1.70141E+38    1.70141E+38    

6.83406        5.174178       3.334154       2.880804       1.677171       1.214534       1.865725       3.007013       4.458329       5.963355       8.196134       9.947682       9.946488       7.922645       6.149766       6.112099       6.725718       7.702374       8.43342        8.746346       1.70141E+38    1.70141E+38    1.70141E+38    

6.869961       6.308573       4.826414       4.500939       3.659816       2.827397       3.375461       4.575997       6.273383       7.603579       8.807004       9.875443       10.1322        8.92235        7.239185       6.036616       4.992105       5.555681       6.790777       7.405114       1.70141E+38    1.70141E+38    1.70141E+38    

6.703352       6.826222       5.925975       5.413237       5.38057        5.228416       5.327841       5.621921       6.55793        7.692177       8.861966       9.921412       9.957092       9.524619       7.758117       5.624616       3.555353       2.647311       3.513923       4.671659       1.70141E+38    1.70141E+38    1.70141E+38    

5.66645        6.138037       5.48908        4.618369       5.037777       5.243373       5.384094       5.61206        6.279372       6.919244       7.859559       9.319507       9.967598       9.669227       8.341029       6.359405       4.495126       2.804379       1.620138       2.367549       1.70141E+38    1.70141E+38    1.70141E+38    

4.513714       4.603901       3.941859       3.163419       3.397343       3.80248        4.104099       4.172261       4.420527       4.520623       6.082633       8.651352       9.609916       9.555108       8.346684       6.826874       5.545959       3.979184       1.565029       .7295997       1.70141E+38    1.70141E+38    1.70141E+38    

3.11138        3.278365       3.212252       2.699363       2.559403       3.026021       2.915406       2.625325       3.042061       4.763899       6.503168       8.469908       8.971126       8.753289       8.297653       7.425761       6.364116       4.924539       3.405578       1.236142       1.70141E+38    1.70141E+38    1.70141E+38    

3.260784       3.608339       3.964278       4.29526        4.193          4.039587       4.079895       3.914118       4.183782       6.1075         7.809648       8.782521       8.846214       7.454299       7.09361        7.36269        7.332204       6.155283       5.811426       4.499037       1.70141E+38    1.70141E+38    1.70141E+38    

4.404543       4.987248       5.200649       5.519902       5.354343       5.372342       5.306306       5.80659        5.984371       7.015819       8.245065       9.062917       9.262174       7.801365       5.024152       4.583487       5.484003       6.293264       7.107166       6.595129       1.70141E+38    1.70141E+38    1.70141E+38    

4.758239       5.223616       5.049807       4.73042        4.494579       4.500447       4.609974       5.781456       7.166934       7.779731       8.119336       8.518961       9.39983        9.257307       7.874257       5.681846       4.317417       4.650872       5.629299       6.531996       1.70141E+38    1.70141E+38    1.70141E+38    

4.415165       4.434766       4.090705       3.842878       3.792502       3.883947       4.54221        5.831985       7.114329       7.794782       7.728811       7.269439       8.128693       9.096575       9.099202       8.789191       6.170988       4.432967       4.121068       4.747183       1.70141E+38    1.70141E+38    1.70141E+38    

3.382535       3.361731       3.227166       3.501635       4.037058       4.83895        5.913044       6.460229       6.828266       7.216885       7.200676       4.28736        6.3308         7.520491       7.679141       8.818201       9.132216       7.544087       4.797008       4.350558       1.70141E+38    1.70141E+38    1.70141E+38    

1.70141E+38    1.70141E+38    1.70141E+38    1.70141E+38    1.70141E+38    1.70141E+38    1.70141E+38    1.70141E+38    1.70141E+38    1.70141E+38    1.70141E+38    1.70141E+38    1.70141E+38    1.70141E+38    1.70141E+38    1.70141E+38    1.70141E+38    1.70141E+38    1.70141E+38    1.70141E+38    1.70141E+38    1.70141E+38    1.70141E+38    

1.70141E+38    1.70141E+38    1.70141E+38    1.70141E+38    1.70141E+38    1.70141E+38    1.70141E+38    1.70141E+38    1.70141E+38    1.70141E+38    1.70141E+38    1.70141E+38    1.70141E+38    1.70141E+38    1.70141E+38    1.70141E+38    1.70141E+38    1.70141E+38    1.70141E+38    1.70141E+38    1.70141E+38    1.70141E+38    1.70141E+38    

1.70141E+38    1.70141E+38    1.70141E+38    1.70141E+38    1.70141E+38    1.70141E+38    1.70141E+38    1.70141E+38    1.70141E+38    1.70141E+38    1.70141E+38    1.70141E+38    1.70141E+38    1.70141E+38    1.70141E+38    1.70141E+38    1.70141E+38    1.70141E+38    1.70141E+38    1.70141E+38    1.70141E+38    1.70141E+38    1.70141E+38    

1.70141E+38    1.70141E+38    1.70141E+38    1.70141E+38    1.70141E+38    1.70141E+38    1.70141E+38    1.70141E+38    1.70141E+38    1.70141E+38    1.70141E+38    1.70141E+38    1.70141E+38    1.70141E+38    1.70141E+38    1.70141E+38    1.70141E+38    1.70141E+38    1.70141E+38    1.70141E+38    1.70141E+38    1.70141E+38    1.70141E+38    

1.70141E+38    1.70141E+38    1.70141E+38    1.70141E+38    1.70141E+38    1.70141E+38    1.70141E+38    1.70141E+38    1.70141E+38    1.70141E+38    1.70141E+38    1.70141E+38    1.70141E+38    1.70141E+38    1.70141E+38    1.70141E+38    1.70141E+38    1.70141E+38    1.70141E+38    1.70141E+38    1.70141E+38    1.70141E+38    1.70141E+38    

1.70141E+38    1.70141E+38    1.70141E+38    1.70141E+38    1.70141E+38    1.70141E+38    1.70141E+38    1.70141E+38    1.70141E+38    1.70141E+38    1.70141E+38    1.70141E+38    1.70141E+38    1.70141E+38    1.70141E+38    1.70141E+38    1.70141E+38    1.70141E+38    1.70141E+38    1.70141E+38    1.70141E+38    1.70141E+38    1.70141E+38    

1.70141E+38    1.70141E+38    1.70141E+38    1.70141E+38    1.70141E+38    1.70141E+38    1.70141E+38    1.70141E+38    1.70141E+38    1.70141E+38    1.70141E+38    1.70141E+38    1.70141E+38    1.70141E+38    1.70141E+38    1.70141E+38    1.70141E+38    1.70141E+38    1.70141E+38    1.70141E+38    1.70141E+38    1.70141E+38    1.70141E+38    

1.70141E+38    1.70141E+38    1.70141E+38    1.70141E+38    1.70141E+38    1.70141E+38    1.70141E+38    1.70141E+38    1.70141E+38    1.70141E+38    1.70141E+38    1.70141E+38    1.70141E+38    1.70141E+38    1.70141E+38    1.70141E+38    1.70141E+38    1.70141E+38    1.70141E+38    1.70141E+38    1.70141E+38    1.70141E+38    1.70141E+38    

