py_wake/examples/data/ParqueFicticio/Ridge area   Sector 12   Height 200m   Mean speed.grd
DSAA
23  33
 262878   265078
 6504214   6507414
 4.903675   7.474648
1.70141E+38    1.70141E+38    1.70141E+38    1.70141E+38    1.70141E+38    1.70141E+38    1.70141E+38    1.70141E+38    1.70141E+38    1.70141E+38    1.70141E+38    1.70141E+38    1.70141E+38    1.70141E+38    1.70141E+38    1.70141E+38    1.70141E+38    1.70141E+38    1.70141E+38    1.70141E+38    1.70141E+38    1.70141E+38    1.70141E+38    

1.70141E+38    1.70141E+38    1.70141E+38    1.70141E+38    1.70141E+38    1.70141E+38    1.70141E+38    1.70141E+38    1.70141E+38    1.70141E+38    1.70141E+38    1.70141E+38    1.70141E+38    1.70141E+38    1.70141E+38    1.70141E+38    1.70141E+38    1.70141E+38    1.70141E+38    1.70141E+38    1.70141E+38    1.70141E+38    1.70141E+38    

1.70141E+38    1.70141E+38    1.70141E+38    1.70141E+38    1.70141E+38    1.70141E+38    1.70141E+38    1.70141E+38    1.70141E+38    1.70141E+38    1.70141E+38    1.70141E+38    1.70141E+38    1.70141E+38    1.70141E+38    1.70141E+38    1.70141E+38    1.70141E+38    1.70141E+38    1.70141E+38    1.70141E+38    1.70141E+38    1.70141E+38    

1.70141E+38    1.70141E+38    1.70141E+38    1.70141E+38    1.70141E+38    1.70141E+38    1.70141E+38    1.70141E+38    1.70141E+38    1.70141E+38    1.70141E+38    1.70141E+38    1.70141E+38    1.70141E+38    1.70141E+38    1.70141E+38    1.70141E+38    1.70141E+38    1.70141E+38    1.70141E+38    1.70141E+38    1.70141E+38    1.70141E+38    

1.70141E+38    1.70141E+38    1.70141E+38    1.70141E+38    1.70141E+38    1.70141E+38    1.70141E+38    1.70141E+38    1.70141E+38    1.70141E+38    1.70141E+38    1.70141E+38    1.70141E+38    1.70141E+38    1.70141E+38    1.70141E+38    1.70141E+38    1.70141E+38    1.70141E+38    1.70141E+38    1.70141E+38    1.70141E+38    1.70141E+38    

6.058924       6.120182       6.215751       6.34985        6.496359       6.630454       6.723086       6.791908       6.82003        6.826301       6.806956       6.717487       6.588918       6.364244       6.04201        5.685085       5.255679       4.903675       5.077659       5.578965       1.70141E+38    1.70141E+38    1.70141E+38    

6.073298       6.121892       6.17778        6.270721       6.403861       6.545101       6.685772       6.805192       6.884828       6.936879       6.920424       6.837882       6.671849       6.369738       5.970369       5.552329       5.08287        4.990492       5.54808        5.930466       1.70141E+38    1.70141E+38    1.70141E+38    

6.044754       6.124818       6.206356       6.251278       6.296494       6.38338        6.501386       6.64559        6.80694        6.912898       6.957337       6.901211       6.716412       6.379766       5.961575       5.526138       5.135544       5.416161       5.939105       6.133138       1.70141E+38    1.70141E+38    1.70141E+38    

5.985967       6.070927       6.184362       6.26694        6.328458       6.397749       6.471921       6.563978       6.69678        6.833368       6.950493       6.953636       6.773214       6.441276       6.07631        5.745167       5.520054       5.833879       6.165704       6.304272       1.70141E+38    1.70141E+38    1.70141E+38    

5.941669       6.016571       6.154505       6.293021       6.408039       6.535807       6.661279       6.79519        6.865045       6.927477       7.005584       7.022111       6.889811       6.641706       6.352768       6.106659       5.992678       6.103969       6.3213         6.454717       1.70141E+38    1.70141E+38    1.70141E+38    

6.003482       6.000123       6.149481       6.347813       6.514988       6.663345       6.836325       6.988633       7.09156        7.140008       7.163667       7.151091       7.04061        6.84335        6.578595       6.368907       6.341728       6.435153       6.547348       6.639223       1.70141E+38    1.70141E+38    1.70141E+38    

6.176071       6.040835       6.119843       6.350651       6.558702       6.69436        6.852314       7.01474        7.149713       7.238577       7.280946       7.26856        7.168372       6.97238        6.728413       6.614205       6.713223       6.814193       6.865699       6.878863       1.70141E+38    1.70141E+38    1.70141E+38    

6.436973       6.219024       6.128309       6.267214       6.43247        6.574324       6.665293       6.845257       7.041321       7.199183       7.302204       7.331774       7.262955       7.079774       6.870528       6.842968       6.986488       7.093382       7.128483       7.107626       1.70141E+38    1.70141E+38    1.70141E+38    

6.715185       6.548149       6.392866       6.380685       6.383509       6.431121       6.482805       6.633252       6.843296       7.073831       7.269983       7.364136       7.330989       7.18044        7.01232        7.007019       7.118293       7.205739       7.248974       7.266279       1.70141E+38    1.70141E+38    1.70141E+38    

6.96339        6.885887       6.786064       6.749537       6.661726       6.593226       6.600629       6.749023       6.920757       7.098908       7.288225       7.404052       7.405293       7.29751        7.153605       7.088933       7.103925       7.158331       7.228076       7.25823        1.70141E+38    1.70141E+38    1.70141E+38    

7.139701       7.138669       7.112276       7.094838       7.016833       6.91537        6.859882       6.95317        7.100014       7.239847       7.368081       7.454266       7.466897       7.392537       7.253877       7.090384       6.967456       6.966224       7.007917       7.049202       1.70141E+38    1.70141E+38    1.70141E+38    

7.166116       7.195235       7.204784       7.200408       7.145124       7.072554       6.997844       7.050266       7.152166       7.261026       7.372986       7.456835       7.474648       7.427394       7.292036       7.05233        6.761789       6.609416       6.614502       6.664812       1.70141E+38    1.70141E+38    1.70141E+38    

6.980745       7.033623       7.063977       7.035952       6.999057       6.943977       6.933566       6.981215       7.054509       7.141158       7.258681       7.37774        7.431158       7.407335       7.292294       7.065346       6.7621         6.436034       6.268511       6.270933       1.70141E+38    1.70141E+38    1.70141E+38    

6.592327       6.632024       6.594608       6.539984       6.558053       6.623832       6.678201       6.716479       6.781218       6.866113       7.04227        7.24992        7.347683       7.345216       7.242958       7.056045       6.778831       6.444911       6.127913       5.987955       1.70141E+38    1.70141E+38    1.70141E+38    

6.225523       6.263528       6.272331       6.260965       6.289106       6.378329       6.411222       6.438106       6.544899       6.751704       6.974432       7.177088       7.256355       7.245971       7.17778        7.011465       6.776702       6.485823       6.205401       5.952093       1.70141E+38    1.70141E+38    1.70141E+38    

6.158167       6.258862       6.366514       6.446043       6.47552        6.495432       6.528339       6.566594       6.665617       6.870038       7.066052       7.186841       7.216157       7.131143       7.031944       6.921281       6.782499       6.611584       6.419108       6.20472        1.70141E+38    1.70141E+38    1.70141E+38    

6.315948       6.435801       6.510825       6.571804       6.593632       6.624028       6.667325       6.754278       6.852633       6.993487       7.12505        7.204838       7.217137       7.144131       6.956464       6.7942         6.688611       6.604052       6.52           6.388178       1.70141E+38    1.70141E+38    1.70141E+38    

6.329379       6.413579       6.442897       6.454401       6.476585       6.535156       6.635543       6.798245       6.941426       7.037333       7.105404       7.152461       7.206182       7.175159       7.051622       6.863519       6.655213       6.5017         5.257082       6.375475       1.70141E+38    1.70141E+38    1.70141E+38    

6.172434       6.226009       6.254413       6.300249       6.387897       6.499854       6.64274        6.79714        6.916549       6.989735       7.003629       7.009976       7.053638       7.089032       7.059915       6.984877       6.827775       6.591032       6.392059       6.269303       1.70141E+38    1.70141E+38    1.70141E+38    

5.925503       6.035686       6.157048       6.318509       6.477165       6.613091       6.723772       6.787471       6.829353       6.860919       6.842573       6.779396       6.782399       6.846322       6.878641       6.93759        6.931372       6.809556       6.602654       6.388185       1.70141E+38    1.70141E+38    1.70141E+38    

1.70141E+38    1.70141E+38    1.70141E+38    1.70141E+38    1.70141E+38    1.70141E+38    1.70141E+38    1.70141E+38    1.70141E+38    1.70141E+38    1.70141E+38    1.70141E+38    1.70141E+38    1.70141E+38    1.70141E+38    1.70141E+38    1.70141E+38    1.70141E+38    1.70141E+38    1.70141E+38    1.70141E+38    1.70141E+38    1.70141E+38    

1.70141E+38    1.70141E+38    1.70141E+38    1.70141E+38    1.70141E+38    1.70141E+38    1.70141E+38    1.70141E+38    1.70141E+38    1.70141E+38    1.70141E+38    1.70141E+38    1.70141E+38    1.70141E+38    1.70141E+38    1.70141E+38    1.70141E+38    1.70141E+38    1.70141E+38    1.70141E+38    1.70141E+38    1.70141E+38    1.70141E+38    

1.70141E+38    1.70141E+38    1.70141E+38    1.70141E+38    1.70141E+38    1.70141E+38    1.70141E+38    1.70141E+38    1.70141E+38    1.70141E+38    1.70141E+38    1.70141E+38    1.70141E+38    1.70141E+38    1.70141E+38    1.70141E+38    1.70141E+38    1.70141E+38    1.70141E+38    1.70141E+38    1.70141E+38    1.70141E+38    1.70141E+38    

1.70141E+38    1.70141E+38    1.70141E+38    1.70141E+38    1.70141E+38    1.70141E+38    1.70141E+38    1.70141E+38    1.70141E+38    1.70141E+38    1.70141E+38    1.70141E+38    1.70141E+38    1.70141E+38    1.70141E+38    1.70141E+38    1.70141E+38    1.70141E+38    1.70141E+38    1.70141E+38    1.70141E+38    1.70141E+38    1.70141E+38    

1.70141E+38    1.70141E+38    1.70141E+38    1.70141E+38    1.70141E+38    1.70141E+38    1.70141E+38    1.70141E+38    1.70141E+38    1.70141E+38    1.70141E+38    1.70141E+38    1.70141E+38    1.70141E+38    1.70141E+38    1.70141E+38    1.70141E+38    1.70141E+38    1.70141E+38    1.70141E+38    1.70141E+38    1.70141E+38    1.70141E+38    

1.70141E+38    1.70141E+38    1.70141E+38    1.70141E+38    1.70141E+38    1.70141E+38    1.70141E+38    1.70141E+38    1.70141E+38    1.70141E+38    1.70141E+38    1.70141E+38    1.70141E+38    1.70141E+38    1.70141E+38    1.70141E+38    1.70141E+38    1.70141E+38    1.70141E+38    1.70141E+38    1.70141E+38    1.70141E+38    1.70141E+38    

1.70141E+38    1.70141E+38    1.70141E+38    1.70141E+38    1.70141E+38    1.70141E+38    1.70141E+38    1.70141E+38    1.70141E+38    1.70141E+38    1.70141E+38    1.70141E+38    1.70141E+38    1.70141E+38    1.70141E+38    1.70141E+38    1.70141E+38    1.70141E+38    1.70141E+38    1.70141E+38    1.70141E+38    1.70141E+38    1.70141E+38    

1.70141E+38    1.70141E+38    1.70141E+38    1.70141E+38    1.70141E+38    1.70141E+38    1.70141E+38    1.70141E+38    1.70141E+38    1.70141E+38    1.70141E+38    1.70141E+38    1.70141E+38    1.70141E+38    1.70141E+38    1.70141E+38    1.70141E+38    1.70141E+38    1.70141E+38    1.70141E+38    1.70141E+38    1.70141E+38    1.70141E+38    

