py_wake/examples/data/ParqueFicticio/Ridge area   Sector 7   Height 30m   Weibull-k.grd
DSAA
23  33
 262878   265078
 6504214   6507414
 1.099609   2.384766
1.70141E+38    1.70141E+38    1.70141E+38    1.70141E+38    1.70141E+38    1.70141E+38    1.70141E+38    1.70141E+38    1.70141E+38    1.70141E+38    1.70141E+38    1.70141E+38    1.70141E+38    1.70141E+38    1.70141E+38    1.70141E+38    1.70141E+38    1.70141E+38    1.70141E+38    1.70141E+38    1.70141E+38    1.70141E+38    1.70141E+38    

1.70141E+38    1.70141E+38    1.70141E+38    1.70141E+38    1.70141E+38    1.70141E+38    1.70141E+38    1.70141E+38    1.70141E+38    1.70141E+38    1.70141E+38    1.70141E+38    1.70141E+38    1.70141E+38    1.70141E+38    1.70141E+38    1.70141E+38    1.70141E+38    1.70141E+38    1.70141E+38    1.70141E+38    1.70141E+38    1.70141E+38    

1.70141E+38    1.70141E+38    1.70141E+38    1.70141E+38    1.70141E+38    1.70141E+38    1.70141E+38    1.70141E+38    1.70141E+38    1.70141E+38    1.70141E+38    1.70141E+38    1.70141E+38    1.70141E+38    1.70141E+38    1.70141E+38    1.70141E+38    1.70141E+38    1.70141E+38    1.70141E+38    1.70141E+38    1.70141E+38    1.70141E+38    

1.70141E+38    1.70141E+38    1.70141E+38    1.70141E+38    1.70141E+38    1.70141E+38    1.70141E+38    1.70141E+38    1.70141E+38    1.70141E+38    1.70141E+38    1.70141E+38    1.70141E+38    1.70141E+38    1.70141E+38    1.70141E+38    1.70141E+38    1.70141E+38    1.70141E+38    1.70141E+38    1.70141E+38    1.70141E+38    1.70141E+38    

1.70141E+38    1.70141E+38    1.70141E+38    1.70141E+38    1.70141E+38    1.70141E+38    1.70141E+38    1.70141E+38    1.70141E+38    1.70141E+38    1.70141E+38    1.70141E+38    1.70141E+38    1.70141E+38    1.70141E+38    1.70141E+38    1.70141E+38    1.70141E+38    1.70141E+38    1.70141E+38    1.70141E+38    1.70141E+38    1.70141E+38    

2.220703       2.220703       2.224609       2.224609       2.220703       2.220703       2.220703       2.205078       2.177734       2.212891       2.212891       2.212891       2.212891       2.212891       2.212891       1.560547       1.908203       1.646484       2.138672       2.197266       1.70141E+38    1.70141E+38    1.70141E+38    

2.228516       2.224609       2.205078       2.189453       2.185547       2.185547       2.185547       2.185547       2.185547       2.201172       2.212891       2.212891       2.212891       2.212891       1.560547       1.814453       1.701172       1.701172       2.185547       2.212891       1.70141E+38    1.70141E+38    1.70141E+38    

2.216797       2.224609       2.212891       2.185547       2.185547       2.212891       2.212891       2.212891       2.212891       2.212891       2.212891       2.212891       2.212891       2.166016       1.369141       2.037109       2.005859       1.962891       2.216797       2.208984       1.70141E+38    1.70141E+38    1.70141E+38    

2.197266       2.201172       2.201172       2.201172       2.185547       2.162109       2.212891       2.212891       2.212891       2.212891       2.212891       2.212891       2.212891       1.994141       1.259766       1.775391       1.970703       2.017578       2.212891       2.208984       1.70141E+38    1.70141E+38    1.70141E+38    

2.185547       2.185547       2.193359       2.201172       2.189453       2.173828       2.154297       2.158203       2.212891       2.212891       2.212891       2.212891       2.212891       1.392578       1.458984       1.517578       2.072266       2.123047       2.205078       2.208984       1.70141E+38    1.70141E+38    1.70141E+38    

2.212891       2.216797       2.177734       2.189453       2.193359       2.173828       2.166016       2.166016       2.166016       2.212891       2.212891       2.212891       2.212891       2.212891       1.369141       1.888672       1.908203       2.236328       2.208984       2.208984       1.70141E+38    1.70141E+38    1.70141E+38    

2.212891       2.201172       2.208984       2.193359       2.181641       2.173828       2.181641       2.181641       2.185547       2.185547       2.212891       2.212891       2.212891       2.220703       1.615234       1.708984       1.892578       2.201172       2.216797       2.224609       1.70141E+38    1.70141E+38    1.70141E+38    

2.173828       2.208984       2.064453       2.072266       2.181641       2.232422       2.232422       2.224609       2.212891       2.212891       2.212891       2.212891       2.212891       2.220703       1.794922       1.798828       2.255859       2.201172       2.220703       2.224609       1.70141E+38    1.70141E+38    1.70141E+38    

2.181641       2.197266       2.150391       1.990234       1.740234       2.060547       2.201172       2.162109       2.216797       2.212891       2.212891       2.212891       2.212891       2.212891       2.259766       2.267578       2.232422       2.220703       2.208984       2.189453       1.70141E+38    1.70141E+38    1.70141E+38    

2.201172       2.166016       2.169922       2.220703       2.087891       2.154297       2.224609       2.224609       2.212891       2.212891       2.212891       2.212891       2.212891       2.212891       2.232422       2.240234       2.240234       2.232422       2.193359       2.197266       1.70141E+38    1.70141E+38    1.70141E+38    

2.197266       2.185547       2.181641       2.181641       2.166016       2.236328       2.236328       2.228516       2.208984       2.212891       2.212891       2.212891       2.212891       2.212891       2.232422       2.236328       2.216797       2.220703       2.193359       2.228516       1.70141E+38    1.70141E+38    1.70141E+38    

2.177734       2.173828       2.197266       2.208984       2.197266       2.181641       2.193359       2.236328       2.224609       2.212891       2.212891       2.212891       2.212891       2.212891       2.220703       2.228516       2.154297       2.017578       2.134766       2.228516       1.70141E+38    1.70141E+38    1.70141E+38    

2.173828       2.138672       2.177734       2.208984       2.201172       2.208984       2.236328       2.236328       2.228516       2.212891       2.212891       2.212891       2.212891       2.212891       2.208984       2.228516       2.212891       2.232422       1.810547       2.224609       1.70141E+38    1.70141E+38    1.70141E+38    

2.212891       2.025391       1.732422       2.212891       2.037109       2.150391       2.205078       2.197266       2.185547       2.208984       2.212891       2.212891       2.212891       2.212891       2.212891       1.099609       2.158203       2.158203       2.267578       2.119141       1.70141E+38    1.70141E+38    1.70141E+38    

2.212891       1.392578       1.482422       2.212891       2.212891       2.212891       2.212891       2.212891       2.212891       2.212891       2.212891       2.212891       2.212891       2.212891       2.212891       2.181641       2.048828       2.029297       1.904297       2.005859       1.70141E+38    1.70141E+38    1.70141E+38    

2.212891       2.212891       2.212891       2.212891       2.212891       2.212891       2.212891       2.212891       2.212891       2.212891       2.212891       2.212891       2.212891       2.212891       2.150391       2.025391       2.052734       1.333984       1.619141       1.869141       1.70141E+38    1.70141E+38    1.70141E+38    

2.212891       2.205078       2.216797       2.216797       2.146484       2.205078       2.212891       2.212891       2.212891       2.216797       2.216797       2.212891       2.212891       1.423828       1.931641       2.001953       1.927734       1.869141       1.638672       1.802734       1.70141E+38    1.70141E+38    1.70141E+38    

2.232422       2.228516       2.224609       2.208984       2.212891       2.212891       2.212891       2.212891       2.212891       2.224609       2.224609       2.212891       2.212891       1.439453       1.544922       1.931641       1.931641       1.990234       1.994141       1.849609       1.70141E+38    1.70141E+38    1.70141E+38    

2.232422       2.212891       2.212891       2.212891       2.212891       2.212891       2.212891       2.228516       2.232422       2.224609       2.212891       2.212891       2.212891       1.923828       1.189453       1.244141       1.423828       1.693359       1.767578       1.759766       1.70141E+38    1.70141E+38    1.70141E+38    

2.212891       2.212891       2.177734       2.154297       2.154297       2.205078       2.220703       2.232422       2.228516       2.212891       2.212891       2.384766       1.337891       1.669922       1.396484       1.697266       1.853516       1.802734       1.537109       1.548828       1.70141E+38    1.70141E+38    1.70141E+38    

1.70141E+38    1.70141E+38    1.70141E+38    1.70141E+38    1.70141E+38    1.70141E+38    1.70141E+38    1.70141E+38    1.70141E+38    1.70141E+38    1.70141E+38    1.70141E+38    1.70141E+38    1.70141E+38    1.70141E+38    1.70141E+38    1.70141E+38    1.70141E+38    1.70141E+38    1.70141E+38    1.70141E+38    1.70141E+38    1.70141E+38    

1.70141E+38    1.70141E+38    1.70141E+38    1.70141E+38    1.70141E+38    1.70141E+38    1.70141E+38    1.70141E+38    1.70141E+38    1.70141E+38    1.70141E+38    1.70141E+38    1.70141E+38    1.70141E+38    1.70141E+38    1.70141E+38    1.70141E+38    1.70141E+38    1.70141E+38    1.70141E+38    1.70141E+38    1.70141E+38    1.70141E+38    

1.70141E+38    1.70141E+38    1.70141E+38    1.70141E+38    1.70141E+38    1.70141E+38    1.70141E+38    1.70141E+38    1.70141E+38    1.70141E+38    1.70141E+38    1.70141E+38    1.70141E+38    1.70141E+38    1.70141E+38    1.70141E+38    1.70141E+38    1.70141E+38    1.70141E+38    1.70141E+38    1.70141E+38    1.70141E+38    1.70141E+38    

1.70141E+38    1.70141E+38    1.70141E+38    1.70141E+38    1.70141E+38    1.70141E+38    1.70141E+38    1.70141E+38    1.70141E+38    1.70141E+38    1.70141E+38    1.70141E+38    1.70141E+38    1.70141E+38    1.70141E+38    1.70141E+38    1.70141E+38    1.70141E+38    1.70141E+38    1.70141E+38    1.70141E+38    1.70141E+38    1.70141E+38    

1.70141E+38    1.70141E+38    1.70141E+38    1.70141E+38    1.70141E+38    1.70141E+38    1.70141E+38    1.70141E+38    1.70141E+38    1.70141E+38    1.70141E+38    1.70141E+38    1.70141E+38    1.70141E+38    1.70141E+38    1.70141E+38    1.70141E+38    1.70141E+38    1.70141E+38    1.70141E+38    1.70141E+38    1.70141E+38    1.70141E+38    

1.70141E+38    1.70141E+38    1.70141E+38    1.70141E+38    1.70141E+38    1.70141E+38    1.70141E+38    1.70141E+38    1.70141E+38    1.70141E+38    1.70141E+38    1.70141E+38    1.70141E+38    1.70141E+38    1.70141E+38    1.70141E+38    1.70141E+38    1.70141E+38    1.70141E+38    1.70141E+38    1.70141E+38    1.70141E+38    1.70141E+38    

1.70141E+38    1.70141E+38    1.70141E+38    1.70141E+38    1.70141E+38    1.70141E+38    1.70141E+38    1.70141E+38    1.70141E+38    1.70141E+38    1.70141E+38    1.70141E+38    1.70141E+38    1.70141E+38    1.70141E+38    1.70141E+38    1.70141E+38    1.70141E+38    1.70141E+38    1.70141E+38    1.70141E+38    1.70141E+38    1.70141E+38    

1.70141E+38    1.70141E+38    1.70141E+38    1.70141E+38    1.70141E+38    1.70141E+38    1.70141E+38    1.70141E+38    1.70141E+38    1.70141E+38    1.70141E+38    1.70141E+38    1.70141E+38    1.70141E+38    1.70141E+38    1.70141E+38    1.70141E+38    1.70141E+38    1.70141E+38    1.70141E+38    1.70141E+38    1.70141E+38    1.70141E+38    

