py_wake/examples/data/ParqueFicticio/Ridge area   Sector 9   Height 200m   Weibull-A.grd
DSAA
23  33
 262878   265078
 6504214   6507414
 1.610947   13.28288
1.70141E+38    1.70141E+38    1.70141E+38    1.70141E+38    1.70141E+38    1.70141E+38    1.70141E+38    1.70141E+38    1.70141E+38    1.70141E+38    1.70141E+38    1.70141E+38    1.70141E+38    1.70141E+38    1.70141E+38    1.70141E+38    1.70141E+38    1.70141E+38    1.70141E+38    1.70141E+38    1.70141E+38    1.70141E+38    1.70141E+38    

1.70141E+38    1.70141E+38    1.70141E+38    1.70141E+38    1.70141E+38    1.70141E+38    1.70141E+38    1.70141E+38    1.70141E+38    1.70141E+38    1.70141E+38    1.70141E+38    1.70141E+38    1.70141E+38    1.70141E+38    1.70141E+38    1.70141E+38    1.70141E+38    1.70141E+38    1.70141E+38    1.70141E+38    1.70141E+38    1.70141E+38    

1.70141E+38    1.70141E+38    1.70141E+38    1.70141E+38    1.70141E+38    1.70141E+38    1.70141E+38    1.70141E+38    1.70141E+38    1.70141E+38    1.70141E+38    1.70141E+38    1.70141E+38    1.70141E+38    1.70141E+38    1.70141E+38    1.70141E+38    1.70141E+38    1.70141E+38    1.70141E+38    1.70141E+38    1.70141E+38    1.70141E+38    

1.70141E+38    1.70141E+38    1.70141E+38    1.70141E+38    1.70141E+38    1.70141E+38    1.70141E+38    1.70141E+38    1.70141E+38    1.70141E+38    1.70141E+38    1.70141E+38    1.70141E+38    1.70141E+38    1.70141E+38    1.70141E+38    1.70141E+38    1.70141E+38    1.70141E+38    1.70141E+38    1.70141E+38    1.70141E+38    1.70141E+38    

1.70141E+38    1.70141E+38    1.70141E+38    1.70141E+38    1.70141E+38    1.70141E+38    1.70141E+38    1.70141E+38    1.70141E+38    1.70141E+38    1.70141E+38    1.70141E+38    1.70141E+38    1.70141E+38    1.70141E+38    1.70141E+38    1.70141E+38    1.70141E+38    1.70141E+38    1.70141E+38    1.70141E+38    1.70141E+38    1.70141E+38    

9.531907       9.579197       9.699635       9.9145         10.18379       10.48505       10.79064       11.15433       11.53025       11.94221       12.2971        12.52379       12.58009       12.433         12.09325       11.70149       11.31006       10.95598       10.94646       11.36087       1.70141E+38    1.70141E+38    1.70141E+38    

9.571018       9.640424       9.745467       9.923847       10.17591       10.47772       10.83945       11.25025       11.66595       12.06083       12.38684       12.56734       12.55548       12.29969       11.86488       11.45864       11.12326       10.94419       11.24458       11.75591       1.70141E+38    1.70141E+38    1.70141E+38    

9.577102       9.713739       9.876096       9.992128       10.12575       10.35654       10.69205       11.13575       11.61931       12.06592       12.40791       12.56673       12.50213       12.16985       11.70539       11.33408       11.09203       11.16311       11.58121       12.03337       1.70141E+38    1.70141E+38    1.70141E+38    

9.568046       9.714264       9.900687       10.04924       10.1861        10.38943       10.68004       11.08595       11.55035       12.0227        12.4113        12.57387       12.47763       12.11636       11.68744       11.37296       11.17773       11.3753        11.85764       12.22369       1.70141E+38    1.70141E+38    1.70141E+38    

9.58683        9.725405       9.925101       10.11994       10.30411       10.57179       10.92437       11.35012       11.74336       12.12189       12.46115       12.61866       12.54241       12.24616       11.84922       11.50476       11.32092       11.57568       12.03478       12.35735       1.70141E+38    1.70141E+38    1.70141E+38    

9.754586       9.806511       10.02114       10.30002       10.56204       10.84469       11.19783       11.61262       11.982         12.28986       12.55613       12.6972        12.6476        12.40655       12.00448       11.62212       11.5611        11.88062       12.24199       12.48132       1.70141E+38    1.70141E+38    1.70141E+38    

10.05666       9.969211       10.11261       10.4267        10.7413        11.04172       11.34078       11.69674       12.04366       12.35152       12.61033       12.75878       12.7325        12.50049       12.11248       11.84655       12.01461       12.29166       12.5044        12.59302       1.70141E+38    1.70141E+38    1.70141E+38    

10.41246       10.25213       10.1825        10.39538       10.67817       10.95008       11.21365       11.55292       11.93317       12.29513       12.61441       12.80217       12.80439       12.59655       12.26595       12.16536       12.39659       12.59474       12.67785       12.64878       1.70141E+38    1.70141E+38    1.70141E+38    

10.72002       10.60643       10.39322       10.43679       10.50365       10.71071       11.00299       11.32107       11.73112       12.1838        12.60469       12.84427       12.87762       12.70672       12.46504       12.46227       12.6057        12.70203       12.71192       12.61919       1.70141E+38    1.70141E+38    1.70141E+38    

10.94527       10.91073       10.75305       10.76201       10.70259       10.76963       11.08861       11.45907       11.85745       12.26505       12.6641        12.89357       12.93188       12.81509       12.64999       12.6069        12.62095       12.63889       12.59764       12.47521       1.70141E+38    1.70141E+38    1.70141E+38    

11.12769       11.16444       11.10761       11.11631       11.1253        11.18262       11.43886       11.7663        12.12277       12.45108       12.73984       12.91523       12.94881       12.86          12.70513       12.56019       12.43126       12.36007       12.29067       12.15897       1.70141E+38    1.70141E+38    1.70141E+38    

11.27837       11.34039       11.31638       11.31713       11.40683       11.55544       11.76656       11.99291       12.24245       12.49338       12.72095       12.87437       12.90621       12.82856       12.64546       12.36917       12.02344       11.78956       11.71826       11.65187       1.70141E+38    1.70141E+38    1.70141E+38    

11.30609       11.34976       11.30432       11.27575       11.42026       11.60191       11.81203       12.00896       12.19439       12.38719       12.60344       12.78323       12.82568       12.73838       12.52451       12.17804       11.74711       11.26272       10.8643        10.80263       1.70141E+38    1.70141E+38    1.70141E+38    

11.18225       11.15759       11.03889       11.00764       11.18976       11.41871       11.62213       11.76736       11.91705       12.12041       12.44151       12.70716       12.7388        12.60785       12.32858       11.92842       11.48113       10.69155       9.246805       8.708075       1.70141E+38    1.70141E+38    1.70141E+38    

10.86951       10.81735       10.78744       10.82304       10.98499       11.21758       11.34812       11.45405       11.68302       12.10658       12.50652       12.7054        12.64999       12.42436       12.07986       11.63504       10.90326       8.839443       7.184515       6.230457       1.70141E+38    1.70141E+38    1.70141E+38    

10.71414       10.81885       10.98626       11.15421       11.2677        11.37704       11.5179        11.71162       12.05853       12.53466       12.81597       12.82006       12.61125       12.15935       11.64261       11.05732       9.293343       7.075237       5.909202       5.307646       1.70141E+38    1.70141E+38    1.70141E+38    

11.01499       11.18877       11.30186       11.4166        11.49407       11.62202       11.82548       12.19222       12.61039       12.94339       13.04173       12.93233       12.65747       12.16963       11.31268       8.205541       4.961995       3.859707       3.689055       3.805757       1.70141E+38    1.70141E+38    1.70141E+38    

11.17648       11.29291       11.32571       11.34142       11.42295       11.66203       12.07562       12.6151        13.00243       13.18191       13.16574       12.96562       12.65448       12.26703       11.65079       8.021923       1.878097       1.837193       8.950733       1.610947       1.70141E+38    1.70141E+38    1.70141E+38    

11.11847       11.15832       11.15379       11.22765       11.47879       11.91806       12.4993        12.97986       13.22263       13.27448       13.15985       12.86656       12.53064       12.23259       11.84488       10.32191       5.003873       12.17378       10.58229       9.825547       1.70141E+38    1.70141E+38    1.70141E+38    

10.90406       10.99855       11.15895       11.48602       11.92292       12.41753       12.86272       13.16387       13.28288       13.22064       12.99313       12.62039       12.28446       12.03159       11.69687       10.8642        8.32618        3.952521       8.971034       12.2108        1.70141E+38    1.70141E+38    1.70141E+38    

1.70141E+38    1.70141E+38    1.70141E+38    1.70141E+38    1.70141E+38    1.70141E+38    1.70141E+38    1.70141E+38    1.70141E+38    1.70141E+38    1.70141E+38    1.70141E+38    1.70141E+38    1.70141E+38    1.70141E+38    1.70141E+38    1.70141E+38    1.70141E+38    1.70141E+38    1.70141E+38    1.70141E+38    1.70141E+38    1.70141E+38    

1.70141E+38    1.70141E+38    1.70141E+38    1.70141E+38    1.70141E+38    1.70141E+38    1.70141E+38    1.70141E+38    1.70141E+38    1.70141E+38    1.70141E+38    1.70141E+38    1.70141E+38    1.70141E+38    1.70141E+38    1.70141E+38    1.70141E+38    1.70141E+38    1.70141E+38    1.70141E+38    1.70141E+38    1.70141E+38    1.70141E+38    

1.70141E+38    1.70141E+38    1.70141E+38    1.70141E+38    1.70141E+38    1.70141E+38    1.70141E+38    1.70141E+38    1.70141E+38    1.70141E+38    1.70141E+38    1.70141E+38    1.70141E+38    1.70141E+38    1.70141E+38    1.70141E+38    1.70141E+38    1.70141E+38    1.70141E+38    1.70141E+38    1.70141E+38    1.70141E+38    1.70141E+38    

1.70141E+38    1.70141E+38    1.70141E+38    1.70141E+38    1.70141E+38    1.70141E+38    1.70141E+38    1.70141E+38    1.70141E+38    1.70141E+38    1.70141E+38    1.70141E+38    1.70141E+38    1.70141E+38    1.70141E+38    1.70141E+38    1.70141E+38    1.70141E+38    1.70141E+38    1.70141E+38    1.70141E+38    1.70141E+38    1.70141E+38    

1.70141E+38    1.70141E+38    1.70141E+38    1.70141E+38    1.70141E+38    1.70141E+38    1.70141E+38    1.70141E+38    1.70141E+38    1.70141E+38    1.70141E+38    1.70141E+38    1.70141E+38    1.70141E+38    1.70141E+38    1.70141E+38    1.70141E+38    1.70141E+38    1.70141E+38    1.70141E+38    1.70141E+38    1.70141E+38    1.70141E+38    

1.70141E+38    1.70141E+38    1.70141E+38    1.70141E+38    1.70141E+38    1.70141E+38    1.70141E+38    1.70141E+38    1.70141E+38    1.70141E+38    1.70141E+38    1.70141E+38    1.70141E+38    1.70141E+38    1.70141E+38    1.70141E+38    1.70141E+38    1.70141E+38    1.70141E+38    1.70141E+38    1.70141E+38    1.70141E+38    1.70141E+38    

1.70141E+38    1.70141E+38    1.70141E+38    1.70141E+38    1.70141E+38    1.70141E+38    1.70141E+38    1.70141E+38    1.70141E+38    1.70141E+38    1.70141E+38    1.70141E+38    1.70141E+38    1.70141E+38    1.70141E+38    1.70141E+38    1.70141E+38    1.70141E+38    1.70141E+38    1.70141E+38    1.70141E+38    1.70141E+38    1.70141E+38    

1.70141E+38    1.70141E+38    1.70141E+38    1.70141E+38    1.70141E+38    1.70141E+38    1.70141E+38    1.70141E+38    1.70141E+38    1.70141E+38    1.70141E+38    1.70141E+38    1.70141E+38    1.70141E+38    1.70141E+38    1.70141E+38    1.70141E+38    1.70141E+38    1.70141E+38    1.70141E+38    1.70141E+38    1.70141E+38    1.70141E+38    

