py_wake/examples/data/ParqueFicticio/Ridge area   Sector 12   Height 30m   Turbulence intensity.grd
DSAA
23  33
 262878   265078
 6504214   6507414
 11.92599   100
1.70141E+38    1.70141E+38    1.70141E+38    1.70141E+38    1.70141E+38    1.70141E+38    1.70141E+38    1.70141E+38    1.70141E+38    1.70141E+38    1.70141E+38    1.70141E+38    1.70141E+38    1.70141E+38    1.70141E+38    1.70141E+38    1.70141E+38    1.70141E+38    1.70141E+38    1.70141E+38    1.70141E+38    1.70141E+38    1.70141E+38    

1.70141E+38    1.70141E+38    1.70141E+38    1.70141E+38    1.70141E+38    1.70141E+38    1.70141E+38    1.70141E+38    1.70141E+38    1.70141E+38    1.70141E+38    1.70141E+38    1.70141E+38    1.70141E+38    1.70141E+38    1.70141E+38    1.70141E+38    1.70141E+38    1.70141E+38    1.70141E+38    1.70141E+38    1.70141E+38    1.70141E+38    

1.70141E+38    1.70141E+38    1.70141E+38    1.70141E+38    1.70141E+38    1.70141E+38    1.70141E+38    1.70141E+38    1.70141E+38    1.70141E+38    1.70141E+38    1.70141E+38    1.70141E+38    1.70141E+38    1.70141E+38    1.70141E+38    1.70141E+38    1.70141E+38    1.70141E+38    1.70141E+38    1.70141E+38    1.70141E+38    1.70141E+38    

1.70141E+38    1.70141E+38    1.70141E+38    1.70141E+38    1.70141E+38    1.70141E+38    1.70141E+38    1.70141E+38    1.70141E+38    1.70141E+38    1.70141E+38    1.70141E+38    1.70141E+38    1.70141E+38    1.70141E+38    1.70141E+38    1.70141E+38    1.70141E+38    1.70141E+38    1.70141E+38    1.70141E+38    1.70141E+38    1.70141E+38    

1.70141E+38    1.70141E+38    1.70141E+38    1.70141E+38    1.70141E+38    1.70141E+38    1.70141E+38    1.70141E+38    1.70141E+38    1.70141E+38    1.70141E+38    1.70141E+38    1.70141E+38    1.70141E+38    1.70141E+38    1.70141E+38    1.70141E+38    1.70141E+38    1.70141E+38    1.70141E+38    1.70141E+38    1.70141E+38    1.70141E+38    

18.78885       19.65727       19.16662       17.78677       16.4317        15.2748        15.51913       16.49785       17.05706       16.53509       16.34179       17.61215       20.31011       30.3541        56.44344       94.83824       69.68698       68.73563       94.21318       69.03233       1.70141E+38    1.70141E+38    1.70141E+38    

18.58934       19.99724       21.5823        21.80101       20.20418       18.8225        18.10294       16.95186       15.96039       15.72341       15.94233       16.94069       20.04582       38.15342       100            68.29517       70.54182       71.34725       80.07422       40.68926       1.70141E+38    1.70141E+38    1.70141E+38    

20.56922       21.08444       21.5643        22.56819       23.59533       25.33624       25.85858       24.57199       21.70936       19.10023       17.32019       17.97116       21.82983       53.96765       90.56152       96.64835       68.04467       64.12219       50.70668       26.88568       1.70141E+38    1.70141E+38    1.70141E+38    

25.30498       27.09094       26.1475        23.90339       23.81637       23.99186       25.80552       30.20099       31.18418       27.14058       21.04462       18.09759       22.53163       64.67976       82.97851       100            63.75058       59.91782       34.27922       24.9292        1.70141E+38    1.70141E+38    1.70141E+38    

33.60611       37.85266       32.59291       27.21621       23.59723       21.0963        20.31481       20.605         23.4699        25.21294       21.83005       18.02472       20.2105        37.28165       57.4683        100            59.60661       62.04588       31.37171       25.85788       1.70141E+38    1.70141E+38    1.70141E+38    

40.10494       63.57943       43.60426       26.64823       20.73258       19.16852       17.99622       16.53672       16.02323       16.66114       16.70238       15.96022       17.58979       27.25821       40.58206       63.79943       61.70322       59.71008       31.10734       25.31691       1.70141E+38    1.70141E+38    1.70141E+38    

43.35826       100            64.88911       32.2937        22.66044       19.79854       19.32261       17.77506       16.14287       15.13142       14.87192       14.71729       16.02281       24.27308       37.67893       62.22144       28.08194       22.83484       22.72552       21.11934       1.70141E+38    1.70141E+38    1.70141E+38    

26.00032       75.32172       100            62.47542       41.91525       35.43551       32.68708       28.96232       23.2508        19.03372       16.06332       14.38216       14.73917       21.20383       91.47101       48.37426       23.54757       18.38563       17.27425       17.34077       1.70141E+38    1.70141E+38    1.70141E+38    

14.47812       41.02079       100            79.45235       100            82.06407       53.1319        45.85258       37.28609       26.69497       18.1268        14.05739       14.0298        19.24499       42.50697       33.19706       21.77249       17.39569       15.83912       16.10132       1.70141E+38    1.70141E+38    1.70141E+38    

12.53281       16.29046       31.86083       30.83327       77.89665       92.83865       49.13037       31.00818       23.60118       20.62974       16.48211       13.28428       12.68882       15.60723       22.92778       26.67898       24.80708       21.34335       19.04262       18.21769       1.70141E+38    1.70141E+38    1.70141E+38    

12.05711       12.88685       14.96392       15.0546        18.84859       31.30011       22.50463       16.90027       14.56353       13.68248       13.04          12.30457       11.92599       12.89944       16.65313       32.87894       63.96391       39.95488       29.64714       24.99458       1.70141E+38    1.70141E+38    1.70141E+38    

12.00439       11.92819       12.4803        12.84372       13.02589       13.49061       13.80942       13.97674       13.72543       13.43743       13.02449       12.52207       12.47679       12.22065       14.47773       45.2861        100            68.76205       47.29871       33.68627       1.70141E+38    1.70141E+38    1.70141E+38    

14.29662       13.79461       13.85063       15.02586       14.80045       14.77929       14.84935       14.99414       15.23939       15.67701       15.90326       14.20584       12.76762       12.2442        13.05595       32.98926       46.41888       78.41081       59.06253       53.96223       1.70141E+38    1.70141E+38    1.70141E+38    

17.65264       18.34214       21.32585       24.99496       24.55249       23.95532       22.55073       22.54377       23.51455       26.10008       22.93262       15.92704       13.27542       12.43351       13.2755        16.41829       35.03363       52.84164       85.59923       73.40676       1.70141E+38    1.70141E+38    1.70141E+38    

22.08888       28.40513       38.59883       54.78058       47.66781       36.40562       36.61304       40.02858       41.18633       28.30055       20.10368       14.96394       13.61781       13.61721       14.21433       16.19195       21.79909       43.13152       51.7126        58.10642       1.70141E+38    1.70141E+38    1.70141E+38    

20.93895       22.26831       19.83908       17.68285       18.80651       19.57893       18.9193        20.42074       21.63152       16.73295       14.04161       13.00245       13.09041       24.25125       19.39262       19.12576       34.43606       28.21801       36.73154       44.60437       1.70141E+38    1.70141E+38    1.70141E+38    

14.84329       14.14915       13.86261       13.57106       13.50782       13.60617       13.89584       13.80116       14.05309       13.82495       12.95906       12.20811       12.30264       14.65701       23.34743       32.29481       37.17349       35.67352       32.78012       30.81562       1.70141E+38    1.70141E+38    1.70141E+38    

15.07448       14.89626       15.24509       15.97441       16.92881       16.82015       16.22746       14.09901       12.81808       12.97526       13.33774       13.29058       12.70339       12.81084       14.50275       26.04705       72.05826       90.74567       56.38348       36.09599       1.70141E+38    1.70141E+38    1.70141E+38    

18.06471       17.78615       17.82884       17.98012       17.70435       17.05676       15.66957       14.46283       13.824         13.72945       14.16281       15.70787       15.49589       14.01427       13.48374       14.84841       25.34119       85.20452       100            100            1.70141E+38    1.70141E+38    1.70141E+38    

20.86992       18.93457       17.45652       15.37707       14.07729       13.62873       13.50967       13.95328       14.67754       14.99504       15.18723       18.13382       19.36584       17.74859       17.85966       16.42316       22.59725       25.95403       47.9864        100            1.70141E+38    1.70141E+38    1.70141E+38    

1.70141E+38    1.70141E+38    1.70141E+38    1.70141E+38    1.70141E+38    1.70141E+38    1.70141E+38    1.70141E+38    1.70141E+38    1.70141E+38    1.70141E+38    1.70141E+38    1.70141E+38    1.70141E+38    1.70141E+38    1.70141E+38    1.70141E+38    1.70141E+38    1.70141E+38    1.70141E+38    1.70141E+38    1.70141E+38    1.70141E+38    

1.70141E+38    1.70141E+38    1.70141E+38    1.70141E+38    1.70141E+38    1.70141E+38    1.70141E+38    1.70141E+38    1.70141E+38    1.70141E+38    1.70141E+38    1.70141E+38    1.70141E+38    1.70141E+38    1.70141E+38    1.70141E+38    1.70141E+38    1.70141E+38    1.70141E+38    1.70141E+38    1.70141E+38    1.70141E+38    1.70141E+38    

1.70141E+38    1.70141E+38    1.70141E+38    1.70141E+38    1.70141E+38    1.70141E+38    1.70141E+38    1.70141E+38    1.70141E+38    1.70141E+38    1.70141E+38    1.70141E+38    1.70141E+38    1.70141E+38    1.70141E+38    1.70141E+38    1.70141E+38    1.70141E+38    1.70141E+38    1.70141E+38    1.70141E+38    1.70141E+38    1.70141E+38    

1.70141E+38    1.70141E+38    1.70141E+38    1.70141E+38    1.70141E+38    1.70141E+38    1.70141E+38    1.70141E+38    1.70141E+38    1.70141E+38    1.70141E+38    1.70141E+38    1.70141E+38    1.70141E+38    1.70141E+38    1.70141E+38    1.70141E+38    1.70141E+38    1.70141E+38    1.70141E+38    1.70141E+38    1.70141E+38    1.70141E+38    

1.70141E+38    1.70141E+38    1.70141E+38    1.70141E+38    1.70141E+38    1.70141E+38    1.70141E+38    1.70141E+38    1.70141E+38    1.70141E+38    1.70141E+38    1.70141E+38    1.70141E+38    1.70141E+38    1.70141E+38    1.70141E+38    1.70141E+38    1.70141E+38    1.70141E+38    1.70141E+38    1.70141E+38    1.70141E+38    1.70141E+38    

1.70141E+38    1.70141E+38    1.70141E+38    1.70141E+38    1.70141E+38    1.70141E+38    1.70141E+38    1.70141E+38    1.70141E+38    1.70141E+38    1.70141E+38    1.70141E+38    1.70141E+38    1.70141E+38    1.70141E+38    1.70141E+38    1.70141E+38    1.70141E+38    1.70141E+38    1.70141E+38    1.70141E+38    1.70141E+38    1.70141E+38    

1.70141E+38    1.70141E+38    1.70141E+38    1.70141E+38    1.70141E+38    1.70141E+38    1.70141E+38    1.70141E+38    1.70141E+38    1.70141E+38    1.70141E+38    1.70141E+38    1.70141E+38    1.70141E+38    1.70141E+38    1.70141E+38    1.70141E+38    1.70141E+38    1.70141E+38    1.70141E+38    1.70141E+38    1.70141E+38    1.70141E+38    

1.70141E+38    1.70141E+38    1.70141E+38    1.70141E+38    1.70141E+38    1.70141E+38    1.70141E+38    1.70141E+38    1.70141E+38    1.70141E+38    1.70141E+38    1.70141E+38    1.70141E+38    1.70141E+38    1.70141E+38    1.70141E+38    1.70141E+38    1.70141E+38    1.70141E+38    1.70141E+38    1.70141E+38    1.70141E+38    1.70141E+38    

