py_wake/examples/data/ParqueFicticio/Ridge area   Sector 3   Height 200m   Mean speed.grd
DSAA
23  33
 262878   265078
 6504214   6507414
 4.481075   7.712187
1.70141E+38    1.70141E+38    1.70141E+38    1.70141E+38    1.70141E+38    1.70141E+38    1.70141E+38    1.70141E+38    1.70141E+38    1.70141E+38    1.70141E+38    1.70141E+38    1.70141E+38    1.70141E+38    1.70141E+38    1.70141E+38    1.70141E+38    1.70141E+38    1.70141E+38    1.70141E+38    1.70141E+38    1.70141E+38    1.70141E+38    

1.70141E+38    1.70141E+38    1.70141E+38    1.70141E+38    1.70141E+38    1.70141E+38    1.70141E+38    1.70141E+38    1.70141E+38    1.70141E+38    1.70141E+38    1.70141E+38    1.70141E+38    1.70141E+38    1.70141E+38    1.70141E+38    1.70141E+38    1.70141E+38    1.70141E+38    1.70141E+38    1.70141E+38    1.70141E+38    1.70141E+38    

1.70141E+38    1.70141E+38    1.70141E+38    1.70141E+38    1.70141E+38    1.70141E+38    1.70141E+38    1.70141E+38    1.70141E+38    1.70141E+38    1.70141E+38    1.70141E+38    1.70141E+38    1.70141E+38    1.70141E+38    1.70141E+38    1.70141E+38    1.70141E+38    1.70141E+38    1.70141E+38    1.70141E+38    1.70141E+38    1.70141E+38    

1.70141E+38    1.70141E+38    1.70141E+38    1.70141E+38    1.70141E+38    1.70141E+38    1.70141E+38    1.70141E+38    1.70141E+38    1.70141E+38    1.70141E+38    1.70141E+38    1.70141E+38    1.70141E+38    1.70141E+38    1.70141E+38    1.70141E+38    1.70141E+38    1.70141E+38    1.70141E+38    1.70141E+38    1.70141E+38    1.70141E+38    

1.70141E+38    1.70141E+38    1.70141E+38    1.70141E+38    1.70141E+38    1.70141E+38    1.70141E+38    1.70141E+38    1.70141E+38    1.70141E+38    1.70141E+38    1.70141E+38    1.70141E+38    1.70141E+38    1.70141E+38    1.70141E+38    1.70141E+38    1.70141E+38    1.70141E+38    1.70141E+38    1.70141E+38    1.70141E+38    1.70141E+38    

4.481075       4.544707       4.743919       5.102514       5.471203       5.791737       6.038476       6.282667       6.504423       6.754201       6.974493       7.111038       7.124354       6.954249       6.637585       6.226292       5.934596       5.846568       6.066977       6.4923         1.70141E+38    1.70141E+38    1.70141E+38    

4.718436       4.804117       4.896712       5.08766        5.395801       5.724486       6.044506       6.344253       6.611129       6.852534       7.054406       7.161671       7.121457       6.866443       6.432285       6.061499       5.864612       5.899857       6.277296       6.709944       1.70141E+38    1.70141E+38    1.70141E+38    

4.837795       5.018367       5.204748       5.305876       5.410843       5.612579       5.895286       6.226888       6.559405       6.853004       7.079901       7.175626       7.094856       6.787294       6.358451       6.033209       5.901259       6.046236       6.466934       6.845747       1.70141E+38    1.70141E+38    1.70141E+38    

4.839999       5.033927       5.253385       5.408695       5.530825       5.691372       5.900023       6.174621       6.484798       6.802118       7.075312       7.19196        7.091184       6.776486       6.397592       6.132003       6.019606       6.217717       6.629323       6.945405       1.70141E+38    1.70141E+38    1.70141E+38    

4.798437       5.015734       5.277834       5.484098       5.644227       5.854399       6.097012       6.371848       6.616162       6.861422       7.100177       7.223858       7.153956       6.903743       6.565534       6.306662       6.229741       6.419625       6.779618       7.056816       1.70141E+38    1.70141E+38    1.70141E+38    

4.986847       5.053155       5.342963       5.634691       5.850152       6.055569       6.295058       6.570458       6.810938       7.003674       7.181265       7.288581       7.24335        7.040555       6.712218       6.484618       6.495219       6.731971       7.022904       7.22336        1.70141E+38    1.70141E+38    1.70141E+38    

5.381086       5.255542       5.41535        5.720314       5.975161       6.197485       6.398058       6.638832       6.871666       7.073803       7.243793       7.347198       7.315241       7.119961       6.848162       6.752033       6.909328       7.143198       7.324621       7.395513       1.70141E+38    1.70141E+38    1.70141E+38    

5.724691       5.561039       5.497318       5.677852       5.909894       6.11691        6.300617       6.530132       6.792476       7.038934       7.256042       7.38986        7.381065       7.203932       7.036652       7.099522       7.313114       7.469485       7.526929       7.479753       1.70141E+38    1.70141E+38    1.70141E+38    

5.990681       5.879019       5.716188       5.746963       5.810262       5.979431       6.18812        6.394935       6.664001       6.967675       7.260253       7.440735       7.45639        7.315742       7.250953       7.414487       7.565759       7.613873       7.574033       7.440813       1.70141E+38    1.70141E+38    1.70141E+38    

6.17785        6.13648        6.023017       6.043927       6.011313       6.076622       6.29555        6.535167       6.792798       7.058245       7.333602       7.51705        7.551943       7.465062       7.447586       7.593947       7.658647       7.618844       7.497015       7.296991       1.70141E+38    1.70141E+38    1.70141E+38    

6.310802       6.341815       6.292641       6.320564       6.336046       6.373644       6.544899       6.772513       7.021019       7.250671       7.457329       7.595893       7.637232       7.5893         7.52692        7.608624       7.582333       7.450815       7.25548        7.008161       1.70141E+38    1.70141E+38    1.70141E+38    

6.400256       6.46055        6.449968       6.468622       6.543727       6.641407       6.778726       6.947444       7.145043       7.336439       7.511146       7.638632       7.68256        7.649538       7.524728       7.456429       7.285048       7.049836       6.827967       6.610781       1.70141E+38    1.70141E+38    1.70141E+38    

6.357336       6.422759       6.407705       6.404795       6.530804       6.664032       6.813909       6.974555       7.145576       7.30931        7.485578       7.643708       7.706207       7.659462       7.490425       7.191519       6.915436       6.598444       6.353845       6.205113       1.70141E+38    1.70141E+38    1.70141E+38    

6.214022       6.226598       6.169849       6.173748       6.322932       6.501411       6.673723       6.82833        6.997172       7.179509       7.43002        7.653911       7.712187       7.625127       7.388303       7.015425       6.620142       6.253403       5.962408       5.845439       1.70141E+38    1.70141E+38    1.70141E+38    

5.972096       5.961708       5.984226       6.042278       6.16621        6.359988       6.512859       6.672985       6.895381       7.201091       7.49699        7.685055       7.6895         7.532578       7.227303       6.833809       6.45336        6.121831       5.883161       5.720138       1.70141E+38    1.70141E+38    1.70141E+38    

5.892683       6.001807       6.144747       6.288246       6.412336       6.536128       6.68794        6.85954        7.087267       7.388683       7.619453       7.696377       7.620443       7.353165       6.956899       6.613845       6.348592       6.140073       5.973943       5.825449       1.70141E+38    1.70141E+38    1.70141E+38    

6.170682       6.299104       6.399633       6.518869       6.622677       6.763232       6.927066       7.153496       7.392329       7.5753         7.671546       7.656144       7.502365       7.161665       6.683414       6.326078       6.13767        6.044979       5.990093       5.894674       1.70141E+38    1.70141E+38    1.70141E+38    

6.314986       6.394283       6.434744       6.495051       6.618137       6.815772       7.06927        7.364077       7.57176        7.64058        7.638119       7.535964       7.330348       7.017971       6.614407       6.242991       5.973109       5.83424        5.80334        5.785451       1.70141E+38    1.70141E+38    1.70141E+38    

6.287582       6.316163       6.347891       6.453185       6.652425       6.917829       7.233366       7.489649       7.594035       7.580679       7.500876       7.297756       7.061366       6.816663       6.539084       6.310856       6.063575       5.798967       5.6356         5.566119       1.70141E+38    1.70141E+38    1.70141E+38    

6.177551       6.260066       6.385536       6.59242        6.836878       7.098448       7.336413       7.474399       7.485816       7.4297         7.259056       6.970694       6.725042       6.525507       6.316577       6.246282       6.153641       5.952725       5.726402       5.562091       1.70141E+38    1.70141E+38    1.70141E+38    

1.70141E+38    1.70141E+38    1.70141E+38    1.70141E+38    1.70141E+38    1.70141E+38    1.70141E+38    1.70141E+38    1.70141E+38    1.70141E+38    1.70141E+38    1.70141E+38    1.70141E+38    1.70141E+38    1.70141E+38    1.70141E+38    1.70141E+38    1.70141E+38    1.70141E+38    1.70141E+38    1.70141E+38    1.70141E+38    1.70141E+38    

1.70141E+38    1.70141E+38    1.70141E+38    1.70141E+38    1.70141E+38    1.70141E+38    1.70141E+38    1.70141E+38    1.70141E+38    1.70141E+38    1.70141E+38    1.70141E+38    1.70141E+38    1.70141E+38    1.70141E+38    1.70141E+38    1.70141E+38    1.70141E+38    1.70141E+38    1.70141E+38    1.70141E+38    1.70141E+38    1.70141E+38    

1.70141E+38    1.70141E+38    1.70141E+38    1.70141E+38    1.70141E+38    1.70141E+38    1.70141E+38    1.70141E+38    1.70141E+38    1.70141E+38    1.70141E+38    1.70141E+38    1.70141E+38    1.70141E+38    1.70141E+38    1.70141E+38    1.70141E+38    1.70141E+38    1.70141E+38    1.70141E+38    1.70141E+38    1.70141E+38    1.70141E+38    

1.70141E+38    1.70141E+38    1.70141E+38    1.70141E+38    1.70141E+38    1.70141E+38    1.70141E+38    1.70141E+38    1.70141E+38    1.70141E+38    1.70141E+38    1.70141E+38    1.70141E+38    1.70141E+38    1.70141E+38    1.70141E+38    1.70141E+38    1.70141E+38    1.70141E+38    1.70141E+38    1.70141E+38    1.70141E+38    1.70141E+38    

1.70141E+38    1.70141E+38    1.70141E+38    1.70141E+38    1.70141E+38    1.70141E+38    1.70141E+38    1.70141E+38    1.70141E+38    1.70141E+38    1.70141E+38    1.70141E+38    1.70141E+38    1.70141E+38    1.70141E+38    1.70141E+38    1.70141E+38    1.70141E+38    1.70141E+38    1.70141E+38    1.70141E+38    1.70141E+38    1.70141E+38    

1.70141E+38    1.70141E+38    1.70141E+38    1.70141E+38    1.70141E+38    1.70141E+38    1.70141E+38    1.70141E+38    1.70141E+38    1.70141E+38    1.70141E+38    1.70141E+38    1.70141E+38    1.70141E+38    1.70141E+38    1.70141E+38    1.70141E+38    1.70141E+38    1.70141E+38    1.70141E+38    1.70141E+38    1.70141E+38    1.70141E+38    

1.70141E+38    1.70141E+38    1.70141E+38    1.70141E+38    1.70141E+38    1.70141E+38    1.70141E+38    1.70141E+38    1.70141E+38    1.70141E+38    1.70141E+38    1.70141E+38    1.70141E+38    1.70141E+38    1.70141E+38    1.70141E+38    1.70141E+38    1.70141E+38    1.70141E+38    1.70141E+38    1.70141E+38    1.70141E+38    1.70141E+38    

1.70141E+38    1.70141E+38    1.70141E+38    1.70141E+38    1.70141E+38    1.70141E+38    1.70141E+38    1.70141E+38    1.70141E+38    1.70141E+38    1.70141E+38    1.70141E+38    1.70141E+38    1.70141E+38    1.70141E+38    1.70141E+38    1.70141E+38    1.70141E+38    1.70141E+38    1.70141E+38    1.70141E+38    1.70141E+38    1.70141E+38    

