py_wake/examples/data/ParqueFicticio/Ridge area   Sector 12   Height 200m   Turbulence intensity.grd
DSAA
23  33
 262878   265078
 6504214   6507414
 9.301828   22.37435
1.70141E+38    1.70141E+38    1.70141E+38    1.70141E+38    1.70141E+38    1.70141E+38    1.70141E+38    1.70141E+38    1.70141E+38    1.70141E+38    1.70141E+38    1.70141E+38    1.70141E+38    1.70141E+38    1.70141E+38    1.70141E+38    1.70141E+38    1.70141E+38    1.70141E+38    1.70141E+38    1.70141E+38    1.70141E+38    1.70141E+38    

1.70141E+38    1.70141E+38    1.70141E+38    1.70141E+38    1.70141E+38    1.70141E+38    1.70141E+38    1.70141E+38    1.70141E+38    1.70141E+38    1.70141E+38    1.70141E+38    1.70141E+38    1.70141E+38    1.70141E+38    1.70141E+38    1.70141E+38    1.70141E+38    1.70141E+38    1.70141E+38    1.70141E+38    1.70141E+38    1.70141E+38    

1.70141E+38    1.70141E+38    1.70141E+38    1.70141E+38    1.70141E+38    1.70141E+38    1.70141E+38    1.70141E+38    1.70141E+38    1.70141E+38    1.70141E+38    1.70141E+38    1.70141E+38    1.70141E+38    1.70141E+38    1.70141E+38    1.70141E+38    1.70141E+38    1.70141E+38    1.70141E+38    1.70141E+38    1.70141E+38    1.70141E+38    

1.70141E+38    1.70141E+38    1.70141E+38    1.70141E+38    1.70141E+38    1.70141E+38    1.70141E+38    1.70141E+38    1.70141E+38    1.70141E+38    1.70141E+38    1.70141E+38    1.70141E+38    1.70141E+38    1.70141E+38    1.70141E+38    1.70141E+38    1.70141E+38    1.70141E+38    1.70141E+38    1.70141E+38    1.70141E+38    1.70141E+38    

1.70141E+38    1.70141E+38    1.70141E+38    1.70141E+38    1.70141E+38    1.70141E+38    1.70141E+38    1.70141E+38    1.70141E+38    1.70141E+38    1.70141E+38    1.70141E+38    1.70141E+38    1.70141E+38    1.70141E+38    1.70141E+38    1.70141E+38    1.70141E+38    1.70141E+38    1.70141E+38    1.70141E+38    1.70141E+38    1.70141E+38    

10.78438       10.81635       10.76613       10.64148       10.47112       10.30175       10.21044       10.13195       10.11861       10.09371       10.14189       10.33773       10.66646       11.31126       12.24421       13.39766       15.52236       17.72215       16.68755       13.99358       1.70141E+38    1.70141E+38    1.70141E+38    

10.8167        10.88575       10.93427       10.90495       10.76726       10.58762       10.37679       10.16402       10.01287       9.947208       9.969301       10.15386       10.58746       11.44657       12.58016       14.0508        16.5834        17.21612       14.22736       12.46798       1.70141E+38    1.70141E+38    1.70141E+38    

10.96709       10.9658        10.94685       11.02772       11.10548       11.0706        10.91658       10.65394       10.34478       10.10165       9.975323       10.10747       10.60628       11.54414       12.69762       14.31639       16.40918       14.90757       12.51352       11.90158       1.70141E+38    1.70141E+38    1.70141E+38    

11.19526       11.19576       11.10993       11.09907       11.14026       11.11948       11.06073       10.93928       10.72839       10.41744       10.09143       10.0507        10.56734       11.47733       12.44885       13.59117       14.47029       12.90431       11.89214       11.55849       1.70141E+38    1.70141E+38    1.70141E+38    

11.39913       11.436         11.31084       11.1857        11.08262       10.88475       10.66245       10.45263       10.36347       10.25435       10.04634       9.979871       10.34565       11.00097       11.71127       12.27916       12.41381       12.12467       11.64557       11.29339       1.70141E+38    1.70141E+38    1.70141E+38    

11.35579       11.59827       11.46977       11.18366       10.91563       10.63745       10.32166       10.00073       9.808273       9.756488       9.727386       9.751797       10.04878       10.55395       11.17863       11.56137       11.58887       11.46238       11.22061       10.93899       1.70141E+38    1.70141E+38    1.70141E+38    

11.06444       11.66221       11.72786       11.35927       10.92447       10.54823       10.25829       9.934881       9.683348       9.546397       9.505825       9.553341       9.833204       10.34846       10.90781       11.10072       10.87899       10.66729       10.52295       10.43551       1.70141E+38    1.70141E+38    1.70141E+38    

10.56386       11.41164       11.97174       11.86065       11.44446       11.02861       10.73197       10.36499       9.97854        9.701084       9.522101       9.478204       9.690895       10.18441       10.66173       10.68462       10.33759       10.04618       9.930745       9.963254       1.70141E+38    1.70141E+38    1.70141E+38    

10.05627       10.74525       11.57135       11.82168       11.89256       11.5765        11.20019       10.88654       10.4788        10.03753       9.648063       9.456895       9.586384       10.003         10.37342       10.33892       10.03171       9.782694       9.661588       9.688787       1.70141E+38    1.70141E+38    1.70141E+38    

9.710638       10.09765       10.67505       10.86984       11.2029        11.23559       10.89805       10.54689       10.24187       9.961198       9.629123       9.394755       9.437555       9.72888        10.0225        10.10679       10.04675       9.903044       9.785396       9.740044       1.70141E+38    1.70141E+38    1.70141E+38    

9.517193       9.623294       9.890521       9.998197       10.18007       10.36952       10.27513       10.04196       9.796983       9.611178       9.432705       9.304393       9.301828       9.473588       9.739146       10.0576        10.33679       10.38153       10.2915        10.22975       1.70141E+38    1.70141E+38    1.70141E+38    

9.497393       9.464299       9.565848       9.657446       9.72059        9.801818       9.848726       9.806863       9.682167       9.564066       9.434144       9.312338       9.302578       9.363459       9.62075        10.11483       10.76647       11.16984       11.14927       11.04506       1.70141E+38    1.70141E+38    1.70141E+38    

9.82932        9.720406       9.795298       9.944655       9.931039       9.957812       9.96288        9.943167       9.882101       9.830478       9.712578       9.495488       9.365411       9.375694       9.584134       10.03633       10.71743       11.47879       11.89161       11.90019       1.70141E+38    1.70141E+38    1.70141E+38    

10.41558       10.40264       10.59086       10.78734       10.72127       10.59363       10.51698       10.5195        10.48517       10.44776       10.17242       9.717193       9.476725       9.466343       9.679428       10.08858       10.63752       11.37939       12.1729        12.62993       1.70141E+38    1.70141E+38    1.70141E+38    

11.08237       11.14812       11.20695       11.30215       11.28188       11.0871        11.07559       11.11816       10.99171       10.61199       10.19694       9.763317       9.612749       9.656444       9.849021       10.1824        10.64848       11.27004       11.92645       12.84221       1.70141E+38    1.70141E+38    1.70141E+38    

11.20878       11.07176       10.87321       10.72822       10.7081        10.72172       10.71648       10.73863       10.63075       10.25448       9.878007       9.658422       9.653113       9.945162       10.22896       10.40531       10.62522       10.93931       11.34474       11.94356       1.70141E+38    1.70141E+38    1.70141E+38    

10.78476       10.58141       10.47162       10.3749        10.39119       10.39134       10.39458       10.29778       10.17978       9.936125       9.702601       9.593019       9.649384       9.978982       10.48037       10.80126       10.93371       11.00724       11.09819       11.37541       1.70141E+38    1.70141E+38    1.70141E+38    

10.7524        10.6271        10.63745       10.69255       10.7236        10.6774        10.54856       10.24061       9.968167       9.818563       9.746819       9.741656       9.74113        9.889185       10.23578       10.67661       11.14572       11.44926       22.37435       11.47316       1.70141E+38    1.70141E+38    1.70141E+38    

11.13391       11.09819       11.12321       11.09798       10.97862       10.81247       10.54764       10.23854       10.01826       9.917789       9.989063       10.15381       10.13311       10.08682       10.17493       10.31948       10.71596       11.34221       11.7712        11.91576       1.70141E+38    1.70141E+38    1.70141E+38    

11.74387       11.56409       11.35726       11.0497        10.76214       10.51648       10.30499       10.21946       10.20337       10.21299       10.35213       10.66989       10.74523       10.65717       10.62701       10.40927       10.39194       10.71655       11.22531       11.67954       1.70141E+38    1.70141E+38    1.70141E+38    

1.70141E+38    1.70141E+38    1.70141E+38    1.70141E+38    1.70141E+38    1.70141E+38    1.70141E+38    1.70141E+38    1.70141E+38    1.70141E+38    1.70141E+38    1.70141E+38    1.70141E+38    1.70141E+38    1.70141E+38    1.70141E+38    1.70141E+38    1.70141E+38    1.70141E+38    1.70141E+38    1.70141E+38    1.70141E+38    1.70141E+38    

1.70141E+38    1.70141E+38    1.70141E+38    1.70141E+38    1.70141E+38    1.70141E+38    1.70141E+38    1.70141E+38    1.70141E+38    1.70141E+38    1.70141E+38    1.70141E+38    1.70141E+38    1.70141E+38    1.70141E+38    1.70141E+38    1.70141E+38    1.70141E+38    1.70141E+38    1.70141E+38    1.70141E+38    1.70141E+38    1.70141E+38    

1.70141E+38    1.70141E+38    1.70141E+38    1.70141E+38    1.70141E+38    1.70141E+38    1.70141E+38    1.70141E+38    1.70141E+38    1.70141E+38    1.70141E+38    1.70141E+38    1.70141E+38    1.70141E+38    1.70141E+38    1.70141E+38    1.70141E+38    1.70141E+38    1.70141E+38    1.70141E+38    1.70141E+38    1.70141E+38    1.70141E+38    

1.70141E+38    1.70141E+38    1.70141E+38    1.70141E+38    1.70141E+38    1.70141E+38    1.70141E+38    1.70141E+38    1.70141E+38    1.70141E+38    1.70141E+38    1.70141E+38    1.70141E+38    1.70141E+38    1.70141E+38    1.70141E+38    1.70141E+38    1.70141E+38    1.70141E+38    1.70141E+38    1.70141E+38    1.70141E+38    1.70141E+38    

1.70141E+38    1.70141E+38    1.70141E+38    1.70141E+38    1.70141E+38    1.70141E+38    1.70141E+38    1.70141E+38    1.70141E+38    1.70141E+38    1.70141E+38    1.70141E+38    1.70141E+38    1.70141E+38    1.70141E+38    1.70141E+38    1.70141E+38    1.70141E+38    1.70141E+38    1.70141E+38    1.70141E+38    1.70141E+38    1.70141E+38    

1.70141E+38    1.70141E+38    1.70141E+38    1.70141E+38    1.70141E+38    1.70141E+38    1.70141E+38    1.70141E+38    1.70141E+38    1.70141E+38    1.70141E+38    1.70141E+38    1.70141E+38    1.70141E+38    1.70141E+38    1.70141E+38    1.70141E+38    1.70141E+38    1.70141E+38    1.70141E+38    1.70141E+38    1.70141E+38    1.70141E+38    

1.70141E+38    1.70141E+38    1.70141E+38    1.70141E+38    1.70141E+38    1.70141E+38    1.70141E+38    1.70141E+38    1.70141E+38    1.70141E+38    1.70141E+38    1.70141E+38    1.70141E+38    1.70141E+38    1.70141E+38    1.70141E+38    1.70141E+38    1.70141E+38    1.70141E+38    1.70141E+38    1.70141E+38    1.70141E+38    1.70141E+38    

1.70141E+38    1.70141E+38    1.70141E+38    1.70141E+38    1.70141E+38    1.70141E+38    1.70141E+38    1.70141E+38    1.70141E+38    1.70141E+38    1.70141E+38    1.70141E+38    1.70141E+38    1.70141E+38    1.70141E+38    1.70141E+38    1.70141E+38    1.70141E+38    1.70141E+38    1.70141E+38    1.70141E+38    1.70141E+38    1.70141E+38    

