py_wake/examples/data/ParqueFicticio/Ridge area   Sector 3   Height 30m   Turbulence intensity.grd
DSAA
23  33
 262878   265078
 6504214   6507414
 11.63671   100
1.70141E+38    1.70141E+38    1.70141E+38    1.70141E+38    1.70141E+38    1.70141E+38    1.70141E+38    1.70141E+38    1.70141E+38    1.70141E+38    1.70141E+38    1.70141E+38    1.70141E+38    1.70141E+38    1.70141E+38    1.70141E+38    1.70141E+38    1.70141E+38    1.70141E+38    1.70141E+38    1.70141E+38    1.70141E+38    1.70141E+38    

1.70141E+38    1.70141E+38    1.70141E+38    1.70141E+38    1.70141E+38    1.70141E+38    1.70141E+38    1.70141E+38    1.70141E+38    1.70141E+38    1.70141E+38    1.70141E+38    1.70141E+38    1.70141E+38    1.70141E+38    1.70141E+38    1.70141E+38    1.70141E+38    1.70141E+38    1.70141E+38    1.70141E+38    1.70141E+38    1.70141E+38    

1.70141E+38    1.70141E+38    1.70141E+38    1.70141E+38    1.70141E+38    1.70141E+38    1.70141E+38    1.70141E+38    1.70141E+38    1.70141E+38    1.70141E+38    1.70141E+38    1.70141E+38    1.70141E+38    1.70141E+38    1.70141E+38    1.70141E+38    1.70141E+38    1.70141E+38    1.70141E+38    1.70141E+38    1.70141E+38    1.70141E+38    

1.70141E+38    1.70141E+38    1.70141E+38    1.70141E+38    1.70141E+38    1.70141E+38    1.70141E+38    1.70141E+38    1.70141E+38    1.70141E+38    1.70141E+38    1.70141E+38    1.70141E+38    1.70141E+38    1.70141E+38    1.70141E+38    1.70141E+38    1.70141E+38    1.70141E+38    1.70141E+38    1.70141E+38    1.70141E+38    1.70141E+38    

1.70141E+38    1.70141E+38    1.70141E+38    1.70141E+38    1.70141E+38    1.70141E+38    1.70141E+38    1.70141E+38    1.70141E+38    1.70141E+38    1.70141E+38    1.70141E+38    1.70141E+38    1.70141E+38    1.70141E+38    1.70141E+38    1.70141E+38    1.70141E+38    1.70141E+38    1.70141E+38    1.70141E+38    1.70141E+38    1.70141E+38    

58.67171       67.3428        74.01255       67.51566       53.42542       41.86616       36.48936       29.83324       25.88833       21.15055       18.65133       18.02078       19.02418       24.96784       37.59744       56.10849       80.05138       98.22141       100            77.4041        1.70141E+38    1.70141E+38    1.70141E+38    

54.74683       59.18301       66.44186       71.58414       67.55097       54.62912       41.38517       30.36502       23.9067        20.25837       18.45834       18.06784       20.66784       30.42052       51.46442       76.07243       100            100            83.56127       31.5041        1.70141E+38    1.70141E+38    1.70141E+38    

54.77459       53.67674       53.25957       59.2677        69.47101       69.43589       57.2099        41.39631       29.55005       22.6427        19.79808       19.36704       23.7925        37.17344       61.95958       87.00202       100            100            71.03742       18.04265       1.70141E+38    1.70141E+38    1.70141E+38    

59.29937       56.97049       54.2259        56.41737       61.18072       61.16851       57.0435        45.6706        34.29047       25.72143       20.31339       19.3626        25.25765       39.97701       73.92509       92.78111       100            95.16687       34.74363       15.456         1.70141E+38    1.70141E+38    1.70141E+38    

64.05109       61.39684       56.92995       55.91549       58.09916       53.63498       44.70393       32.78377       26.92117       22.55651       19.04339       17.99594       21.85927       30.90653       56.17158       100            100            88.42706       25.04795       14.84284       1.70141E+38    1.70141E+38    1.70141E+38    

56.25252       61.29225       58.0407        50.03047       45.34895       40.84045       34.52238       25.41675       20.38556       18.75193       17.19118       16.26397       19.09272       26.39849       49.28308       47.26021       100            54.70225       18.73677       13.97551       1.70141E+38    1.70141E+38    1.70141E+38    

43.29924       52.21468       57.43729       50.0943        42.31242       36.31004       31.20421       23.99084       19.78423       17.89778       16.61032       15.72701       18.47392       28.68173       58.92562       37.75504       100            20.55187       14.11852       13.07222       1.70141E+38    1.70141E+38    1.70141E+38    

33.19691       48.2254        60.28097       52.38025       50.6675        48.70137       47.36815       35.21076       24.88181       19.95062       16.93208       15.28418       16.8915        28.21295       61.76224       100            22.74985       13.7631        12.70094       13.02875       1.70141E+38    1.70141E+38    1.70141E+38    

27.96942       36.72722       57.03267       60.25225       100            100            100            63.42131       42.13295       27.08065       17.32288       14.18345       14.58129       20.87562       35.08074       23.84538       14.5196        13.00068       12.92203       13.82526       1.70141E+38    1.70141E+38    1.70141E+38    

26.32282       31.4208        40.30247       39.05864       61.38194       75.88759       48.56999       40.23774       31.54633       23.97579       15.67762       12.83899       12.97733       14.64042       15.80391       14.89022       13.88088       13.26336       13.88346       15.30957       1.70141E+38    1.70141E+38    1.70141E+38    

26.4033        28.79323       33.76805       32.31483       34.95399       38.65136       32.38202       25.71831       19.38954       15.90149       13.43729       12.36957       12.36559       12.90602       13.87269       14.80769       15.71109       15.20464       15.54359       17.10351       1.70141E+38    1.70141E+38    1.70141E+38    

26.14767       27.59168       31.47911       32.59773       30.58586       27.99008       25.01346       21.87385       17.7233        15.07063       13.56425       12.71694       12.66178       12.53011       13.37518       15.31856       17.9972        18.32835       17.77572       18.44785       1.70141E+38    1.70141E+38    1.70141E+38    

28.72128       30.91998       39.00679       43.97638       38.10876       33.5167        29.12941       25.73969       21.37918       18.44575       15.58177       13.51718       12.72165       12.52228       13.60109       15.62004       17.67561       19.80355       20.17499       19.6972        1.70141E+38    1.70141E+38    1.70141E+38    

34.51344       41.44497       60.57203       76.96564       70.34949       64.46114       57.82475       55.99918       55.64564       56.9155        27.28247       13.48226       12.29546       12.62731       14.08184       15.85034       17.3579        19.29278       20.92401       20.6713        1.70141E+38    1.70141E+38    1.70141E+38    

46.15117       61.2836        76.39144       92.27934       100            100            100            100            100            100            26.54885       12.877         12.22737       12.95639       14.66885       16.21194       17.39028       18.66072       18.79989       19.18751       1.70141E+38    1.70141E+38    1.70141E+38    

49.65318       52.21539       49.87229       48.99855       53.03346       63.70446       87.95886       100            100            30.29843       13.51844       12.113         12.46983       14.29675       15.86231       16.50896       16.925         17.1907        17.05591       17.25712       1.70141E+38    1.70141E+38    1.70141E+38    

36.2165        36.21745       39.33779       41.29952       45.40825       42.41101       42.97754       35.14297       23.99977       13.75839       11.81851       11.69873       12.86084       15.06797       17.08743       17.76191       17.54407       17.02629       16.78981       17.0536        1.70141E+38    1.70141E+38    1.70141E+38    

30.40546       34.25721       47.27841       79.22456       100            100            68.13342       22.11336       13.48414       12.34285       11.63671       12.10536       13.35477       15.03999       16.56342       17.5566        18.3824        18.35196       17.86967       17.78749       1.70141E+38    1.70141E+38    1.70141E+38    

31.31293       42.13287       69.44552       100            100            100            42.35212       14.39678       11.992         11.88357       12.87028       14.00073       14.48833       15.52115       16.6345        16.81286       17.53052       19.10172       19.51354       19.57072       1.70141E+38    1.70141E+38    1.70141E+38    

36.05692       41.13229       46.28808       42.80762       36.59738       24.25336       14.76706       12.65606       12.02912       12.5253        14.12243       15.94483       16.01411       16.97426       17.96368       16.74427       16.81004       17.89815       19.08135       19.34736       1.70141E+38    1.70141E+38    1.70141E+38    

1.70141E+38    1.70141E+38    1.70141E+38    1.70141E+38    1.70141E+38    1.70141E+38    1.70141E+38    1.70141E+38    1.70141E+38    1.70141E+38    1.70141E+38    1.70141E+38    1.70141E+38    1.70141E+38    1.70141E+38    1.70141E+38    1.70141E+38    1.70141E+38    1.70141E+38    1.70141E+38    1.70141E+38    1.70141E+38    1.70141E+38    

1.70141E+38    1.70141E+38    1.70141E+38    1.70141E+38    1.70141E+38    1.70141E+38    1.70141E+38    1.70141E+38    1.70141E+38    1.70141E+38    1.70141E+38    1.70141E+38    1.70141E+38    1.70141E+38    1.70141E+38    1.70141E+38    1.70141E+38    1.70141E+38    1.70141E+38    1.70141E+38    1.70141E+38    1.70141E+38    1.70141E+38    

1.70141E+38    1.70141E+38    1.70141E+38    1.70141E+38    1.70141E+38    1.70141E+38    1.70141E+38    1.70141E+38    1.70141E+38    1.70141E+38    1.70141E+38    1.70141E+38    1.70141E+38    1.70141E+38    1.70141E+38    1.70141E+38    1.70141E+38    1.70141E+38    1.70141E+38    1.70141E+38    1.70141E+38    1.70141E+38    1.70141E+38    

1.70141E+38    1.70141E+38    1.70141E+38    1.70141E+38    1.70141E+38    1.70141E+38    1.70141E+38    1.70141E+38    1.70141E+38    1.70141E+38    1.70141E+38    1.70141E+38    1.70141E+38    1.70141E+38    1.70141E+38    1.70141E+38    1.70141E+38    1.70141E+38    1.70141E+38    1.70141E+38    1.70141E+38    1.70141E+38    1.70141E+38    

1.70141E+38    1.70141E+38    1.70141E+38    1.70141E+38    1.70141E+38    1.70141E+38    1.70141E+38    1.70141E+38    1.70141E+38    1.70141E+38    1.70141E+38    1.70141E+38    1.70141E+38    1.70141E+38    1.70141E+38    1.70141E+38    1.70141E+38    1.70141E+38    1.70141E+38    1.70141E+38    1.70141E+38    1.70141E+38    1.70141E+38    

1.70141E+38    1.70141E+38    1.70141E+38    1.70141E+38    1.70141E+38    1.70141E+38    1.70141E+38    1.70141E+38    1.70141E+38    1.70141E+38    1.70141E+38    1.70141E+38    1.70141E+38    1.70141E+38    1.70141E+38    1.70141E+38    1.70141E+38    1.70141E+38    1.70141E+38    1.70141E+38    1.70141E+38    1.70141E+38    1.70141E+38    

1.70141E+38    1.70141E+38    1.70141E+38    1.70141E+38    1.70141E+38    1.70141E+38    1.70141E+38    1.70141E+38    1.70141E+38    1.70141E+38    1.70141E+38    1.70141E+38    1.70141E+38    1.70141E+38    1.70141E+38    1.70141E+38    1.70141E+38    1.70141E+38    1.70141E+38    1.70141E+38    1.70141E+38    1.70141E+38    1.70141E+38    

1.70141E+38    1.70141E+38    1.70141E+38    1.70141E+38    1.70141E+38    1.70141E+38    1.70141E+38    1.70141E+38    1.70141E+38    1.70141E+38    1.70141E+38    1.70141E+38    1.70141E+38    1.70141E+38    1.70141E+38    1.70141E+38    1.70141E+38    1.70141E+38    1.70141E+38    1.70141E+38    1.70141E+38    1.70141E+38    1.70141E+38    

