py_wake/examples/data/ParqueFicticio/Ridge area   Sector 8   Height 200m   Mean speed.grd
DSAA
23  33
 262878   265078
 6504214   6507414
 1.668015   10.87885
1.70141E+38    1.70141E+38    1.70141E+38    1.70141E+38    1.70141E+38    1.70141E+38    1.70141E+38    1.70141E+38    1.70141E+38    1.70141E+38    1.70141E+38    1.70141E+38    1.70141E+38    1.70141E+38    1.70141E+38    1.70141E+38    1.70141E+38    1.70141E+38    1.70141E+38    1.70141E+38    1.70141E+38    1.70141E+38    1.70141E+38    

1.70141E+38    1.70141E+38    1.70141E+38    1.70141E+38    1.70141E+38    1.70141E+38    1.70141E+38    1.70141E+38    1.70141E+38    1.70141E+38    1.70141E+38    1.70141E+38    1.70141E+38    1.70141E+38    1.70141E+38    1.70141E+38    1.70141E+38    1.70141E+38    1.70141E+38    1.70141E+38    1.70141E+38    1.70141E+38    1.70141E+38    

1.70141E+38    1.70141E+38    1.70141E+38    1.70141E+38    1.70141E+38    1.70141E+38    1.70141E+38    1.70141E+38    1.70141E+38    1.70141E+38    1.70141E+38    1.70141E+38    1.70141E+38    1.70141E+38    1.70141E+38    1.70141E+38    1.70141E+38    1.70141E+38    1.70141E+38    1.70141E+38    1.70141E+38    1.70141E+38    1.70141E+38    

1.70141E+38    1.70141E+38    1.70141E+38    1.70141E+38    1.70141E+38    1.70141E+38    1.70141E+38    1.70141E+38    1.70141E+38    1.70141E+38    1.70141E+38    1.70141E+38    1.70141E+38    1.70141E+38    1.70141E+38    1.70141E+38    1.70141E+38    1.70141E+38    1.70141E+38    1.70141E+38    1.70141E+38    1.70141E+38    1.70141E+38    

1.70141E+38    1.70141E+38    1.70141E+38    1.70141E+38    1.70141E+38    1.70141E+38    1.70141E+38    1.70141E+38    1.70141E+38    1.70141E+38    1.70141E+38    1.70141E+38    1.70141E+38    1.70141E+38    1.70141E+38    1.70141E+38    1.70141E+38    1.70141E+38    1.70141E+38    1.70141E+38    1.70141E+38    1.70141E+38    1.70141E+38    

7.383531       7.419537       7.518321       7.680872       7.907927       8.091054       8.259521       8.451945       8.626356       8.81349        8.985645       9.093185       9.113832       8.97737        8.723826       8.381533       8.054237       7.826936       7.895743       8.296122       1.70141E+38    1.70141E+38    1.70141E+38    

7.451734       7.499648       7.575288       7.709976       7.88518        8.118983       8.331506       8.563005       8.756744       8.932845       9.076996       9.153172       9.111809       8.885602       8.55635        8.215177       7.939216       7.846544       8.152102       8.619116       1.70141E+38    1.70141E+38    1.70141E+38    

7.475076       7.580025       7.687311       7.754394       7.827421       7.999959       8.187078       8.433414       8.683875       8.908661       9.084855       9.15426        9.072056       8.791254       8.412581       8.147288       7.94321        8.011373       8.447846       8.860628       1.70141E+38    1.70141E+38    1.70141E+38    

7.464059       7.591568       7.723505       7.811142       7.876938       8.017057       8.155248       8.352764       8.582374       8.833218       9.06899        9.173543       9.071554       8.784778       8.453382       8.24662        8.072871       8.230836       8.711733       9.058279       1.70141E+38    1.70141E+38    1.70141E+38    

7.458023       7.608479       7.774753       7.91173        8.027316       8.18853        8.427384       8.647475       8.807611       8.967429       9.143345       9.246888       9.184832       8.977295       8.694455       8.485286       8.342687       8.507938       8.932749       9.249464       1.70141E+38    1.70141E+38    1.70141E+38    

7.563774       7.678241       7.892886       8.118641       8.31035        8.49803        8.751397       8.970961       9.122808       9.228822       9.325375       9.394512       9.353046       9.200153       8.933488       8.69958        8.724943       8.953176       9.268188       9.501455       1.70141E+38    1.70141E+38    1.70141E+38    

7.789819       7.788178       7.98056        8.254064       8.494141       8.698783       8.915602       9.089882       9.235011       9.351178       9.44756        9.512975       9.487189       9.346144       9.117087       9.01963        9.266072       9.520823       9.713632       9.803711       1.70141E+38    1.70141E+38    1.70141E+38    

8.113935       8.001101       8.010336       8.198686       8.417816       8.598495       8.741385       8.956314       9.149488       9.319071       9.471153       9.579632       9.592074       9.483482       9.334885       9.414895       9.711029       9.959556       10.04952       10.04891       1.70141E+38    1.70141E+38    1.70141E+38    

8.466096       8.372107       8.219256       8.219129       8.241285       8.361204       8.525945       8.72827        8.961082       9.221143       9.476652       9.648285       9.699193       9.640794       9.599136       9.770782       9.992867       10.16061       10.19552       10.15878       1.70141E+38    1.70141E+38    1.70141E+38    

8.770522       8.749846       8.649237       8.625896       8.518073       8.49027        8.66275        8.909602       9.128906       9.355451       9.594051       9.765417       9.832827       9.828498       9.844002       9.951503       10.05827       10.16448       10.1607        10.10236       1.70141E+38    1.70141E+38    1.70141E+38    

9.031187       9.07711        9.057434       9.052808       9.015443       8.987522       9.067566       9.278378       9.459016       9.626611       9.77342        9.882824       9.940175       9.957412       9.959256       9.956104       9.926289       9.891184       9.896765       9.831967       1.70141E+38    1.70141E+38    1.70141E+38    

9.192718       9.250898       9.261263       9.266639       9.292393       9.331374       9.378603       9.457138       9.612082       9.721612       9.829303       9.917957       9.968699       9.987602       9.950274       9.828101       9.597804       9.401584       9.377206       9.352915       1.70141E+38    1.70141E+38    1.70141E+38    

9.167227       9.214778       9.22376        9.217534       9.28113        9.346719       9.386578       9.446727       9.565269       9.637741       9.743933       9.863818       9.938288       9.947783       9.86926        9.672834       9.354506       8.976357       8.776589       8.754812       1.70141E+38    1.70141E+38    1.70141E+38    

8.939757       8.947367       8.918721       8.920499       9.015656       9.112163       9.154282       9.197989       9.299827       9.380832       9.572409       9.794689       9.883255       9.861389       9.727729       9.48254        9.168526       8.751106       8.283265       8.100794       1.70141E+38    1.70141E+38    1.70141E+38    

8.575845       8.538733       8.547232       8.62977        8.740208       8.84671        8.857351       8.875176       8.992499       9.300913       9.58545        9.790782       9.819244       9.729604       9.545373       9.290776       8.99146        8.598117       8.147528       7.777906       1.70141E+38    1.70141E+38    1.70141E+38    

8.415727       8.506469       8.650832       8.790198       8.86794        8.901417       8.935857       8.996592       9.164165       9.50542        9.732187       9.810607       9.757763       9.538447       9.268655       9.061392       8.869511       8.645713       8.360495       8.064598       1.70141E+38    1.70141E+38    1.70141E+38    

8.678602       8.805834       8.889106       8.960597       8.992417       9.033049       9.10121        9.271938       9.478693       9.715051       9.808993       9.793404       9.676379       9.403124       9.021087       8.696228       8.53614        8.473623       8.387255       8.15988        1.70141E+38    1.70141E+38    1.70141E+38    

8.804998       8.865198       8.869374       8.855939       8.879727       8.9812         9.182615       9.473098       9.680265       9.760077       9.78182        9.680179       9.532991       9.319832       9.011393       8.615561       7.936861       7.697213       7.913828       7.906685       1.70141E+38    1.70141E+38    1.70141E+38    

8.697478       8.697908       8.681162       8.709419       8.851389       9.090444       9.397117       9.637303       9.738562       9.726066       9.645391       9.433162       9.267829       9.135108       8.95085        8.759229       8.207004       1.668015       9.428176       8.753803       1.70141E+38    1.70141E+38    1.70141E+38    

8.45077        8.518326       8.644986       8.876352       9.137905       9.402372       9.608489       9.705742       9.694156       9.584026       9.426804       9.119358       8.890058       8.748307       8.587507       8.639334       8.556279       7.758736       3.7289         10.87885       1.70141E+38    1.70141E+38    1.70141E+38    

1.70141E+38    1.70141E+38    1.70141E+38    1.70141E+38    1.70141E+38    1.70141E+38    1.70141E+38    1.70141E+38    1.70141E+38    1.70141E+38    1.70141E+38    1.70141E+38    1.70141E+38    1.70141E+38    1.70141E+38    1.70141E+38    1.70141E+38    1.70141E+38    1.70141E+38    1.70141E+38    1.70141E+38    1.70141E+38    1.70141E+38    

1.70141E+38    1.70141E+38    1.70141E+38    1.70141E+38    1.70141E+38    1.70141E+38    1.70141E+38    1.70141E+38    1.70141E+38    1.70141E+38    1.70141E+38    1.70141E+38    1.70141E+38    1.70141E+38    1.70141E+38    1.70141E+38    1.70141E+38    1.70141E+38    1.70141E+38    1.70141E+38    1.70141E+38    1.70141E+38    1.70141E+38    

1.70141E+38    1.70141E+38    1.70141E+38    1.70141E+38    1.70141E+38    1.70141E+38    1.70141E+38    1.70141E+38    1.70141E+38    1.70141E+38    1.70141E+38    1.70141E+38    1.70141E+38    1.70141E+38    1.70141E+38    1.70141E+38    1.70141E+38    1.70141E+38    1.70141E+38    1.70141E+38    1.70141E+38    1.70141E+38    1.70141E+38    

1.70141E+38    1.70141E+38    1.70141E+38    1.70141E+38    1.70141E+38    1.70141E+38    1.70141E+38    1.70141E+38    1.70141E+38    1.70141E+38    1.70141E+38    1.70141E+38    1.70141E+38    1.70141E+38    1.70141E+38    1.70141E+38    1.70141E+38    1.70141E+38    1.70141E+38    1.70141E+38    1.70141E+38    1.70141E+38    1.70141E+38    

1.70141E+38    1.70141E+38    1.70141E+38    1.70141E+38    1.70141E+38    1.70141E+38    1.70141E+38    1.70141E+38    1.70141E+38    1.70141E+38    1.70141E+38    1.70141E+38    1.70141E+38    1.70141E+38    1.70141E+38    1.70141E+38    1.70141E+38    1.70141E+38    1.70141E+38    1.70141E+38    1.70141E+38    1.70141E+38    1.70141E+38    

1.70141E+38    1.70141E+38    1.70141E+38    1.70141E+38    1.70141E+38    1.70141E+38    1.70141E+38    1.70141E+38    1.70141E+38    1.70141E+38    1.70141E+38    1.70141E+38    1.70141E+38    1.70141E+38    1.70141E+38    1.70141E+38    1.70141E+38    1.70141E+38    1.70141E+38    1.70141E+38    1.70141E+38    1.70141E+38    1.70141E+38    

1.70141E+38    1.70141E+38    1.70141E+38    1.70141E+38    1.70141E+38    1.70141E+38    1.70141E+38    1.70141E+38    1.70141E+38    1.70141E+38    1.70141E+38    1.70141E+38    1.70141E+38    1.70141E+38    1.70141E+38    1.70141E+38    1.70141E+38    1.70141E+38    1.70141E+38    1.70141E+38    1.70141E+38    1.70141E+38    1.70141E+38    

1.70141E+38    1.70141E+38    1.70141E+38    1.70141E+38    1.70141E+38    1.70141E+38    1.70141E+38    1.70141E+38    1.70141E+38    1.70141E+38    1.70141E+38    1.70141E+38    1.70141E+38    1.70141E+38    1.70141E+38    1.70141E+38    1.70141E+38    1.70141E+38    1.70141E+38    1.70141E+38    1.70141E+38    1.70141E+38    1.70141E+38    

