py_wake/examples/data/ParqueFicticio/Ridge area   Sector 12   Height 200m   Weibull-A.grd
DSAA
23  33
 262878   265078
 6504214   6507414
 5.553854   8.465697
1.70141E+38    1.70141E+38    1.70141E+38    1.70141E+38    1.70141E+38    1.70141E+38    1.70141E+38    1.70141E+38    1.70141E+38    1.70141E+38    1.70141E+38    1.70141E+38    1.70141E+38    1.70141E+38    1.70141E+38    1.70141E+38    1.70141E+38    1.70141E+38    1.70141E+38    1.70141E+38    1.70141E+38    1.70141E+38    1.70141E+38    

1.70141E+38    1.70141E+38    1.70141E+38    1.70141E+38    1.70141E+38    1.70141E+38    1.70141E+38    1.70141E+38    1.70141E+38    1.70141E+38    1.70141E+38    1.70141E+38    1.70141E+38    1.70141E+38    1.70141E+38    1.70141E+38    1.70141E+38    1.70141E+38    1.70141E+38    1.70141E+38    1.70141E+38    1.70141E+38    1.70141E+38    

1.70141E+38    1.70141E+38    1.70141E+38    1.70141E+38    1.70141E+38    1.70141E+38    1.70141E+38    1.70141E+38    1.70141E+38    1.70141E+38    1.70141E+38    1.70141E+38    1.70141E+38    1.70141E+38    1.70141E+38    1.70141E+38    1.70141E+38    1.70141E+38    1.70141E+38    1.70141E+38    1.70141E+38    1.70141E+38    1.70141E+38    

1.70141E+38    1.70141E+38    1.70141E+38    1.70141E+38    1.70141E+38    1.70141E+38    1.70141E+38    1.70141E+38    1.70141E+38    1.70141E+38    1.70141E+38    1.70141E+38    1.70141E+38    1.70141E+38    1.70141E+38    1.70141E+38    1.70141E+38    1.70141E+38    1.70141E+38    1.70141E+38    1.70141E+38    1.70141E+38    1.70141E+38    

1.70141E+38    1.70141E+38    1.70141E+38    1.70141E+38    1.70141E+38    1.70141E+38    1.70141E+38    1.70141E+38    1.70141E+38    1.70141E+38    1.70141E+38    1.70141E+38    1.70141E+38    1.70141E+38    1.70141E+38    1.70141E+38    1.70141E+38    1.70141E+38    1.70141E+38    1.70141E+38    1.70141E+38    1.70141E+38    1.70141E+38    

6.860738       6.930104       7.03832        7.190162       7.356061       7.507017       7.611899       7.689827       7.721671       7.728773       7.707775       7.607343       7.461733       7.207291       6.843152       6.438906       5.952559       5.553854       5.750881       6.318635       1.70141E+38    1.70141E+38    1.70141E+38    

6.877006       6.932031       6.99531        7.100546       7.251304       7.411236       7.570529       7.705761       7.795943       7.85489        7.83626        7.74369        7.555657       7.213523       6.762021       6.288553       5.756834       5.652169       6.283666       6.716733       1.70141E+38    1.70141E+38    1.70141E+38    

6.844676       6.935333       7.02766        7.078524       7.129723       7.228111       7.361739       7.525036       7.707747       7.827736       7.878062       7.815417       7.606135       7.22489        6.752063       6.258882       5.816475       6.134268       6.726526       6.946271       1.70141E+38    1.70141E+38    1.70141E+38    

6.778104       6.874304       7.003563       7.096252       7.165914       7.24438        7.328376       7.432629       7.583014       7.737686       7.870315       7.874789       7.670467       7.294549       6.882006       6.506938       6.251953       6.60736        6.983164       7.140091       1.70141E+38    1.70141E+38    1.70141E+38    

6.727942       6.813537       6.969738       7.126599       7.256853       7.401548       7.542774       7.695316       7.774439       7.845155       7.933616       7.952333       7.802502       7.52152        7.195107       6.916348       6.787228       6.913248       7.159379       7.310476       1.70141E+38    1.70141E+38    1.70141E+38    

6.798719       6.794897       6.964026       7.188621       7.377936       7.545945       7.742729       7.915253       8.030937       8.085818       8.112625       8.098388       7.973267       7.750743       7.450863       7.21335        7.182538       7.288328       7.41539        7.519444       1.70141E+38    1.70141E+38    1.70141E+38    

6.994162       6.840992       6.930442       7.189881       7.425303       7.580977       7.760807       7.944794       8.097691       8.197429       8.245429       8.231411       8.117946       7.896872       7.62053        7.491141       7.60326        7.717612       7.775946       7.790856       1.70141E+38    1.70141E+38    1.70141E+38    

7.289617       7.042778       6.939047       7.092388       7.27931        7.442865       7.548972       7.752816       7.974911       8.152807       8.269496       8.302991       8.225051       8.018494       7.78146        7.750202       7.91275        8.033817       8.07357        8.049949       1.70141E+38    1.70141E+38    1.70141E+38    

7.603615       7.414452       7.235466       7.218433       7.221485       7.277649       7.342288       7.512694       7.750619       8.010842       8.233          8.33963        8.302086       8.132488       7.942018       7.936002       8.06203        8.161069       8.210036       8.229635       1.70141E+38    1.70141E+38    1.70141E+38    

7.88126        7.793491       7.678048       7.634377       7.534945       7.459819       7.474799       7.64381        7.83834        8.040138       8.254579       8.384817       8.387167       8.265061       8.102022       8.028777       8.045756       8.107377       8.186367       8.22052        1.70141E+38    1.70141E+38    1.70141E+38    

8.078189       8.076962       8.045576       8.025662       7.937551       7.824229       7.767279       7.875014       8.041341       8.199739       8.344997       8.442623       8.456925       8.372679       8.21559        8.030419       7.891195       7.8898         7.93702        7.983789       1.70141E+38    1.70141E+38    1.70141E+38    

8.106779       8.140774       8.150174       8.145097       8.083961       8.004493       7.925573       7.984983       8.100392       8.223708       8.350538       8.445522       8.465697       8.412161       8.258819       7.987322       7.65826        7.485686       7.491447       7.548455       1.70141E+38    1.70141E+38    1.70141E+38    

7.898274       7.958201       7.99126        7.960404       7.921178       7.862397       7.852811       7.906778       7.989788       8.087941       8.221073       8.355937       8.416442       8.38945        8.259133       8.002066       7.658613       7.289318       7.099591       7.102367       1.70141E+38    1.70141E+38    1.70141E+38    

7.463361       7.509387       7.466044       7.405086       7.427513       7.502013       7.563591       7.606944       7.680266       7.776436       7.975972       8.211169       8.321901       8.319106       8.203282       7.991575       7.677598       7.299403       6.940381       6.781877       1.70141E+38    1.70141E+38    1.70141E+38    

7.050096       7.093135       7.103104       7.091038       7.12291        7.223961       7.261217       7.291673       7.412633       7.646864       7.899137       8.128676       8.218462       8.20671        8.129485       7.941123       7.675233       7.345786       7.02818        6.741279       1.70141E+38    1.70141E+38    1.70141E+38    

6.973818       7.087851       7.209762       7.300653       7.334038       7.356592       7.393868       7.4372         7.549351       7.780875       8.002891       8.139714       8.172935       8.076667       7.96343        7.838121       7.680959       7.487404       7.269429       7.027434       1.70141E+38    1.70141E+38    1.70141E+38    

7.152498       7.288225       7.374023       7.443087       7.467809       7.502235       7.551272       7.649754       7.761147       7.920677       8.0697         8.160093       8.17405        8.090473       7.87797        7.694226       7.574659       7.478901       7.383712       7.234422       1.70141E+38    1.70141E+38    1.70141E+38    

7.167707       7.263061       7.29709        7.310121       7.335245       7.401582       7.515277       7.69955        7.861713       7.970336       8.047445       8.100774       8.161656       8.125626       7.985748       7.771841       7.535983       7.36216        5.726339       7.220057       1.70141E+38    1.70141E+38    1.70141E+38    

6.989975       7.050647       7.083617       7.13553        7.234798       7.361598       7.523429       7.698299       7.833538       7.916428       7.932181       7.939411       7.987999       8.028113       7.99423        7.909278       7.731401       7.463338       7.238028       7.099014       1.70141E+38    1.70141E+38    1.70141E+38    

6.710338       6.835891       6.973343       7.156212       7.335902       7.489847       7.615204       7.687347       7.734781       7.770534       7.749793       7.677411       7.680855       7.752375       7.788991       7.855753       7.847796       7.709886       7.47563        7.23279        1.70141E+38    1.70141E+38    1.70141E+38    

1.70141E+38    1.70141E+38    1.70141E+38    1.70141E+38    1.70141E+38    1.70141E+38    1.70141E+38    1.70141E+38    1.70141E+38    1.70141E+38    1.70141E+38    1.70141E+38    1.70141E+38    1.70141E+38    1.70141E+38    1.70141E+38    1.70141E+38    1.70141E+38    1.70141E+38    1.70141E+38    1.70141E+38    1.70141E+38    1.70141E+38    

1.70141E+38    1.70141E+38    1.70141E+38    1.70141E+38    1.70141E+38    1.70141E+38    1.70141E+38    1.70141E+38    1.70141E+38    1.70141E+38    1.70141E+38    1.70141E+38    1.70141E+38    1.70141E+38    1.70141E+38    1.70141E+38    1.70141E+38    1.70141E+38    1.70141E+38    1.70141E+38    1.70141E+38    1.70141E+38    1.70141E+38    

1.70141E+38    1.70141E+38    1.70141E+38    1.70141E+38    1.70141E+38    1.70141E+38    1.70141E+38    1.70141E+38    1.70141E+38    1.70141E+38    1.70141E+38    1.70141E+38    1.70141E+38    1.70141E+38    1.70141E+38    1.70141E+38    1.70141E+38    1.70141E+38    1.70141E+38    1.70141E+38    1.70141E+38    1.70141E+38    1.70141E+38    

1.70141E+38    1.70141E+38    1.70141E+38    1.70141E+38    1.70141E+38    1.70141E+38    1.70141E+38    1.70141E+38    1.70141E+38    1.70141E+38    1.70141E+38    1.70141E+38    1.70141E+38    1.70141E+38    1.70141E+38    1.70141E+38    1.70141E+38    1.70141E+38    1.70141E+38    1.70141E+38    1.70141E+38    1.70141E+38    1.70141E+38    

1.70141E+38    1.70141E+38    1.70141E+38    1.70141E+38    1.70141E+38    1.70141E+38    1.70141E+38    1.70141E+38    1.70141E+38    1.70141E+38    1.70141E+38    1.70141E+38    1.70141E+38    1.70141E+38    1.70141E+38    1.70141E+38    1.70141E+38    1.70141E+38    1.70141E+38    1.70141E+38    1.70141E+38    1.70141E+38    1.70141E+38    

1.70141E+38    1.70141E+38    1.70141E+38    1.70141E+38    1.70141E+38    1.70141E+38    1.70141E+38    1.70141E+38    1.70141E+38    1.70141E+38    1.70141E+38    1.70141E+38    1.70141E+38    1.70141E+38    1.70141E+38    1.70141E+38    1.70141E+38    1.70141E+38    1.70141E+38    1.70141E+38    1.70141E+38    1.70141E+38    1.70141E+38    

1.70141E+38    1.70141E+38    1.70141E+38    1.70141E+38    1.70141E+38    1.70141E+38    1.70141E+38    1.70141E+38    1.70141E+38    1.70141E+38    1.70141E+38    1.70141E+38    1.70141E+38    1.70141E+38    1.70141E+38    1.70141E+38    1.70141E+38    1.70141E+38    1.70141E+38    1.70141E+38    1.70141E+38    1.70141E+38    1.70141E+38    

1.70141E+38    1.70141E+38    1.70141E+38    1.70141E+38    1.70141E+38    1.70141E+38    1.70141E+38    1.70141E+38    1.70141E+38    1.70141E+38    1.70141E+38    1.70141E+38    1.70141E+38    1.70141E+38    1.70141E+38    1.70141E+38    1.70141E+38    1.70141E+38    1.70141E+38    1.70141E+38    1.70141E+38    1.70141E+38    1.70141E+38    

