py_wake/examples/data/ParqueFicticio/Ridge area   Sector 11   Height 30m   Weibull-k.grd
DSAA
23  33
 262878   265078
 6504214   6507414
 .9628906   2.392578
1.70141E+38    1.70141E+38    1.70141E+38    1.70141E+38    1.70141E+38    1.70141E+38    1.70141E+38    1.70141E+38    1.70141E+38    1.70141E+38    1.70141E+38    1.70141E+38    1.70141E+38    1.70141E+38    1.70141E+38    1.70141E+38    1.70141E+38    1.70141E+38    1.70141E+38    1.70141E+38    1.70141E+38    1.70141E+38    1.70141E+38    

1.70141E+38    1.70141E+38    1.70141E+38    1.70141E+38    1.70141E+38    1.70141E+38    1.70141E+38    1.70141E+38    1.70141E+38    1.70141E+38    1.70141E+38    1.70141E+38    1.70141E+38    1.70141E+38    1.70141E+38    1.70141E+38    1.70141E+38    1.70141E+38    1.70141E+38    1.70141E+38    1.70141E+38    1.70141E+38    1.70141E+38    

1.70141E+38    1.70141E+38    1.70141E+38    1.70141E+38    1.70141E+38    1.70141E+38    1.70141E+38    1.70141E+38    1.70141E+38    1.70141E+38    1.70141E+38    1.70141E+38    1.70141E+38    1.70141E+38    1.70141E+38    1.70141E+38    1.70141E+38    1.70141E+38    1.70141E+38    1.70141E+38    1.70141E+38    1.70141E+38    1.70141E+38    

1.70141E+38    1.70141E+38    1.70141E+38    1.70141E+38    1.70141E+38    1.70141E+38    1.70141E+38    1.70141E+38    1.70141E+38    1.70141E+38    1.70141E+38    1.70141E+38    1.70141E+38    1.70141E+38    1.70141E+38    1.70141E+38    1.70141E+38    1.70141E+38    1.70141E+38    1.70141E+38    1.70141E+38    1.70141E+38    1.70141E+38    

1.70141E+38    1.70141E+38    1.70141E+38    1.70141E+38    1.70141E+38    1.70141E+38    1.70141E+38    1.70141E+38    1.70141E+38    1.70141E+38    1.70141E+38    1.70141E+38    1.70141E+38    1.70141E+38    1.70141E+38    1.70141E+38    1.70141E+38    1.70141E+38    1.70141E+38    1.70141E+38    1.70141E+38    1.70141E+38    1.70141E+38    

1.841797       1.845703       1.861328       1.869141       1.873047       1.873047       1.865234       1.841797       1.783203       1.732422       1.669922       1.646484       1.650391       1.572266       1.162109       2.189453       2.189453       1.966797       2.185547       2.185547       1.70141E+38    1.70141E+38    1.70141E+38    

1.849609       1.845703       1.833984       1.833984       1.841797       1.849609       1.857422       1.853516       1.833984       1.771484       1.685547       1.658203       1.705078       1.583984       2.189453       2.107422       1.845703       1.771484       1.810547       1.427734       1.70141E+38    1.70141E+38    1.70141E+38    

1.841797       1.845703       1.837891       1.810547       1.783203       1.748047       1.732422       1.716797       1.720703       1.716797       1.673828       1.634766       1.716797       1.916016       1.583984       1.771484       1.771484       1.771484       1.771484       1.771484       1.70141E+38    1.70141E+38    1.70141E+38    

1.818359       1.826172       1.818359       1.814453       1.802734       1.740234       1.669922       1.599609       1.564453       1.580078       1.603516       1.603516       1.712891       1.849609       1.583984       1.771484       1.771484       1.572266       1.771484       1.740234       1.70141E+38    1.70141E+38    1.70141E+38    

1.736328       1.748047       1.798828       1.810547       1.806641       1.787109       1.763672       1.689453       1.615234       1.556641       1.556641       1.568359       1.576172       1.615234       1.583984       1.771484       2.189453       1.408203       1.783203       1.697266       1.70141E+38    1.70141E+38    1.70141E+38    

1.669922       1.642578       1.783203       1.814453       1.818359       1.810547       1.818359       1.798828       1.736328       1.685547       1.646484       1.611328       1.607422       1.677734       1.466797       2.189453       2.189453       1.853516       1.787109       1.712891       1.70141E+38    1.70141E+38    1.70141E+38    

1.724609       1.783203       1.783203       1.783203       1.783203       1.787109       1.794922       1.802734       1.794922       1.759766       1.697266       1.654297       1.654297       1.736328       1.771484       2.189453       1.896484       1.802734       1.771484       1.759766       1.70141E+38    1.70141E+38    1.70141E+38    

1.779297       1.783203       1.619141       1.642578       1.716797       1.716797       1.716797       1.712891       1.712891       1.712891       1.693359       1.666016       1.677734       1.517578       1.802734       1.798828       1.841797       1.775391       1.771484       1.771484       1.70141E+38    1.70141E+38    1.70141E+38    

1.810547       1.615234       1.587891       1.587891       1.583984       1.400391       1.513672       1.478516       1.525391       1.619141       1.666016       1.662109       1.673828       1.658203       1.771484       1.771484       1.771484       1.771484       1.771484       1.783203       1.70141E+38    1.70141E+38    1.70141E+38    

1.818359       1.791016       1.521484       1.650391       1.619141       1.294922       1.568359       1.654297       1.666016       1.658203       1.666016       1.654297       1.669922       1.716797       1.771484       1.771484       1.771484       1.771484       1.771484       1.830078       1.70141E+38    1.70141E+38    1.70141E+38    

1.822266       1.802734       1.791016       1.791016       1.779297       1.755859       1.763672       1.767578       1.755859       1.744141       1.720703       1.689453       1.693359       1.716797       1.771484       1.806641       1.638672       1.712891       1.810547       1.849609       1.70141E+38    1.70141E+38    1.70141E+38    

1.822266       1.814453       1.818359       1.822266       1.810547       1.791016       1.779297       1.779297       1.775391       1.771484       1.744141       1.705078       1.693359       1.716797       1.763672       1.861328       2.189453       1.740234       1.658203       1.771484       1.70141E+38    1.70141E+38    1.70141E+38    

1.783203       1.794922       1.822266       1.822266       1.810547       1.794922       1.779297       1.779297       1.775391       1.755859       1.724609       1.685547       1.677734       1.697266       1.748047       2.392578       2.392578       2.392578       1.771484       2.388672       1.70141E+38    1.70141E+38    1.70141E+38    

1.763672       1.744141       1.751953       1.736328       1.716797       1.712891       1.712891       1.701172       1.669922       1.630859       1.619141       1.626953       1.642578       1.685547       1.736328       1.771484       2.392578       2.392578       2.388672       2.388672       1.70141E+38    1.70141E+38    1.70141E+38    

1.681641       1.638672       1.599609       1.513672       1.462891       1.494141       1.486328       1.486328       1.517578       1.599609       1.603516       1.591797       1.611328       1.669922       1.197266       1.763672       1.771484       2.392578       1.486328       2.185547       1.70141E+38    1.70141E+38    1.70141E+38    

1.689453       1.685547       1.712891       1.728516       1.732422       1.712891       1.708984       1.681641       1.669922       1.677734       1.654297       1.623047       1.623047       1.095703       .9667969       .9628906       1.216797       2.189453       2.185547       2.185547       1.70141E+38    1.70141E+38    1.70141E+38    

1.783203       1.783203       1.783203       1.779297       1.783203       1.783203       1.787109       1.744141       1.716797       1.705078       1.685547       1.677734       1.677734       1.720703       1.755859       1.751953       1.712891       1.693359       1.720703       1.837891       1.70141E+38    1.70141E+38    1.70141E+38    

1.783203       1.783203       1.783203       1.779297       1.763672       1.755859       1.755859       1.748047       1.728516       1.708984       1.693359       1.693359       1.705078       1.740234       1.736328       1.716797       1.771484       1.775391       1.779297       1.681641       1.70141E+38    1.70141E+38    1.70141E+38    

1.783203       1.763672       1.755859       1.744141       1.720703       1.720703       1.724609       1.720703       1.705078       1.693359       1.689453       1.689453       1.689453       1.720703       1.775391       1.779297       1.798828       1.126953       1.701172       1.654297       1.70141E+38    1.70141E+38    1.70141E+38    

1.740234       1.736328       1.748047       1.755859       1.759766       1.755859       1.736328       1.708984       1.689453       1.673828       1.669922       1.685547       1.681641       1.705078       1.791016       1.814453       1.513672       1.576172       1.599609       1.771484       1.70141E+38    1.70141E+38    1.70141E+38    

1.70141E+38    1.70141E+38    1.70141E+38    1.70141E+38    1.70141E+38    1.70141E+38    1.70141E+38    1.70141E+38    1.70141E+38    1.70141E+38    1.70141E+38    1.70141E+38    1.70141E+38    1.70141E+38    1.70141E+38    1.70141E+38    1.70141E+38    1.70141E+38    1.70141E+38    1.70141E+38    1.70141E+38    1.70141E+38    1.70141E+38    

1.70141E+38    1.70141E+38    1.70141E+38    1.70141E+38    1.70141E+38    1.70141E+38    1.70141E+38    1.70141E+38    1.70141E+38    1.70141E+38    1.70141E+38    1.70141E+38    1.70141E+38    1.70141E+38    1.70141E+38    1.70141E+38    1.70141E+38    1.70141E+38    1.70141E+38    1.70141E+38    1.70141E+38    1.70141E+38    1.70141E+38    

1.70141E+38    1.70141E+38    1.70141E+38    1.70141E+38    1.70141E+38    1.70141E+38    1.70141E+38    1.70141E+38    1.70141E+38    1.70141E+38    1.70141E+38    1.70141E+38    1.70141E+38    1.70141E+38    1.70141E+38    1.70141E+38    1.70141E+38    1.70141E+38    1.70141E+38    1.70141E+38    1.70141E+38    1.70141E+38    1.70141E+38    

1.70141E+38    1.70141E+38    1.70141E+38    1.70141E+38    1.70141E+38    1.70141E+38    1.70141E+38    1.70141E+38    1.70141E+38    1.70141E+38    1.70141E+38    1.70141E+38    1.70141E+38    1.70141E+38    1.70141E+38    1.70141E+38    1.70141E+38    1.70141E+38    1.70141E+38    1.70141E+38    1.70141E+38    1.70141E+38    1.70141E+38    

1.70141E+38    1.70141E+38    1.70141E+38    1.70141E+38    1.70141E+38    1.70141E+38    1.70141E+38    1.70141E+38    1.70141E+38    1.70141E+38    1.70141E+38    1.70141E+38    1.70141E+38    1.70141E+38    1.70141E+38    1.70141E+38    1.70141E+38    1.70141E+38    1.70141E+38    1.70141E+38    1.70141E+38    1.70141E+38    1.70141E+38    

1.70141E+38    1.70141E+38    1.70141E+38    1.70141E+38    1.70141E+38    1.70141E+38    1.70141E+38    1.70141E+38    1.70141E+38    1.70141E+38    1.70141E+38    1.70141E+38    1.70141E+38    1.70141E+38    1.70141E+38    1.70141E+38    1.70141E+38    1.70141E+38    1.70141E+38    1.70141E+38    1.70141E+38    1.70141E+38    1.70141E+38    

1.70141E+38    1.70141E+38    1.70141E+38    1.70141E+38    1.70141E+38    1.70141E+38    1.70141E+38    1.70141E+38    1.70141E+38    1.70141E+38    1.70141E+38    1.70141E+38    1.70141E+38    1.70141E+38    1.70141E+38    1.70141E+38    1.70141E+38    1.70141E+38    1.70141E+38    1.70141E+38    1.70141E+38    1.70141E+38    1.70141E+38    

1.70141E+38    1.70141E+38    1.70141E+38    1.70141E+38    1.70141E+38    1.70141E+38    1.70141E+38    1.70141E+38    1.70141E+38    1.70141E+38    1.70141E+38    1.70141E+38    1.70141E+38    1.70141E+38    1.70141E+38    1.70141E+38    1.70141E+38    1.70141E+38    1.70141E+38    1.70141E+38    1.70141E+38    1.70141E+38    1.70141E+38    

