py_wake/examples/data/ParqueFicticio/Ridge area   Sector 5   Height 30m   Weibull-k.grd
DSAA
23  33
 262878   265078
 6504214   6507414
 1.189453   2.689453
1.70141E+38    1.70141E+38    1.70141E+38    1.70141E+38    1.70141E+38    1.70141E+38    1.70141E+38    1.70141E+38    1.70141E+38    1.70141E+38    1.70141E+38    1.70141E+38    1.70141E+38    1.70141E+38    1.70141E+38    1.70141E+38    1.70141E+38    1.70141E+38    1.70141E+38    1.70141E+38    1.70141E+38    1.70141E+38    1.70141E+38    

1.70141E+38    1.70141E+38    1.70141E+38    1.70141E+38    1.70141E+38    1.70141E+38    1.70141E+38    1.70141E+38    1.70141E+38    1.70141E+38    1.70141E+38    1.70141E+38    1.70141E+38    1.70141E+38    1.70141E+38    1.70141E+38    1.70141E+38    1.70141E+38    1.70141E+38    1.70141E+38    1.70141E+38    1.70141E+38    1.70141E+38    

1.70141E+38    1.70141E+38    1.70141E+38    1.70141E+38    1.70141E+38    1.70141E+38    1.70141E+38    1.70141E+38    1.70141E+38    1.70141E+38    1.70141E+38    1.70141E+38    1.70141E+38    1.70141E+38    1.70141E+38    1.70141E+38    1.70141E+38    1.70141E+38    1.70141E+38    1.70141E+38    1.70141E+38    1.70141E+38    1.70141E+38    

1.70141E+38    1.70141E+38    1.70141E+38    1.70141E+38    1.70141E+38    1.70141E+38    1.70141E+38    1.70141E+38    1.70141E+38    1.70141E+38    1.70141E+38    1.70141E+38    1.70141E+38    1.70141E+38    1.70141E+38    1.70141E+38    1.70141E+38    1.70141E+38    1.70141E+38    1.70141E+38    1.70141E+38    1.70141E+38    1.70141E+38    

1.70141E+38    1.70141E+38    1.70141E+38    1.70141E+38    1.70141E+38    1.70141E+38    1.70141E+38    1.70141E+38    1.70141E+38    1.70141E+38    1.70141E+38    1.70141E+38    1.70141E+38    1.70141E+38    1.70141E+38    1.70141E+38    1.70141E+38    1.70141E+38    1.70141E+38    1.70141E+38    1.70141E+38    1.70141E+38    1.70141E+38    

2.443359       2.396484       2.322266       2.314453       2.365234       2.443359       2.505859       2.568359       2.580078       2.544922       2.462891       2.376953       2.291016       2.376953       2.541016       2.580078       2.302734       1.728516       1.771484       2.556641       1.70141E+38    1.70141E+38    1.70141E+38    

2.353516       2.353516       2.376953       2.404297       2.435547       2.466797       2.521484       2.599609       2.615234       2.580078       2.482422       2.380859       2.345703       2.455078       2.572266       2.486328       1.775391       2.638672       1.787109       2.599609       1.70141E+38    1.70141E+38    1.70141E+38    

2.275391       2.279297       2.341797       2.388672       2.427734       2.474609       2.533203       2.587891       2.595703       2.560547       2.474609       2.349609       2.357422       2.498047       1.244141       2.373047       2.419922       2.525391       2.533203       2.521484       1.70141E+38    1.70141E+38    1.70141E+38    

2.228516       2.228516       2.263672       2.248047       2.232422       2.283203       2.373047       2.529297       2.544922       2.501953       2.431641       2.349609       2.384766       2.501953       1.287109       2.060547       1.462891       2.638672       2.650391       2.486328       1.70141E+38    1.70141E+38    1.70141E+38    

2.236328       2.197266       2.197266       2.193359       2.173828       2.240234       2.349609       2.513672       2.537109       2.466797       2.400391       2.345703       2.423828       2.548828       2.439453       1.517578       1.525391       2.544922       2.623047       2.474609       1.70141E+38    1.70141E+38    1.70141E+38    

2.251953       2.173828       2.216797       2.248047       2.283203       2.365234       2.462891       2.587891       2.595703       2.560547       2.494141       2.416016       2.466797       2.599609       2.365234       2.001953       1.974609       2.279297       2.599609       2.498047       1.70141E+38    1.70141E+38    1.70141E+38    

2.388672       2.154297       2.095703       2.275391       2.396484       2.498047       2.572266       2.630859       2.646484       2.619141       2.568359       2.478516       2.498047       2.619141       2.279297       1.201172       2.326172       2.666016       2.615234       2.576172       1.70141E+38    1.70141E+38    1.70141E+38    

2.548828       2.580078       2.181641       1.958984       2.341797       2.580078       2.681641       2.681641       2.662109       2.615234       2.564453       2.494141       2.509766       2.646484       2.380859       2.216797       2.650391       2.681641       2.681641       2.662109       1.70141E+38    1.70141E+38    1.70141E+38    

2.560547       2.642578       2.583984       2.451172       2.681641       2.681641       2.681641       2.681641       2.666016       2.611328       2.548828       2.486328       2.505859       2.654297       2.638672       2.669922       2.681641       2.681641       2.681641       2.681641       1.70141E+38    1.70141E+38    1.70141E+38    

2.580078       2.630859       2.595703       2.611328       2.623047       2.455078       2.408203       2.501953       2.599609       2.623047       2.564453       2.501953       2.529297       2.642578       2.681641       2.681641       2.681641       2.681641       2.681641       2.677734       1.70141E+38    1.70141E+38    1.70141E+38    

2.615234       2.634766       2.611328       2.615234       2.634766       2.615234       2.611328       2.642578       2.677734       2.666016       2.619141       2.564453       2.564453       2.619141       2.681641       2.681641       2.681641       2.658203       2.654297       2.681641       1.70141E+38    1.70141E+38    1.70141E+38    

2.650391       2.650391       2.630859       2.623047       2.650391       2.673828       2.685547       2.685547       2.681641       2.681641       2.646484       2.576172       2.560547       2.583984       2.638672       2.658203       2.576172       1.990234       2.134766       2.365234       1.70141E+38    1.70141E+38    1.70141E+38    

2.681641       2.681641       2.673828       2.677734       2.689453       2.685547       2.677734       2.673828       2.681641       2.681641       2.619141       2.544922       2.513672       2.529297       2.611328       2.658203       2.595703       1.958984       1.189453       1.349609       1.70141E+38    1.70141E+38    1.70141E+38    

2.650391       2.646484       2.673828       2.666016       2.658203       2.658203       2.666016       2.677734       2.650391       2.587891       2.466797       2.431641       2.431641       2.498047       2.587891       2.630859       2.599609       2.306641       1.220703       2.310547       1.70141E+38    1.70141E+38    1.70141E+38    

2.236328       2.431641       2.517578       2.435547       2.451172       2.505859       2.478516       2.443359       2.431641       2.462891       2.369141       2.322266       2.337891       2.443359       2.560547       2.611328       2.576172       2.388672       1.916016       2.310547       1.70141E+38    1.70141E+38    1.70141E+38    

2.435547       2.541016       2.576172       2.595703       2.611328       2.583984       2.494141       2.349609       2.404297       2.533203       2.427734       2.357422       2.326172       2.365234       2.423828       2.509766       2.576172       2.072266       2.455078       2.232422       1.70141E+38    1.70141E+38    1.70141E+38    

2.666016       2.669922       2.666016       2.658203       2.623047       2.599609       2.556641       2.642578       2.619141       2.552734       2.486328       2.455078       2.447266       2.443359       1.666016       1.611328       1.884766       2.134766       2.544922       2.544922       1.70141E+38    1.70141E+38    1.70141E+38    

2.669922       2.669922       2.650391       2.615234       2.556641       2.517578       2.611328       2.666016       2.599609       2.541016       2.482422       2.466797       2.490234       2.544922       2.548828       1.935547       1.701172       1.939453       2.197266       2.490234       1.70141E+38    1.70141E+38    1.70141E+38    

2.626953       2.541016       2.416016       2.314453       2.318359       2.419922       2.654297       2.615234       2.548828       2.486328       2.447266       2.396484       2.404297       2.490234       2.576172       2.564453       1.923828       1.783203       1.833984       2.037109       1.70141E+38    1.70141E+38    1.70141E+38    

2.517578       2.205078       1.990234       2.068359       2.451172       2.673828       2.630859       2.556641       2.478516       2.396484       2.326172       1.451172       2.208984       2.376953       2.494141       2.533203       2.556641       2.544922       1.736328       1.775391       1.70141E+38    1.70141E+38    1.70141E+38    

1.70141E+38    1.70141E+38    1.70141E+38    1.70141E+38    1.70141E+38    1.70141E+38    1.70141E+38    1.70141E+38    1.70141E+38    1.70141E+38    1.70141E+38    1.70141E+38    1.70141E+38    1.70141E+38    1.70141E+38    1.70141E+38    1.70141E+38    1.70141E+38    1.70141E+38    1.70141E+38    1.70141E+38    1.70141E+38    1.70141E+38    

1.70141E+38    1.70141E+38    1.70141E+38    1.70141E+38    1.70141E+38    1.70141E+38    1.70141E+38    1.70141E+38    1.70141E+38    1.70141E+38    1.70141E+38    1.70141E+38    1.70141E+38    1.70141E+38    1.70141E+38    1.70141E+38    1.70141E+38    1.70141E+38    1.70141E+38    1.70141E+38    1.70141E+38    1.70141E+38    1.70141E+38    

1.70141E+38    1.70141E+38    1.70141E+38    1.70141E+38    1.70141E+38    1.70141E+38    1.70141E+38    1.70141E+38    1.70141E+38    1.70141E+38    1.70141E+38    1.70141E+38    1.70141E+38    1.70141E+38    1.70141E+38    1.70141E+38    1.70141E+38    1.70141E+38    1.70141E+38    1.70141E+38    1.70141E+38    1.70141E+38    1.70141E+38    

1.70141E+38    1.70141E+38    1.70141E+38    1.70141E+38    1.70141E+38    1.70141E+38    1.70141E+38    1.70141E+38    1.70141E+38    1.70141E+38    1.70141E+38    1.70141E+38    1.70141E+38    1.70141E+38    1.70141E+38    1.70141E+38    1.70141E+38    1.70141E+38    1.70141E+38    1.70141E+38    1.70141E+38    1.70141E+38    1.70141E+38    

1.70141E+38    1.70141E+38    1.70141E+38    1.70141E+38    1.70141E+38    1.70141E+38    1.70141E+38    1.70141E+38    1.70141E+38    1.70141E+38    1.70141E+38    1.70141E+38    1.70141E+38    1.70141E+38    1.70141E+38    1.70141E+38    1.70141E+38    1.70141E+38    1.70141E+38    1.70141E+38    1.70141E+38    1.70141E+38    1.70141E+38    

1.70141E+38    1.70141E+38    1.70141E+38    1.70141E+38    1.70141E+38    1.70141E+38    1.70141E+38    1.70141E+38    1.70141E+38    1.70141E+38    1.70141E+38    1.70141E+38    1.70141E+38    1.70141E+38    1.70141E+38    1.70141E+38    1.70141E+38    1.70141E+38    1.70141E+38    1.70141E+38    1.70141E+38    1.70141E+38    1.70141E+38    

1.70141E+38    1.70141E+38    1.70141E+38    1.70141E+38    1.70141E+38    1.70141E+38    1.70141E+38    1.70141E+38    1.70141E+38    1.70141E+38    1.70141E+38    1.70141E+38    1.70141E+38    1.70141E+38    1.70141E+38    1.70141E+38    1.70141E+38    1.70141E+38    1.70141E+38    1.70141E+38    1.70141E+38    1.70141E+38    1.70141E+38    

1.70141E+38    1.70141E+38    1.70141E+38    1.70141E+38    1.70141E+38    1.70141E+38    1.70141E+38    1.70141E+38    1.70141E+38    1.70141E+38    1.70141E+38    1.70141E+38    1.70141E+38    1.70141E+38    1.70141E+38    1.70141E+38    1.70141E+38    1.70141E+38    1.70141E+38    1.70141E+38    1.70141E+38    1.70141E+38    1.70141E+38    

