py_wake/examples/data/ParqueFicticio/Ridge area   Sector 12   Height 30m   Weibull-k.grd
DSAA
23  33
 262878   265078
 6504214   6507414
 .7792969   2.392578
1.70141E+38    1.70141E+38    1.70141E+38    1.70141E+38    1.70141E+38    1.70141E+38    1.70141E+38    1.70141E+38    1.70141E+38    1.70141E+38    1.70141E+38    1.70141E+38    1.70141E+38    1.70141E+38    1.70141E+38    1.70141E+38    1.70141E+38    1.70141E+38    1.70141E+38    1.70141E+38    1.70141E+38    1.70141E+38    1.70141E+38    

1.70141E+38    1.70141E+38    1.70141E+38    1.70141E+38    1.70141E+38    1.70141E+38    1.70141E+38    1.70141E+38    1.70141E+38    1.70141E+38    1.70141E+38    1.70141E+38    1.70141E+38    1.70141E+38    1.70141E+38    1.70141E+38    1.70141E+38    1.70141E+38    1.70141E+38    1.70141E+38    1.70141E+38    1.70141E+38    1.70141E+38    

1.70141E+38    1.70141E+38    1.70141E+38    1.70141E+38    1.70141E+38    1.70141E+38    1.70141E+38    1.70141E+38    1.70141E+38    1.70141E+38    1.70141E+38    1.70141E+38    1.70141E+38    1.70141E+38    1.70141E+38    1.70141E+38    1.70141E+38    1.70141E+38    1.70141E+38    1.70141E+38    1.70141E+38    1.70141E+38    1.70141E+38    

1.70141E+38    1.70141E+38    1.70141E+38    1.70141E+38    1.70141E+38    1.70141E+38    1.70141E+38    1.70141E+38    1.70141E+38    1.70141E+38    1.70141E+38    1.70141E+38    1.70141E+38    1.70141E+38    1.70141E+38    1.70141E+38    1.70141E+38    1.70141E+38    1.70141E+38    1.70141E+38    1.70141E+38    1.70141E+38    1.70141E+38    

1.70141E+38    1.70141E+38    1.70141E+38    1.70141E+38    1.70141E+38    1.70141E+38    1.70141E+38    1.70141E+38    1.70141E+38    1.70141E+38    1.70141E+38    1.70141E+38    1.70141E+38    1.70141E+38    1.70141E+38    1.70141E+38    1.70141E+38    1.70141E+38    1.70141E+38    1.70141E+38    1.70141E+38    1.70141E+38    1.70141E+38    

1.537109       1.521484       1.501953       1.494141       1.498047       1.501953       1.490234       1.541016       1.544922       1.548828       1.556641       1.576172       1.583984       1.583984       2.189453       1.939453       1.775391       1.505859       1.439453       1.541016       1.70141E+38    1.70141E+38    1.70141E+38    

1.509766       1.513672       1.556641       1.529297       1.509766       1.513672       1.490234       1.505859       1.556641       1.556641       1.556641       1.572266       1.583984       1.583984       2.189453       1.771484       1.693359       1.193359       1.595703       1.486328       1.70141E+38    1.70141E+38    1.70141E+38    

1.505859       1.494141       1.560547       1.576172       1.572266       1.568359       1.548828       1.529297       1.541016       1.548828       1.544922       1.552734       1.583984       1.650391       1.583984       1.771484       1.580078       1.201172       1.548828       1.595703       1.70141E+38    1.70141E+38    1.70141E+38    

1.521484       1.541016       1.568359       1.568359       1.568359       1.544922       1.494141       1.431641       1.443359       1.509766       1.537109       1.541016       1.580078       2.005859       1.583984       1.771484       1.462891       1.177734       1.619141       1.580078       1.70141E+38    1.70141E+38    1.70141E+38    

1.517578       1.552734       1.580078       1.576172       1.568359       1.552734       1.541016       1.521484       1.509766       1.533203       1.544922       1.541016       1.587891       1.580078       1.583984       1.771484       1.509766       1.583984       1.580078       1.580078       1.70141E+38    1.70141E+38    1.70141E+38    

1.541016       1.587891       1.279297       1.482422       1.560547       1.580078       1.572266       1.576172       1.572266       1.572266       1.568359       1.568359       1.591797       1.587891       1.583984       1.384766       1.583984       1.349609       1.572266       1.580078       1.70141E+38    1.70141E+38    1.70141E+38    

1.587891       .7792969       1.142578       1.564453       1.587891       1.580078       1.568359       1.564453       1.580078       1.576172       1.572266       1.572266       1.587891       1.591797       1.423828       1.318359       1.572266       1.607422       1.580078       1.580078       1.70141E+38    1.70141E+38    1.70141E+38    

1.587891       1.228516       1.587891       1.587891       1.587891       1.583984       1.583984       1.583984       1.580078       1.576172       1.568359       1.560547       1.576172       1.595703       1.771484       1.525391       1.642578       1.615234       1.591797       1.587891       1.70141E+38    1.70141E+38    1.70141E+38    

1.580078       1.572266       1.587891       1.587891       1.583984       1.595703       1.607422       1.599609       1.564453       1.552734       1.556641       1.556641       1.572266       1.591797       1.404297       1.603516       1.650391       1.619141       1.603516       1.619141       1.70141E+38    1.70141E+38    1.70141E+38    

1.583984       1.583984       1.587891       1.587891       1.576172       1.619141       1.607422       1.603516       1.576172       1.560547       1.568359       1.572266       1.576172       1.583984       1.615234       1.646484       1.630859       1.626953       1.623047       1.634766       1.70141E+38    1.70141E+38    1.70141E+38    

1.572266       1.580078       1.599609       1.599609       1.583984       1.591797       1.587891       1.583984       1.583984       1.583984       1.583984       1.580078       1.583984       1.583984       1.591797       1.455078       1.162109       1.431641       1.583984       1.638672       1.70141E+38    1.70141E+38    1.70141E+38    

1.580078       1.580078       1.607422       1.619141       1.595703       1.587891       1.576172       1.572266       1.572266       1.583984       1.583984       1.583984       1.583984       1.583984       1.583984       1.044922       2.189453       1.771484       1.693359       1.638672       1.70141E+38    1.70141E+38    1.70141E+38    

1.568359       1.568359       1.583984       1.595703       1.576172       1.572266       1.564453       1.564453       1.576172       1.583984       1.580078       1.580078       1.583984       1.583984       1.583984       1.162109       1.423828       2.392578       1.677734       1.462891       1.70141E+38    1.70141E+38    1.70141E+38    

1.587891       1.580078       1.552734       1.537109       1.576172       1.583984       1.583984       1.580078       1.564453       1.525391       1.548828       1.583984       1.583984       1.583984       1.583984       1.580078       1.466797       1.423828       1.244141       1.474609       1.70141E+38    1.70141E+38    1.70141E+38    

1.572266       1.474609       1.337891       1.201172       1.392578       1.583984       1.564453       1.478516       1.412109       1.466797       1.564453       1.587891       1.583984       1.583984       1.580078       1.580078       1.576172       1.298828       1.537109       1.759766       1.70141E+38    1.70141E+38    1.70141E+38    

1.556641       1.521484       1.556641       1.572266       1.583984       1.587891       1.572266       1.548828       1.544922       1.580078       1.583984       1.583984       1.583984       1.134766       1.580078       1.580078       1.208984       1.544922       1.544922       1.619141       1.70141E+38    1.70141E+38    1.70141E+38    

1.568359       1.568359       1.564453       1.564453       1.568359       1.572266       1.583984       1.583984       1.583984       1.583984       1.583984       1.583984       1.583984       1.580078       1.580078       1.580078       1.580078       1.455078       1.466797       1.630859       1.70141E+38    1.70141E+38    1.70141E+38    

1.568359       1.560547       1.564453       1.583984       1.580078       1.576172       1.580078       1.583984       1.583984       1.583984       1.583984       1.583984       1.580078       1.576172       1.556641       1.525391       1.380859       1.400391       1.580078       1.583984       1.70141E+38    1.70141E+38    1.70141E+38    

1.568359       1.583984       1.580078       1.568359       1.568359       1.576172       1.583984       1.583984       1.583984       1.583984       1.583984       1.580078       1.580078       1.572266       1.568359       1.548828       1.544922       1.548828       1.580078       1.580078       1.70141E+38    1.70141E+38    1.70141E+38    

1.583984       1.583984       1.580078       1.583984       1.583984       1.583984       1.583984       1.583984       1.583984       1.583984       1.583984       1.580078       1.580078       1.568359       1.580078       1.583984       1.333984       1.427734       1.583984       1.474609       1.70141E+38    1.70141E+38    1.70141E+38    

1.70141E+38    1.70141E+38    1.70141E+38    1.70141E+38    1.70141E+38    1.70141E+38    1.70141E+38    1.70141E+38    1.70141E+38    1.70141E+38    1.70141E+38    1.70141E+38    1.70141E+38    1.70141E+38    1.70141E+38    1.70141E+38    1.70141E+38    1.70141E+38    1.70141E+38    1.70141E+38    1.70141E+38    1.70141E+38    1.70141E+38    

1.70141E+38    1.70141E+38    1.70141E+38    1.70141E+38    1.70141E+38    1.70141E+38    1.70141E+38    1.70141E+38    1.70141E+38    1.70141E+38    1.70141E+38    1.70141E+38    1.70141E+38    1.70141E+38    1.70141E+38    1.70141E+38    1.70141E+38    1.70141E+38    1.70141E+38    1.70141E+38    1.70141E+38    1.70141E+38    1.70141E+38    

1.70141E+38    1.70141E+38    1.70141E+38    1.70141E+38    1.70141E+38    1.70141E+38    1.70141E+38    1.70141E+38    1.70141E+38    1.70141E+38    1.70141E+38    1.70141E+38    1.70141E+38    1.70141E+38    1.70141E+38    1.70141E+38    1.70141E+38    1.70141E+38    1.70141E+38    1.70141E+38    1.70141E+38    1.70141E+38    1.70141E+38    

1.70141E+38    1.70141E+38    1.70141E+38    1.70141E+38    1.70141E+38    1.70141E+38    1.70141E+38    1.70141E+38    1.70141E+38    1.70141E+38    1.70141E+38    1.70141E+38    1.70141E+38    1.70141E+38    1.70141E+38    1.70141E+38    1.70141E+38    1.70141E+38    1.70141E+38    1.70141E+38    1.70141E+38    1.70141E+38    1.70141E+38    

1.70141E+38    1.70141E+38    1.70141E+38    1.70141E+38    1.70141E+38    1.70141E+38    1.70141E+38    1.70141E+38    1.70141E+38    1.70141E+38    1.70141E+38    1.70141E+38    1.70141E+38    1.70141E+38    1.70141E+38    1.70141E+38    1.70141E+38    1.70141E+38    1.70141E+38    1.70141E+38    1.70141E+38    1.70141E+38    1.70141E+38    

1.70141E+38    1.70141E+38    1.70141E+38    1.70141E+38    1.70141E+38    1.70141E+38    1.70141E+38    1.70141E+38    1.70141E+38    1.70141E+38    1.70141E+38    1.70141E+38    1.70141E+38    1.70141E+38    1.70141E+38    1.70141E+38    1.70141E+38    1.70141E+38    1.70141E+38    1.70141E+38    1.70141E+38    1.70141E+38    1.70141E+38    

1.70141E+38    1.70141E+38    1.70141E+38    1.70141E+38    1.70141E+38    1.70141E+38    1.70141E+38    1.70141E+38    1.70141E+38    1.70141E+38    1.70141E+38    1.70141E+38    1.70141E+38    1.70141E+38    1.70141E+38    1.70141E+38    1.70141E+38    1.70141E+38    1.70141E+38    1.70141E+38    1.70141E+38    1.70141E+38    1.70141E+38    

1.70141E+38    1.70141E+38    1.70141E+38    1.70141E+38    1.70141E+38    1.70141E+38    1.70141E+38    1.70141E+38    1.70141E+38    1.70141E+38    1.70141E+38    1.70141E+38    1.70141E+38    1.70141E+38    1.70141E+38    1.70141E+38    1.70141E+38    1.70141E+38    1.70141E+38    1.70141E+38    1.70141E+38    1.70141E+38    1.70141E+38    

