py_wake/examples/data/ParqueFicticio/Ridge area   Sector 10   Height 200m   Mean speed.grd
DSAA
23  33
 262878   265078
 6504214   6507414
 3.759625   13.24207
1.70141E+38    1.70141E+38    1.70141E+38    1.70141E+38    1.70141E+38    1.70141E+38    1.70141E+38    1.70141E+38    1.70141E+38    1.70141E+38    1.70141E+38    1.70141E+38    1.70141E+38    1.70141E+38    1.70141E+38    1.70141E+38    1.70141E+38    1.70141E+38    1.70141E+38    1.70141E+38    1.70141E+38    1.70141E+38    1.70141E+38    

1.70141E+38    1.70141E+38    1.70141E+38    1.70141E+38    1.70141E+38    1.70141E+38    1.70141E+38    1.70141E+38    1.70141E+38    1.70141E+38    1.70141E+38    1.70141E+38    1.70141E+38    1.70141E+38    1.70141E+38    1.70141E+38    1.70141E+38    1.70141E+38    1.70141E+38    1.70141E+38    1.70141E+38    1.70141E+38    1.70141E+38    

1.70141E+38    1.70141E+38    1.70141E+38    1.70141E+38    1.70141E+38    1.70141E+38    1.70141E+38    1.70141E+38    1.70141E+38    1.70141E+38    1.70141E+38    1.70141E+38    1.70141E+38    1.70141E+38    1.70141E+38    1.70141E+38    1.70141E+38    1.70141E+38    1.70141E+38    1.70141E+38    1.70141E+38    1.70141E+38    1.70141E+38    

1.70141E+38    1.70141E+38    1.70141E+38    1.70141E+38    1.70141E+38    1.70141E+38    1.70141E+38    1.70141E+38    1.70141E+38    1.70141E+38    1.70141E+38    1.70141E+38    1.70141E+38    1.70141E+38    1.70141E+38    1.70141E+38    1.70141E+38    1.70141E+38    1.70141E+38    1.70141E+38    1.70141E+38    1.70141E+38    1.70141E+38    

1.70141E+38    1.70141E+38    1.70141E+38    1.70141E+38    1.70141E+38    1.70141E+38    1.70141E+38    1.70141E+38    1.70141E+38    1.70141E+38    1.70141E+38    1.70141E+38    1.70141E+38    1.70141E+38    1.70141E+38    1.70141E+38    1.70141E+38    1.70141E+38    1.70141E+38    1.70141E+38    1.70141E+38    1.70141E+38    1.70141E+38    

9.925076       10.01255       10.15715       10.38786       10.67588       11.00052       11.33236       11.71353       12.0988        12.48543       12.75267       12.85907       12.83122       12.65854       12.30856       11.83725       10.88028       9.53968        9.505075       10.34712       1.70141E+38    1.70141E+38    1.70141E+38    

9.908915       10.00425       10.12538       10.31155       10.57868       10.90482       11.29519       11.73339       12.16491       12.5566        12.82348       12.90847       12.8326        12.57858       12.13399       11.14293       8.72181        7.896114       9.020121       10.39582       1.70141E+38    1.70141E+38    1.70141E+38    

9.864312       10.01703       10.1958        10.33172       10.49312       10.75528       11.12894       11.60643       12.11164       12.5607        12.8422        12.92005       12.8023        12.47232       11.9612        9.851951       7.263983       7.513847       9.874801       11.25602       1.70141E+38    1.70141E+38    1.70141E+38    

9.814639       9.962536       10.17212       10.35253       10.52728       10.77498       11.11944       11.56938       12.0581        12.51467       12.84447       12.93451       12.79648       12.42585       11.9452        10.00603       6.917724       8.03178        10.93813       11.70532       1.70141E+38    1.70141E+38    1.70141E+38    

9.806237       9.910889       10.12203       10.34632       10.56743       10.87478       11.27828       11.75775       12.19554       12.57481       12.88744       12.99282       12.87999       12.57492       12.15823       11.48506       9.798068       10.38749       11.74696       12.02974       1.70141E+38    1.70141E+38    1.70141E+38    

9.955807       9.919965       10.10628       10.39233       10.67478       10.99191       11.40438       11.89539       12.33809       12.69387       12.9741        13.08941       13.00817       12.75116       12.36814       11.95621       11.76192       11.91087       12.09037       12.1721        1.70141E+38    1.70141E+38    1.70141E+38    

10.2424        10.03113       10.09234       10.38907       10.71958       11.06082       11.42964       11.8916        12.34451       12.73403       13.03404       13.17329       13.1183        12.85983       12.46992       12.15097       12.14603       12.26094       12.33079       12.30108       1.70141E+38    1.70141E+38    1.70141E+38    

10.57216       10.30585       10.11909       10.28006       10.5794        10.90464       11.25038       11.70903       12.22183       12.68839       13.05354       13.22738       13.18892       12.93441       12.54478       12.30157       12.36073       12.45453       12.4669        12.37321       1.70141E+38    1.70141E+38    1.70141E+38    

10.82791       10.65069       10.3551        10.31949       10.39464       10.66153       11.04178       11.47238       12.00584       12.56301       13.02968       13.24207       13.22097       12.97838       12.61892       12.45045       12.47144       12.51078       12.49182       12.37247       1.70141E+38    1.70141E+38    1.70141E+38    

10.98088       10.9008        10.6754        10.61586       10.54925       10.6685        11.06344       11.52147       12.01135       12.51514       12.9848        13.21855       13.21905       13.02138       12.72161       12.53588       12.45656       12.44038       12.40007       12.27848       1.70141E+38    1.70141E+38    1.70141E+38    

11.07          11.07332       10.93458       10.88964       10.88649       10.95548       11.2717        11.68215       12.13075       12.56345       12.94885       13.1753        13.20068       13.04807       12.77935       12.51457       12.30078       12.20664       12.14396       12.00494       1.70141E+38    1.70141E+38    1.70141E+38    

11.1114        11.16095       11.08557       11.04453       11.12214       11.27204       11.50197       11.80947       12.17852       12.55097       12.90003       13.12786       13.17254       13.03971       12.77126       12.40935       11.98168       11.67874       11.53021       11.32041       1.70141E+38    1.70141E+38    1.70141E+38    

11.05758       11.13248       11.06788       11.00385       11.14          11.31821       11.54384       11.81635       12.13494       12.46008       12.81553       13.08002       13.13198       13.00317       12.73051       12.32857       11.80037       10.31446       7.909871       7.323312       1.70141E+38    1.70141E+38    1.70141E+38    

10.93673       10.99263       10.8966        10.83026       10.96906       11.18679       11.41755       11.65318       11.94346       12.2697        12.71342       13.0455        13.09254       12.95087       12.64862       12.20911       11.63317       9.031634       4.837962       3.759625       1.70141E+38    1.70141E+38    1.70141E+38    

10.70865       10.74609       10.73321       10.73645       10.84171       11.06524       11.24517       11.43926       11.76767       12.26521       12.76434       13.0486        13.06093       12.88169       12.55966       12.12003       11.26206       8.189192       5.307667       4.162858       1.70141E+38    1.70141E+38    1.70141E+38    

10.57169       10.71927       10.85664       10.98242       11.08344       11.21134       11.39256       11.61419       11.9633        12.4633        12.8627        13.04393       13.0293        12.80293       12.41154       12.00018       10.78814       8.584175       6.790125       5.766539       1.70141E+38    1.70141E+38    1.70141E+38    

10.68573       10.88726       11.01825       11.14252       11.23888       11.3848        11.58985       11.91469       12.28559       12.66374       12.92337       13.02722       12.97555       12.73622       12.31551       11.61957       9.645494       8.101447       7.350323       6.556581       1.70141E+38    1.70141E+38    1.70141E+38    

10.72341       10.8949        10.98199       11.04886       11.15487       11.35471       11.68046       12.13586       12.52301       12.79001       12.94325       12.9777        12.90351       12.72463       12.43087       12.01945       10.44711       7.244507       7.998611       7.67262        1.70141E+38    1.70141E+38    1.70141E+38    

10.61106       10.73715       10.8127        10.92295       11.13728       11.46662       11.91064       12.34157       12.65182       12.84427       12.91571       12.85877       12.76168       12.64414       12.47979       12.31925       12.05375       10.83848       9.428176       8.753803       1.70141E+38    1.70141E+38    1.70141E+38    

10.37896       10.54601       10.72996       11.01368       11.36931       11.78255       12.18708       12.49438       12.70508       12.82448       12.82861       12.68148       12.53911       12.44908       12.34237       12.33679       12.29078       12.09872       11.66073       10.86585       1.70141E+38    1.70141E+38    1.70141E+38    

1.70141E+38    1.70141E+38    1.70141E+38    1.70141E+38    1.70141E+38    1.70141E+38    1.70141E+38    1.70141E+38    1.70141E+38    1.70141E+38    1.70141E+38    1.70141E+38    1.70141E+38    1.70141E+38    1.70141E+38    1.70141E+38    1.70141E+38    1.70141E+38    1.70141E+38    1.70141E+38    1.70141E+38    1.70141E+38    1.70141E+38    

1.70141E+38    1.70141E+38    1.70141E+38    1.70141E+38    1.70141E+38    1.70141E+38    1.70141E+38    1.70141E+38    1.70141E+38    1.70141E+38    1.70141E+38    1.70141E+38    1.70141E+38    1.70141E+38    1.70141E+38    1.70141E+38    1.70141E+38    1.70141E+38    1.70141E+38    1.70141E+38    1.70141E+38    1.70141E+38    1.70141E+38    

1.70141E+38    1.70141E+38    1.70141E+38    1.70141E+38    1.70141E+38    1.70141E+38    1.70141E+38    1.70141E+38    1.70141E+38    1.70141E+38    1.70141E+38    1.70141E+38    1.70141E+38    1.70141E+38    1.70141E+38    1.70141E+38    1.70141E+38    1.70141E+38    1.70141E+38    1.70141E+38    1.70141E+38    1.70141E+38    1.70141E+38    

1.70141E+38    1.70141E+38    1.70141E+38    1.70141E+38    1.70141E+38    1.70141E+38    1.70141E+38    1.70141E+38    1.70141E+38    1.70141E+38    1.70141E+38    1.70141E+38    1.70141E+38    1.70141E+38    1.70141E+38    1.70141E+38    1.70141E+38    1.70141E+38    1.70141E+38    1.70141E+38    1.70141E+38    1.70141E+38    1.70141E+38    

1.70141E+38    1.70141E+38    1.70141E+38    1.70141E+38    1.70141E+38    1.70141E+38    1.70141E+38    1.70141E+38    1.70141E+38    1.70141E+38    1.70141E+38    1.70141E+38    1.70141E+38    1.70141E+38    1.70141E+38    1.70141E+38    1.70141E+38    1.70141E+38    1.70141E+38    1.70141E+38    1.70141E+38    1.70141E+38    1.70141E+38    

1.70141E+38    1.70141E+38    1.70141E+38    1.70141E+38    1.70141E+38    1.70141E+38    1.70141E+38    1.70141E+38    1.70141E+38    1.70141E+38    1.70141E+38    1.70141E+38    1.70141E+38    1.70141E+38    1.70141E+38    1.70141E+38    1.70141E+38    1.70141E+38    1.70141E+38    1.70141E+38    1.70141E+38    1.70141E+38    1.70141E+38    

1.70141E+38    1.70141E+38    1.70141E+38    1.70141E+38    1.70141E+38    1.70141E+38    1.70141E+38    1.70141E+38    1.70141E+38    1.70141E+38    1.70141E+38    1.70141E+38    1.70141E+38    1.70141E+38    1.70141E+38    1.70141E+38    1.70141E+38    1.70141E+38    1.70141E+38    1.70141E+38    1.70141E+38    1.70141E+38    1.70141E+38    

1.70141E+38    1.70141E+38    1.70141E+38    1.70141E+38    1.70141E+38    1.70141E+38    1.70141E+38    1.70141E+38    1.70141E+38    1.70141E+38    1.70141E+38    1.70141E+38    1.70141E+38    1.70141E+38    1.70141E+38    1.70141E+38    1.70141E+38    1.70141E+38    1.70141E+38    1.70141E+38    1.70141E+38    1.70141E+38    1.70141E+38    

