py_wake/examples/data/ParqueFicticio/Ridge area   Sector 3   Height 30m   Mean speed.grd
DSAA
23  33
 262878   265078
 6504214   6507414
 .2275103   6.847862
1.70141E+38    1.70141E+38    1.70141E+38    1.70141E+38    1.70141E+38    1.70141E+38    1.70141E+38    1.70141E+38    1.70141E+38    1.70141E+38    1.70141E+38    1.70141E+38    1.70141E+38    1.70141E+38    1.70141E+38    1.70141E+38    1.70141E+38    1.70141E+38    1.70141E+38    1.70141E+38    1.70141E+38    1.70141E+38    1.70141E+38    

1.70141E+38    1.70141E+38    1.70141E+38    1.70141E+38    1.70141E+38    1.70141E+38    1.70141E+38    1.70141E+38    1.70141E+38    1.70141E+38    1.70141E+38    1.70141E+38    1.70141E+38    1.70141E+38    1.70141E+38    1.70141E+38    1.70141E+38    1.70141E+38    1.70141E+38    1.70141E+38    1.70141E+38    1.70141E+38    1.70141E+38    

1.70141E+38    1.70141E+38    1.70141E+38    1.70141E+38    1.70141E+38    1.70141E+38    1.70141E+38    1.70141E+38    1.70141E+38    1.70141E+38    1.70141E+38    1.70141E+38    1.70141E+38    1.70141E+38    1.70141E+38    1.70141E+38    1.70141E+38    1.70141E+38    1.70141E+38    1.70141E+38    1.70141E+38    1.70141E+38    1.70141E+38    

1.70141E+38    1.70141E+38    1.70141E+38    1.70141E+38    1.70141E+38    1.70141E+38    1.70141E+38    1.70141E+38    1.70141E+38    1.70141E+38    1.70141E+38    1.70141E+38    1.70141E+38    1.70141E+38    1.70141E+38    1.70141E+38    1.70141E+38    1.70141E+38    1.70141E+38    1.70141E+38    1.70141E+38    1.70141E+38    1.70141E+38    

1.70141E+38    1.70141E+38    1.70141E+38    1.70141E+38    1.70141E+38    1.70141E+38    1.70141E+38    1.70141E+38    1.70141E+38    1.70141E+38    1.70141E+38    1.70141E+38    1.70141E+38    1.70141E+38    1.70141E+38    1.70141E+38    1.70141E+38    1.70141E+38    1.70141E+38    1.70141E+38    1.70141E+38    1.70141E+38    1.70141E+38    

1.179968       1.025576       .9391227       1.068389       1.410722       1.878475       2.217101       2.708968       3.089321       3.721362       4.391837       4.847577       5.171576       4.178574       2.652019       1.73857        1.133471       .7328497       .6183879       1.054408       1.70141E+38    1.70141E+38    1.70141E+38    

1.289485       1.202513       1.081231       1.026121       1.147683       1.497508       2.051163       2.769588       3.433465       3.992838       4.54969        4.982812       4.768872       3.438243       1.760762       1.167792       .7138551       .5377173       .7390513       2.549513       1.70141E+38    1.70141E+38    1.70141E+38    

1.273889       1.325285       1.392879       1.291174       1.113948       1.135763       1.437485       2.023637       2.830841       3.63942        4.32055        4.748906       4.184164       2.802465       1.656963       1.03887        .5353873       .5189126       .9100304       3.939067       1.70141E+38    1.70141E+38    1.70141E+38    

1.171183       1.225115       1.336181       1.327963       1.237206       1.212177       1.315174       1.736808       2.392534       3.165427       4.108065       4.703222       3.835416       2.450817       1.327922       .8820871       .479059        .6770461       2.186809       4.512353       1.70141E+38    1.70141E+38    1.70141E+38    

1.0757         1.116896       1.23713        1.293569       1.252631       1.371722       1.638805       2.259693       2.815712       3.395467       4.121197       4.733735       4.19742        3.180004       1.842777       .7221897       .5642972       .7999063       3.044801       4.778806       1.70141E+38    1.70141E+38    1.70141E+38    

1.279892       1.142472       1.236746       1.497086       1.693345       1.903155       2.250424       3.020853       3.726905       4.052247       4.444507       4.980248       4.6426         3.765594       2.182798       1.433102       .6309016       1.716774       3.897142       5.098585       1.70141E+38    1.70141E+38    1.70141E+38    

1.769125       1.430071       1.299126       1.595118       2.025604       2.470304       2.836106       3.452357       4.026155       4.386842       4.713478       5.138809       4.783391       3.530438       1.815756       1.821529       .6949574       3.75054        4.90537        5.782629       1.70141E+38    1.70141E+38    1.70141E+38    

2.38382        1.690647       1.297165       1.52729        1.691781       1.892805       2.009696       2.591627       3.384239       4.003242       4.609127       5.187769       5.009471       3.545457       1.601284       .325303        3.522268       5.274551       5.960713       6.065156       1.70141E+38    1.70141E+38    1.70141E+38    

2.878126       2.329312       1.530086       1.373268       .8638117       .8252127       .9307393       1.363983       2.085603       3.094824       4.361121       5.302129       5.330164       4.192001       2.754615       3.677451       5.382798       6.111145       6.203852       5.777292       1.70141E+38    1.70141E+38    1.70141E+38    

3.137489       2.740797       2.125057       2.16592        1.525125       1.166969       1.66088        2.083027       2.683961       3.376851       4.587188       5.601785       5.632055       5.064175       5.073679       5.581849       5.998306       6.126627       5.85609        5.307862       1.70141E+38    1.70141E+38    1.70141E+38    

3.242448       3.132394       2.777542       2.835597       2.62743        2.252321       2.598635       3.229507       4.079988       4.72486        5.347858       5.820433       5.87277        5.638321       6.020622       6.047657       5.635738       5.404602       5.104592       4.591716       1.70141E+38    1.70141E+38    1.70141E+38    

3.513963       3.592074       3.349176       3.194945       3.35372        3.576767       3.860864       4.229523       4.860539       5.302829       5.507742       5.822688       5.832398       5.932211       6.102214       5.620464       4.776974       4.453042       4.369399       4.155004       1.70141E+38    1.70141E+38    1.70141E+38    

3.37987        3.336568       2.839522       2.508273       2.885496       3.287472       3.730258       4.09572        4.526298       4.688759       5.011762       5.549241       5.923184       6.070747       5.812651       5.190954       4.600981       4.125951       3.869013       3.825375       1.70141E+38    1.70141E+38    1.70141E+38    

2.669446       2.363367       1.675634       1.304332       1.464812       1.690302       1.982755       2.035182       1.990991       1.923405       3.487308       5.541886       6.218435       6.033622       5.279872       4.556913       4.225648       3.908805       3.575605       3.512947       1.70141E+38    1.70141E+38    1.70141E+38    

1.752734       1.316549       1.039869       .8607151       .807661        .860923        .5051944       .2275103       .6086943       1.265502       3.571337       5.970686       6.426847       5.837615       4.935879       4.299785       3.87278        3.486181       3.42944        3.528911       1.70141E+38    1.70141E+38    1.70141E+38    

1.443099       1.400445       1.550318       1.759647       1.755335       1.528982       1.179441       .6687801       .709395        3.132776       5.555557       6.439046       6.234759       5.080838       4.363906       4.090816       3.915239       3.775194       3.714115       3.709868       1.70141E+38    1.70141E+38    1.70141E+38    

2.250739       2.513372       2.544877       2.544496       2.332801       2.461097       2.34276        2.744414       3.684318       5.602944       6.610644       6.46589        5.737092       4.679431       3.899029       3.668058       3.684774       3.779051       3.872324       3.816779       1.70141E+38    1.70141E+38    1.70141E+38    

2.995436       2.917821       2.286208       1.366277       .8155913       .7862514       1.563139       4.016501       5.736401       6.541973       6.847862       6.057841       5.348953       4.673352       4.021922       3.641589       3.416441       3.408113       3.540647       3.61916        1.70141E+38    1.70141E+38    1.70141E+38    

2.821634       2.249098       1.39913        .7695355       .7674963       .6069448       2.450417       5.386897       6.444153       6.649949       5.881331       5.000334       4.766125       4.538673       4.111026       3.939894       3.678095       3.271862       3.143187       3.149894       1.70141E+38    1.70141E+38    1.70141E+38    

2.253641       2.051148       1.807971       1.962929       2.354087       3.457218       5.211842       6.189223       6.421903       5.837102       4.992335       4.33914        4.218452       4.06521        3.750189       3.973708       3.960464       3.5999         3.257169       3.112104       1.70141E+38    1.70141E+38    1.70141E+38    

1.70141E+38    1.70141E+38    1.70141E+38    1.70141E+38    1.70141E+38    1.70141E+38    1.70141E+38    1.70141E+38    1.70141E+38    1.70141E+38    1.70141E+38    1.70141E+38    1.70141E+38    1.70141E+38    1.70141E+38    1.70141E+38    1.70141E+38    1.70141E+38    1.70141E+38    1.70141E+38    1.70141E+38    1.70141E+38    1.70141E+38    

1.70141E+38    1.70141E+38    1.70141E+38    1.70141E+38    1.70141E+38    1.70141E+38    1.70141E+38    1.70141E+38    1.70141E+38    1.70141E+38    1.70141E+38    1.70141E+38    1.70141E+38    1.70141E+38    1.70141E+38    1.70141E+38    1.70141E+38    1.70141E+38    1.70141E+38    1.70141E+38    1.70141E+38    1.70141E+38    1.70141E+38    

1.70141E+38    1.70141E+38    1.70141E+38    1.70141E+38    1.70141E+38    1.70141E+38    1.70141E+38    1.70141E+38    1.70141E+38    1.70141E+38    1.70141E+38    1.70141E+38    1.70141E+38    1.70141E+38    1.70141E+38    1.70141E+38    1.70141E+38    1.70141E+38    1.70141E+38    1.70141E+38    1.70141E+38    1.70141E+38    1.70141E+38    

1.70141E+38    1.70141E+38    1.70141E+38    1.70141E+38    1.70141E+38    1.70141E+38    1.70141E+38    1.70141E+38    1.70141E+38    1.70141E+38    1.70141E+38    1.70141E+38    1.70141E+38    1.70141E+38    1.70141E+38    1.70141E+38    1.70141E+38    1.70141E+38    1.70141E+38    1.70141E+38    1.70141E+38    1.70141E+38    1.70141E+38    

1.70141E+38    1.70141E+38    1.70141E+38    1.70141E+38    1.70141E+38    1.70141E+38    1.70141E+38    1.70141E+38    1.70141E+38    1.70141E+38    1.70141E+38    1.70141E+38    1.70141E+38    1.70141E+38    1.70141E+38    1.70141E+38    1.70141E+38    1.70141E+38    1.70141E+38    1.70141E+38    1.70141E+38    1.70141E+38    1.70141E+38    

1.70141E+38    1.70141E+38    1.70141E+38    1.70141E+38    1.70141E+38    1.70141E+38    1.70141E+38    1.70141E+38    1.70141E+38    1.70141E+38    1.70141E+38    1.70141E+38    1.70141E+38    1.70141E+38    1.70141E+38    1.70141E+38    1.70141E+38    1.70141E+38    1.70141E+38    1.70141E+38    1.70141E+38    1.70141E+38    1.70141E+38    

1.70141E+38    1.70141E+38    1.70141E+38    1.70141E+38    1.70141E+38    1.70141E+38    1.70141E+38    1.70141E+38    1.70141E+38    1.70141E+38    1.70141E+38    1.70141E+38    1.70141E+38    1.70141E+38    1.70141E+38    1.70141E+38    1.70141E+38    1.70141E+38    1.70141E+38    1.70141E+38    1.70141E+38    1.70141E+38    1.70141E+38    

1.70141E+38    1.70141E+38    1.70141E+38    1.70141E+38    1.70141E+38    1.70141E+38    1.70141E+38    1.70141E+38    1.70141E+38    1.70141E+38    1.70141E+38    1.70141E+38    1.70141E+38    1.70141E+38    1.70141E+38    1.70141E+38    1.70141E+38    1.70141E+38    1.70141E+38    1.70141E+38    1.70141E+38    1.70141E+38    1.70141E+38    

