py_wake/examples/data/ParqueFicticio/Ridge area   Sector 5   Height 200m   Weibull-k.grd
DSAA
23  33
 262878   265078
 6504214   6507414
 2.845703   3.087891
1.70141E+38    1.70141E+38    1.70141E+38    1.70141E+38    1.70141E+38    1.70141E+38    1.70141E+38    1.70141E+38    1.70141E+38    1.70141E+38    1.70141E+38    1.70141E+38    1.70141E+38    1.70141E+38    1.70141E+38    1.70141E+38    1.70141E+38    1.70141E+38    1.70141E+38    1.70141E+38    1.70141E+38    1.70141E+38    1.70141E+38    

1.70141E+38    1.70141E+38    1.70141E+38    1.70141E+38    1.70141E+38    1.70141E+38    1.70141E+38    1.70141E+38    1.70141E+38    1.70141E+38    1.70141E+38    1.70141E+38    1.70141E+38    1.70141E+38    1.70141E+38    1.70141E+38    1.70141E+38    1.70141E+38    1.70141E+38    1.70141E+38    1.70141E+38    1.70141E+38    1.70141E+38    

1.70141E+38    1.70141E+38    1.70141E+38    1.70141E+38    1.70141E+38    1.70141E+38    1.70141E+38    1.70141E+38    1.70141E+38    1.70141E+38    1.70141E+38    1.70141E+38    1.70141E+38    1.70141E+38    1.70141E+38    1.70141E+38    1.70141E+38    1.70141E+38    1.70141E+38    1.70141E+38    1.70141E+38    1.70141E+38    1.70141E+38    

1.70141E+38    1.70141E+38    1.70141E+38    1.70141E+38    1.70141E+38    1.70141E+38    1.70141E+38    1.70141E+38    1.70141E+38    1.70141E+38    1.70141E+38    1.70141E+38    1.70141E+38    1.70141E+38    1.70141E+38    1.70141E+38    1.70141E+38    1.70141E+38    1.70141E+38    1.70141E+38    1.70141E+38    1.70141E+38    1.70141E+38    

1.70141E+38    1.70141E+38    1.70141E+38    1.70141E+38    1.70141E+38    1.70141E+38    1.70141E+38    1.70141E+38    1.70141E+38    1.70141E+38    1.70141E+38    1.70141E+38    1.70141E+38    1.70141E+38    1.70141E+38    1.70141E+38    1.70141E+38    1.70141E+38    1.70141E+38    1.70141E+38    1.70141E+38    1.70141E+38    1.70141E+38    

3.025391       3.025391       3.025391       3.021484       3.017578       3.005859       2.990234       2.966797       2.939453       2.904297       2.876953       2.853516       2.845703       2.853516       2.884766       2.931641       2.966797       2.982422       2.974609       2.951172       1.70141E+38    1.70141E+38    1.70141E+38    

3.029297       3.029297       3.029297       3.029297       3.025391       3.013672       2.998047       2.974609       2.943359       2.912109       2.884766       2.861328       2.853516       2.861328       2.900391       2.947266       2.978516       2.986328       2.966797       2.951172       1.70141E+38    1.70141E+38    1.70141E+38    

3.025391       3.033203       3.033203       3.029297       3.021484       3.009766       2.990234       2.962891       2.935547       2.904297       2.880859       2.865234       2.857422       2.869141       2.916016       2.962891       2.990234       2.990234       2.966797       2.951172       1.70141E+38    1.70141E+38    1.70141E+38    

3.017578       3.029297       3.033203       3.029297       3.021484       3.005859       2.982422       2.951172       2.919922       2.888672       2.873047       2.869141       2.865234       2.884766       2.935547       2.978516       3.001953       2.994141       2.974609       2.962891       1.70141E+38    1.70141E+38    1.70141E+38    

3.017578       3.033203       3.037109       3.037109       3.029297       3.013672       2.994141       2.966797       2.935547       2.904297       2.880859       2.880859       2.884766       2.912109       2.962891       2.998047       3.009766       2.998047       2.982422       2.978516       1.70141E+38    1.70141E+38    1.70141E+38    

3.025391       3.041016       3.048828       3.048828       3.041016       3.033203       3.013672       2.990234       2.966797       2.939453       2.912109       2.904297       2.912109       2.939453       2.982422       3.017578       3.025391       3.013672       3.005859       3.005859       1.70141E+38    1.70141E+38    1.70141E+38    

3.033203       3.044922       3.056641       3.056641       3.052734       3.041016       3.025391       3.005859       2.982422       2.958984       2.935547       2.927734       2.931641       2.955078       3.001953       3.037109       3.044922       3.041016       3.037109       3.033203       1.70141E+38    1.70141E+38    1.70141E+38    

3.041016       3.052734       3.064453       3.064453       3.060547       3.048828       3.033203       3.009766       2.986328       2.962891       2.943359       2.935547       2.939453       2.966797       3.017578       3.056641       3.064453       3.060547       3.060547       3.060547       1.70141E+38    1.70141E+38    1.70141E+38    

3.048828       3.056641       3.064453       3.068359       3.060547       3.048828       3.029297       3.005859       2.982422       2.958984       2.943359       2.939453       2.947266       2.974609       3.025391       3.064453       3.072266       3.072266       3.072266       3.080078       1.70141E+38    1.70141E+38    1.70141E+38    

3.060547       3.064453       3.072266       3.068359       3.064453       3.052734       3.033203       3.013672       2.990234       2.970703       2.951172       2.951172       2.962891       2.986328       3.029297       3.060547       3.076172       3.080078       3.080078       3.087891       1.70141E+38    1.70141E+38    1.70141E+38    

3.072266       3.072266       3.080078       3.080078       3.072266       3.064453       3.048828       3.029297       3.009766       2.990234       2.974609       2.966797       2.970703       2.994141       3.025391       3.056641       3.076172       3.080078       3.083984       3.087891       1.70141E+38    1.70141E+38    1.70141E+38    

3.080078       3.080078       3.083984       3.083984       3.076172       3.068359       3.056641       3.041016       3.021484       2.998047       2.982422       2.970703       2.974609       2.990234       3.017578       3.052734       3.076172       3.080078       3.080078       3.083984       1.70141E+38    1.70141E+38    1.70141E+38    

3.080078       3.080078       3.083984       3.083984       3.076172       3.068359       3.052734       3.037109       3.017578       2.994141       2.974609       2.962891       2.966797       2.982422       3.009766       3.041016       3.068359       3.076172       3.076172       3.080078       1.70141E+38    1.70141E+38    1.70141E+38    

3.072266       3.072266       3.080078       3.080078       3.068359       3.056641       3.044922       3.025391       3.001953       2.974609       2.947266       2.943359       2.951172       2.970703       2.998047       3.033203       3.060547       3.072266       3.072266       3.072266       1.70141E+38    1.70141E+38    1.70141E+38    

3.068359       3.068359       3.064453       3.060547       3.052734       3.037109       3.021484       2.998047       2.970703       2.947266       2.927734       2.927734       2.939453       2.958984       2.990234       3.025391       3.052734       3.064453       3.068359       3.060547       1.70141E+38    1.70141E+38    1.70141E+38    

3.068359       3.060547       3.056641       3.048828       3.037109       3.025391       3.005859       2.986328       2.962891       2.943359       2.931641       2.931641       2.939453       2.951172       2.986328       3.017578       3.041016       3.052734       3.056641       3.052734       1.70141E+38    1.70141E+38    1.70141E+38    

3.064453       3.056641       3.052734       3.044922       3.033203       3.021484       3.001953       2.982422       2.962891       2.951172       2.943359       2.943359       2.951172       2.962891       2.990234       3.013672       3.029297       3.041016       3.044922       3.044922       1.70141E+38    1.70141E+38    1.70141E+38    

3.064453       3.056641       3.048828       3.037109       3.025391       3.009766       2.994141       2.978516       2.966797       2.955078       2.947266       2.951172       2.958984       2.978516       3.001953       3.017578       3.021484       3.025391       3.029297       3.029297       1.70141E+38    1.70141E+38    1.70141E+38    

3.056641       3.048828       3.041016       3.029297       3.013672       3.001953       2.986328       2.970703       2.962891       2.955078       2.947266       2.947266       2.962891       2.982422       3.005859       3.017578       3.021484       3.021484       3.017578       3.013672       1.70141E+38    1.70141E+38    1.70141E+38    

3.052734       3.041016       3.033203       3.021484       3.009766       2.998047       2.982422       2.966797       2.955078       2.947266       2.943359       2.943359       2.955078       2.978516       2.998047       3.009766       3.017578       3.021484       3.025391       3.021484       1.70141E+38    1.70141E+38    1.70141E+38    

1.70141E+38    1.70141E+38    1.70141E+38    1.70141E+38    1.70141E+38    1.70141E+38    1.70141E+38    1.70141E+38    1.70141E+38    1.70141E+38    1.70141E+38    1.70141E+38    1.70141E+38    1.70141E+38    1.70141E+38    1.70141E+38    1.70141E+38    1.70141E+38    1.70141E+38    1.70141E+38    1.70141E+38    1.70141E+38    1.70141E+38    

1.70141E+38    1.70141E+38    1.70141E+38    1.70141E+38    1.70141E+38    1.70141E+38    1.70141E+38    1.70141E+38    1.70141E+38    1.70141E+38    1.70141E+38    1.70141E+38    1.70141E+38    1.70141E+38    1.70141E+38    1.70141E+38    1.70141E+38    1.70141E+38    1.70141E+38    1.70141E+38    1.70141E+38    1.70141E+38    1.70141E+38    

1.70141E+38    1.70141E+38    1.70141E+38    1.70141E+38    1.70141E+38    1.70141E+38    1.70141E+38    1.70141E+38    1.70141E+38    1.70141E+38    1.70141E+38    1.70141E+38    1.70141E+38    1.70141E+38    1.70141E+38    1.70141E+38    1.70141E+38    1.70141E+38    1.70141E+38    1.70141E+38    1.70141E+38    1.70141E+38    1.70141E+38    

1.70141E+38    1.70141E+38    1.70141E+38    1.70141E+38    1.70141E+38    1.70141E+38    1.70141E+38    1.70141E+38    1.70141E+38    1.70141E+38    1.70141E+38    1.70141E+38    1.70141E+38    1.70141E+38    1.70141E+38    1.70141E+38    1.70141E+38    1.70141E+38    1.70141E+38    1.70141E+38    1.70141E+38    1.70141E+38    1.70141E+38    

1.70141E+38    1.70141E+38    1.70141E+38    1.70141E+38    1.70141E+38    1.70141E+38    1.70141E+38    1.70141E+38    1.70141E+38    1.70141E+38    1.70141E+38    1.70141E+38    1.70141E+38    1.70141E+38    1.70141E+38    1.70141E+38    1.70141E+38    1.70141E+38    1.70141E+38    1.70141E+38    1.70141E+38    1.70141E+38    1.70141E+38    

1.70141E+38    1.70141E+38    1.70141E+38    1.70141E+38    1.70141E+38    1.70141E+38    1.70141E+38    1.70141E+38    1.70141E+38    1.70141E+38    1.70141E+38    1.70141E+38    1.70141E+38    1.70141E+38    1.70141E+38    1.70141E+38    1.70141E+38    1.70141E+38    1.70141E+38    1.70141E+38    1.70141E+38    1.70141E+38    1.70141E+38    

1.70141E+38    1.70141E+38    1.70141E+38    1.70141E+38    1.70141E+38    1.70141E+38    1.70141E+38    1.70141E+38    1.70141E+38    1.70141E+38    1.70141E+38    1.70141E+38    1.70141E+38    1.70141E+38    1.70141E+38    1.70141E+38    1.70141E+38    1.70141E+38    1.70141E+38    1.70141E+38    1.70141E+38    1.70141E+38    1.70141E+38    

1.70141E+38    1.70141E+38    1.70141E+38    1.70141E+38    1.70141E+38    1.70141E+38    1.70141E+38    1.70141E+38    1.70141E+38    1.70141E+38    1.70141E+38    1.70141E+38    1.70141E+38    1.70141E+38    1.70141E+38    1.70141E+38    1.70141E+38    1.70141E+38    1.70141E+38    1.70141E+38    1.70141E+38    1.70141E+38    1.70141E+38    

