py_wake/examples/data/ParqueFicticio/Ridge area   Sector 11   Height 30m   Turbulence intensity.grd
DSAA
23  33
 262878   265078
 6504214   6507414
 9.305949   100
1.70141E+38    1.70141E+38    1.70141E+38    1.70141E+38    1.70141E+38    1.70141E+38    1.70141E+38    1.70141E+38    1.70141E+38    1.70141E+38    1.70141E+38    1.70141E+38    1.70141E+38    1.70141E+38    1.70141E+38    1.70141E+38    1.70141E+38    1.70141E+38    1.70141E+38    1.70141E+38    1.70141E+38    1.70141E+38    1.70141E+38    

1.70141E+38    1.70141E+38    1.70141E+38    1.70141E+38    1.70141E+38    1.70141E+38    1.70141E+38    1.70141E+38    1.70141E+38    1.70141E+38    1.70141E+38    1.70141E+38    1.70141E+38    1.70141E+38    1.70141E+38    1.70141E+38    1.70141E+38    1.70141E+38    1.70141E+38    1.70141E+38    1.70141E+38    1.70141E+38    1.70141E+38    

1.70141E+38    1.70141E+38    1.70141E+38    1.70141E+38    1.70141E+38    1.70141E+38    1.70141E+38    1.70141E+38    1.70141E+38    1.70141E+38    1.70141E+38    1.70141E+38    1.70141E+38    1.70141E+38    1.70141E+38    1.70141E+38    1.70141E+38    1.70141E+38    1.70141E+38    1.70141E+38    1.70141E+38    1.70141E+38    1.70141E+38    

1.70141E+38    1.70141E+38    1.70141E+38    1.70141E+38    1.70141E+38    1.70141E+38    1.70141E+38    1.70141E+38    1.70141E+38    1.70141E+38    1.70141E+38    1.70141E+38    1.70141E+38    1.70141E+38    1.70141E+38    1.70141E+38    1.70141E+38    1.70141E+38    1.70141E+38    1.70141E+38    1.70141E+38    1.70141E+38    1.70141E+38    

1.70141E+38    1.70141E+38    1.70141E+38    1.70141E+38    1.70141E+38    1.70141E+38    1.70141E+38    1.70141E+38    1.70141E+38    1.70141E+38    1.70141E+38    1.70141E+38    1.70141E+38    1.70141E+38    1.70141E+38    1.70141E+38    1.70141E+38    1.70141E+38    1.70141E+38    1.70141E+38    1.70141E+38    1.70141E+38    1.70141E+38    

15.08296       15.05585       14.83372       14.05344       13.15715       11.9866        11.3983        10.90623       11.32663       11.20343       11.33004       12.53375       15.15928       40.36839       83.68461       100            100            100            100            64.80573       1.70141E+38    1.70141E+38    1.70141E+38    

14.98096       14.82337       15.23418       15.5856        15.06038       14.12656       12.93018       11.71062       10.83974       10.7624        11.08187       12.20895       18.41285       38.15342       100            83.53851       80.80418       77.58635       83.74916       62.63488       1.70141E+38    1.70141E+38    1.70141E+38    

16.28267       15.34576       14.29892       14.95083       16.03232       16.44234       16.25781       15.58548       14.10172       12.75069       11.78469       12.99069       27.44686       70.04252       90.56152       96.64835       70.77058       67.62779       68.72451       50.17574       1.70141E+38    1.70141E+38    1.70141E+38    

18.09728       17.379         15.82432       14.7512        14.91843       15.43211       16.39373       17.79312       18.77864       17.67433       14.34985       13.11697       25.66111       76.00507       82.97851       100            69.57727       62.39906       52.29617       30.73911       1.70141E+38    1.70141E+38    1.70141E+38    

21.15617       21.21611       17.91235       15.80647       15.6256        15.24461       14.81616       14.42352       15.45303       17.01095       15.59644       13.32064       17.96563       45.49485       57.4683        100            76.48          61.38678       47.4311        23.44736       1.70141E+38    1.70141E+38    1.70141E+38    

22.34163       29.14793       21.81596       17.7373        16.62913       16.47229       15.30081       13.11198       12.19603       12.67563       12.81511       12.3317        14.6279        29.99675       49.72975       92.90022       74.56402       51.39525       33.3875        24.40467       1.70141E+38    1.70141E+38    1.70141E+38    

18.58315       36.37429       34.44024       26.70741       22.54602       19.11798       17.54053       15.13354       12.99208       12.0107        11.88854       11.82258       13.90469       38.07275       100            95.87496       51.99895       32.82463       26.65651       23.10028       1.70141E+38    1.70141E+38    1.70141E+38    

13.85486       53.9664        68.22552       56.29686       41.88403       32.48032       28.07149       24.39633       19.18798       15.69754       13.4652        12.14704       13.66324       47.55924       85.40934       70.29096       36.01527       24.28347       21.56864       20.93183       1.70141E+38    1.70141E+38    1.70141E+38    

11.41163       37.81443       100            79.45235       100            82.55544       48.58804       39.62182       30.15176       22.03398       15.75003       12.07401       12.95485       34.62362       75.60896       46.93213       30.56357       22.68869       20.05652       20.69576       1.70141E+38    1.70141E+38    1.70141E+38    

10.60635       16.21062       80.46396       54.12358       75.66457       100            41.48577       27.79114       21.38384       17.94915       14.09495       10.88205       10.61144       17.43831       38.47487       40.27118       38.96946       32.50734       27.72421       25.13793       1.70141E+38    1.70141E+38    1.70141E+38    

10.76022       11.38144       16.19895       16.49472       18.33163       24.07785       21.29929       16.71465       13.28214       11.73096       10.56605       9.552835       9.305949       10.9447        22.72699       61.24381       78.89435       64.67641       45.4094        34.45125       1.70141E+38    1.70141E+38    1.70141E+38    

11.34243       10.81426       11.79673       12.69541       12.54048       12.76714       12.7064        12.54658       11.73906       10.90312       10.1367        9.479431       9.632558       10.18354       19.7333        79.10505       100            97.53207       57.27859       39.15724       1.70141E+38    1.70141E+38    1.70141E+38    

12.85348       11.64977       12.04877       13.88671       13.1086        12.859         12.69959       12.56327       11.96687       11.7566        11.64969       10.69327       10.12589       10.46863       15.1803        41.34981       64.43364       78.41081       60.67921       79.73588       1.70141E+38    1.70141E+38    1.70141E+38    

14.07847       13.37474       13.98276       16.23276       16.9079        16.2972        15.5485        15.51645       15.2524        15.69827       15.55237       12.45846       10.96015       10.74581       13.90317       27.95548       78.21594       100            100            100            1.70141E+38    1.70141E+38    1.70141E+38    

15.80229       15.81776       16.57172       20.19658       25.67503       23.69746       23.79509       23.91305       22.3612        17.19755       15.29314       12.36771       11.42514       11.57491       19.25156       19.0913        23.34831       100            96.6823        51.97431       1.70141E+38    1.70141E+38    1.70141E+38    

15.12729       14.69644       13.98341       13.35285       14.22889       15.23119       15.05563       15.68619       16.34685       13.84367       11.84056       10.85578       10.78608       28.57916       32.63345       28.50711       33.90576       48.57214       42.47107       40.20461       1.70141E+38    1.70141E+38    1.70141E+38    

13.56835       12.60435       12.54797       12.20826       12.29348       12.17227       12.35577       12.00031       12.37518       12.06479       10.99547       10.08969       9.870779       12.36662       24.90265       30.76695       30.21453       32.28706       32.98764       37.28144       1.70141E+38    1.70141E+38    1.70141E+38    

14.24979       13.30538       13.385         13.55598       13.89552       13.57426       13.66085       12.6424        11.43309       11.11553       11.02901       10.79626       9.859911       10.15018       14.95468       26.45275       53.68058       68.77389       62.25507       53.57471       1.70141E+38    1.70141E+38    1.70141E+38    

15.79496       14.85119       14.62841       14.32531       14.21418       13.9726        13.65776       12.75151       11.76252       11.16984       11.25582       12.5034        12.08812       10.93536       12.78042       15.51604       24.88079       97.75041       100            100            1.70141E+38    1.70141E+38    1.70141E+38    

18.03012       16.20602       15.37122       14.27509       13.41871       12.81394       11.99835       11.80357       11.87053       11.69984       11.75405       14.80269       16.47115       15.40449       17.84562       15.77204       24.27191       32.10871       82.0849        100            1.70141E+38    1.70141E+38    1.70141E+38    

1.70141E+38    1.70141E+38    1.70141E+38    1.70141E+38    1.70141E+38    1.70141E+38    1.70141E+38    1.70141E+38    1.70141E+38    1.70141E+38    1.70141E+38    1.70141E+38    1.70141E+38    1.70141E+38    1.70141E+38    1.70141E+38    1.70141E+38    1.70141E+38    1.70141E+38    1.70141E+38    1.70141E+38    1.70141E+38    1.70141E+38    

1.70141E+38    1.70141E+38    1.70141E+38    1.70141E+38    1.70141E+38    1.70141E+38    1.70141E+38    1.70141E+38    1.70141E+38    1.70141E+38    1.70141E+38    1.70141E+38    1.70141E+38    1.70141E+38    1.70141E+38    1.70141E+38    1.70141E+38    1.70141E+38    1.70141E+38    1.70141E+38    1.70141E+38    1.70141E+38    1.70141E+38    

1.70141E+38    1.70141E+38    1.70141E+38    1.70141E+38    1.70141E+38    1.70141E+38    1.70141E+38    1.70141E+38    1.70141E+38    1.70141E+38    1.70141E+38    1.70141E+38    1.70141E+38    1.70141E+38    1.70141E+38    1.70141E+38    1.70141E+38    1.70141E+38    1.70141E+38    1.70141E+38    1.70141E+38    1.70141E+38    1.70141E+38    

1.70141E+38    1.70141E+38    1.70141E+38    1.70141E+38    1.70141E+38    1.70141E+38    1.70141E+38    1.70141E+38    1.70141E+38    1.70141E+38    1.70141E+38    1.70141E+38    1.70141E+38    1.70141E+38    1.70141E+38    1.70141E+38    1.70141E+38    1.70141E+38    1.70141E+38    1.70141E+38    1.70141E+38    1.70141E+38    1.70141E+38    

1.70141E+38    1.70141E+38    1.70141E+38    1.70141E+38    1.70141E+38    1.70141E+38    1.70141E+38    1.70141E+38    1.70141E+38    1.70141E+38    1.70141E+38    1.70141E+38    1.70141E+38    1.70141E+38    1.70141E+38    1.70141E+38    1.70141E+38    1.70141E+38    1.70141E+38    1.70141E+38    1.70141E+38    1.70141E+38    1.70141E+38    

1.70141E+38    1.70141E+38    1.70141E+38    1.70141E+38    1.70141E+38    1.70141E+38    1.70141E+38    1.70141E+38    1.70141E+38    1.70141E+38    1.70141E+38    1.70141E+38    1.70141E+38    1.70141E+38    1.70141E+38    1.70141E+38    1.70141E+38    1.70141E+38    1.70141E+38    1.70141E+38    1.70141E+38    1.70141E+38    1.70141E+38    

1.70141E+38    1.70141E+38    1.70141E+38    1.70141E+38    1.70141E+38    1.70141E+38    1.70141E+38    1.70141E+38    1.70141E+38    1.70141E+38    1.70141E+38    1.70141E+38    1.70141E+38    1.70141E+38    1.70141E+38    1.70141E+38    1.70141E+38    1.70141E+38    1.70141E+38    1.70141E+38    1.70141E+38    1.70141E+38    1.70141E+38    

1.70141E+38    1.70141E+38    1.70141E+38    1.70141E+38    1.70141E+38    1.70141E+38    1.70141E+38    1.70141E+38    1.70141E+38    1.70141E+38    1.70141E+38    1.70141E+38    1.70141E+38    1.70141E+38    1.70141E+38    1.70141E+38    1.70141E+38    1.70141E+38    1.70141E+38    1.70141E+38    1.70141E+38    1.70141E+38    1.70141E+38    

