py_wake/examples/data/ParqueFicticio/Ridge area   Sector 10   Height 30m   Mean speed.grd
DSAA
23  33
 262878   265078
 6504214   6507414
 .4734429   10.55393
1.70141E+38    1.70141E+38    1.70141E+38    1.70141E+38    1.70141E+38    1.70141E+38    1.70141E+38    1.70141E+38    1.70141E+38    1.70141E+38    1.70141E+38    1.70141E+38    1.70141E+38    1.70141E+38    1.70141E+38    1.70141E+38    1.70141E+38    1.70141E+38    1.70141E+38    1.70141E+38    1.70141E+38    1.70141E+38    1.70141E+38    

1.70141E+38    1.70141E+38    1.70141E+38    1.70141E+38    1.70141E+38    1.70141E+38    1.70141E+38    1.70141E+38    1.70141E+38    1.70141E+38    1.70141E+38    1.70141E+38    1.70141E+38    1.70141E+38    1.70141E+38    1.70141E+38    1.70141E+38    1.70141E+38    1.70141E+38    1.70141E+38    1.70141E+38    1.70141E+38    1.70141E+38    

1.70141E+38    1.70141E+38    1.70141E+38    1.70141E+38    1.70141E+38    1.70141E+38    1.70141E+38    1.70141E+38    1.70141E+38    1.70141E+38    1.70141E+38    1.70141E+38    1.70141E+38    1.70141E+38    1.70141E+38    1.70141E+38    1.70141E+38    1.70141E+38    1.70141E+38    1.70141E+38    1.70141E+38    1.70141E+38    1.70141E+38    

1.70141E+38    1.70141E+38    1.70141E+38    1.70141E+38    1.70141E+38    1.70141E+38    1.70141E+38    1.70141E+38    1.70141E+38    1.70141E+38    1.70141E+38    1.70141E+38    1.70141E+38    1.70141E+38    1.70141E+38    1.70141E+38    1.70141E+38    1.70141E+38    1.70141E+38    1.70141E+38    1.70141E+38    1.70141E+38    1.70141E+38    

1.70141E+38    1.70141E+38    1.70141E+38    1.70141E+38    1.70141E+38    1.70141E+38    1.70141E+38    1.70141E+38    1.70141E+38    1.70141E+38    1.70141E+38    1.70141E+38    1.70141E+38    1.70141E+38    1.70141E+38    1.70141E+38    1.70141E+38    1.70141E+38    1.70141E+38    1.70141E+38    1.70141E+38    1.70141E+38    1.70141E+38    

5.27234        5.297589       5.401492       5.762953       6.22099        6.808344       7.166218       7.744144       8.071352       8.732334       9.434109       9.486668       9.17807        7.158442       1.080819       1.213154       1.182523       1.074887       1.585436       2.891451       1.70141E+38    1.70141E+38    1.70141E+38    

5.324813       5.402469       5.44895        5.627637       5.98695        6.384534       6.90612        7.609581       8.294394       8.962379       9.758981       9.740873       8.710225       2.928357       1.098196       1.402153       1.329905       1.235224       2.079885       3.794255       1.70141E+38    1.70141E+38    1.70141E+38    

5.116982       5.434134       5.854811       5.892072       5.863784       6.060089       6.407021       7.007321       7.804592       8.683095       9.730472       9.627275       6.399342       1.23282        .7527811       1.861591       1.442779       1.623322       2.661213       3.688489       1.70141E+38    1.70141E+38    1.70141E+38    

4.896963       5.200187       5.736573       5.990377       5.972638       6.171902       6.424156       6.84156        7.309057       7.977205       9.24973        9.589081       4.044287       1.121197       .7783672       .8141549       1.245199       1.765446       2.46897        3.717748       1.70141E+38    1.70141E+38    1.70141E+38    

4.728803       4.941814       5.47097        5.90804        6.009209       6.3387         6.773767       7.593605       7.925952       8.159074       8.999151       9.676166       6.883465       1.708987       .6829807       .5991349       1.981095       2.181837       2.790488       4.126321       1.70141E+38    1.70141E+38    1.70141E+38    

5.017989       4.596094       5.165067       5.88447        6.295036       6.612406       7.021739       7.956527       8.811914       9.064232       9.427397       9.992777       8.633348       3.567865       .9678927       1.518996       1.831192       2.68532        3.919558       5.358467       1.70141E+38    1.70141E+38    1.70141E+38    

5.761023       4.235345       4.465804       5.44939        6.30591        6.9425         7.204341       7.931008       8.766558       9.341505       9.889664       10.37348       9.281232       4.896269       1.277979       1.524608       3.261881       5.187847       6.284386       6.570097       1.70141E+38    1.70141E+38    1.70141E+38    

6.741832       4.2655         1.975019       3.457423       5.037648       6.123209       6.542892       7.091967       8.066514       8.874602       9.769503       10.55393       9.580778       4.502189       1.76414        1.787595       4.505713       7.130397       7.873275       7.553567       1.70141E+38    1.70141E+38    1.70141E+38    

7.470535       5.679425       1.023814       1.407657       1.706661       3.87048        5.408253       5.939001       6.73448        7.668176       9.038457       10.37729       9.426527       3.649456       1.337992       1.954545       4.958426       7.003191       7.676256       7.167752       1.70141E+38    1.70141E+38    1.70141E+38    

7.871645       6.699565       3.114513       3.319861       2.327988       2.818588       4.727796       5.709817       6.584076       7.28155        8.47591        10.03533       9.49413        5.62365        1.889121       2.197311       3.683405       5.163177       5.954675       5.799875       1.70141E+38    1.70141E+38    1.70141E+38    

7.920619       7.591149       6.085485       5.739852       4.917881       4.212893       4.97785        5.965571       7.059963       7.861617       8.892434       9.900601       9.782747       8.356009       5.396421       3.099395       2.490223       3.202766       3.824057       3.749487       1.70141E+38    1.70141E+38    1.70141E+38    

7.8942         8.024155       7.140284       6.597588       6.633739       6.521348       6.680828       6.950976       7.620433       8.231716       9.036189       9.938128       9.705403       9.019381       6.100045       2.040717       1.361151       1.046405       1.475522       1.754181       1.70141E+38    1.70141E+38    1.70141E+38    

7.642248       7.915765       7.098402       6.113126       6.748145       6.988671       7.244699       7.447915       7.839639       8.01462        8.391057       9.447053       9.783134       9.001569       5.316551       2.51732        1.401272       1.101491       1.941149       1.175985       1.70141E+38    1.70141E+38    1.70141E+38    

7.288239       7.278029       6.273401       5.331483       5.982756       6.553448       6.915174       6.945026       7.071338       6.898474       7.439141       9.275768       9.819865       8.618787       3.328662       3.996078       1.188178       .8329458       .4734429       .6140137       1.70141E+38    1.70141E+38    1.70141E+38    

6.570658       6.218028       5.599654       5.140268       5.137621       5.707222       5.644008       5.360841       5.40744        6.629471       7.851203       9.676263       9.501463       7.027658       2.642931       2.523552       2.190582       1.16215        .5963929       .5456641       1.70141E+38    1.70141E+38    1.70141E+38    

6.078831       6.158947       6.415457       6.742998       6.689266       6.648175       6.676974       6.502132       6.523021       7.665564       9.076371       9.971913       9.281166       4.714734       3.570181       3.300248       2.193435       2.558509       2.818311       2.882815       1.70141E+38    1.70141E+38    1.70141E+38    

6.49598        7.023283       7.096264       7.329          7.12129        7.143643       7.000354       7.420241       7.703404       8.513522       9.560166       9.904496       9.046392       4.417839       2.867335       2.202624       2.24513        2.605658       3.110401       3.317231       1.70141E+38    1.70141E+38    1.70141E+38    

6.795164       7.22991        7.015154       6.70512        6.420873       6.458061       6.642625       7.652284       8.822764       9.366911       9.600582       9.324253       9.039316       6.58032        3.612672       2.491915       1.967207       2.048341       2.705257       3.355427       1.70141E+38    1.70141E+38    1.70141E+38    

6.562012       6.68197        6.325012       6.093248       6.255099       6.544888       7.190984       8.24362        9.253771       9.677799       9.272748       8.116467       8.002764       7.82634        6.457244       5.853699       4.706115       3.057367       1.262818       2.078228       1.70141E+38    1.70141E+38    1.70141E+38    

5.752279       5.997876       6.00145        6.408137       6.879048       7.445051       8.392858       9.011405       9.258524       9.328925       8.958441       7.113921       6.645809       6.905132       6.082185       7.069908       2.186743       1.64906        4.060113       3.171496       1.70141E+38    1.70141E+38    1.70141E+38    

1.70141E+38    1.70141E+38    1.70141E+38    1.70141E+38    1.70141E+38    1.70141E+38    1.70141E+38    1.70141E+38    1.70141E+38    1.70141E+38    1.70141E+38    1.70141E+38    1.70141E+38    1.70141E+38    1.70141E+38    1.70141E+38    1.70141E+38    1.70141E+38    1.70141E+38    1.70141E+38    1.70141E+38    1.70141E+38    1.70141E+38    

1.70141E+38    1.70141E+38    1.70141E+38    1.70141E+38    1.70141E+38    1.70141E+38    1.70141E+38    1.70141E+38    1.70141E+38    1.70141E+38    1.70141E+38    1.70141E+38    1.70141E+38    1.70141E+38    1.70141E+38    1.70141E+38    1.70141E+38    1.70141E+38    1.70141E+38    1.70141E+38    1.70141E+38    1.70141E+38    1.70141E+38    

1.70141E+38    1.70141E+38    1.70141E+38    1.70141E+38    1.70141E+38    1.70141E+38    1.70141E+38    1.70141E+38    1.70141E+38    1.70141E+38    1.70141E+38    1.70141E+38    1.70141E+38    1.70141E+38    1.70141E+38    1.70141E+38    1.70141E+38    1.70141E+38    1.70141E+38    1.70141E+38    1.70141E+38    1.70141E+38    1.70141E+38    

1.70141E+38    1.70141E+38    1.70141E+38    1.70141E+38    1.70141E+38    1.70141E+38    1.70141E+38    1.70141E+38    1.70141E+38    1.70141E+38    1.70141E+38    1.70141E+38    1.70141E+38    1.70141E+38    1.70141E+38    1.70141E+38    1.70141E+38    1.70141E+38    1.70141E+38    1.70141E+38    1.70141E+38    1.70141E+38    1.70141E+38    

1.70141E+38    1.70141E+38    1.70141E+38    1.70141E+38    1.70141E+38    1.70141E+38    1.70141E+38    1.70141E+38    1.70141E+38    1.70141E+38    1.70141E+38    1.70141E+38    1.70141E+38    1.70141E+38    1.70141E+38    1.70141E+38    1.70141E+38    1.70141E+38    1.70141E+38    1.70141E+38    1.70141E+38    1.70141E+38    1.70141E+38    

1.70141E+38    1.70141E+38    1.70141E+38    1.70141E+38    1.70141E+38    1.70141E+38    1.70141E+38    1.70141E+38    1.70141E+38    1.70141E+38    1.70141E+38    1.70141E+38    1.70141E+38    1.70141E+38    1.70141E+38    1.70141E+38    1.70141E+38    1.70141E+38    1.70141E+38    1.70141E+38    1.70141E+38    1.70141E+38    1.70141E+38    

1.70141E+38    1.70141E+38    1.70141E+38    1.70141E+38    1.70141E+38    1.70141E+38    1.70141E+38    1.70141E+38    1.70141E+38    1.70141E+38    1.70141E+38    1.70141E+38    1.70141E+38    1.70141E+38    1.70141E+38    1.70141E+38    1.70141E+38    1.70141E+38    1.70141E+38    1.70141E+38    1.70141E+38    1.70141E+38    1.70141E+38    

1.70141E+38    1.70141E+38    1.70141E+38    1.70141E+38    1.70141E+38    1.70141E+38    1.70141E+38    1.70141E+38    1.70141E+38    1.70141E+38    1.70141E+38    1.70141E+38    1.70141E+38    1.70141E+38    1.70141E+38    1.70141E+38    1.70141E+38    1.70141E+38    1.70141E+38    1.70141E+38    1.70141E+38    1.70141E+38    1.70141E+38    

