py_wake/examples/data/ParqueFicticio/Ridge area   Sector 10   Height 30m   Flow inclination.grd
DSAA
23  33
 262878   265078
 6504214   6507414
-19.629   17.85436
1.70141E+38    1.70141E+38    1.70141E+38    1.70141E+38    1.70141E+38    1.70141E+38    1.70141E+38    1.70141E+38    1.70141E+38    1.70141E+38    1.70141E+38    1.70141E+38    1.70141E+38    1.70141E+38    1.70141E+38    1.70141E+38    1.70141E+38    1.70141E+38    1.70141E+38    1.70141E+38    1.70141E+38    1.70141E+38    1.70141E+38    

1.70141E+38    1.70141E+38    1.70141E+38    1.70141E+38    1.70141E+38    1.70141E+38    1.70141E+38    1.70141E+38    1.70141E+38    1.70141E+38    1.70141E+38    1.70141E+38    1.70141E+38    1.70141E+38    1.70141E+38    1.70141E+38    1.70141E+38    1.70141E+38    1.70141E+38    1.70141E+38    1.70141E+38    1.70141E+38    1.70141E+38    

1.70141E+38    1.70141E+38    1.70141E+38    1.70141E+38    1.70141E+38    1.70141E+38    1.70141E+38    1.70141E+38    1.70141E+38    1.70141E+38    1.70141E+38    1.70141E+38    1.70141E+38    1.70141E+38    1.70141E+38    1.70141E+38    1.70141E+38    1.70141E+38    1.70141E+38    1.70141E+38    1.70141E+38    1.70141E+38    1.70141E+38    

1.70141E+38    1.70141E+38    1.70141E+38    1.70141E+38    1.70141E+38    1.70141E+38    1.70141E+38    1.70141E+38    1.70141E+38    1.70141E+38    1.70141E+38    1.70141E+38    1.70141E+38    1.70141E+38    1.70141E+38    1.70141E+38    1.70141E+38    1.70141E+38    1.70141E+38    1.70141E+38    1.70141E+38    1.70141E+38    1.70141E+38    

1.70141E+38    1.70141E+38    1.70141E+38    1.70141E+38    1.70141E+38    1.70141E+38    1.70141E+38    1.70141E+38    1.70141E+38    1.70141E+38    1.70141E+38    1.70141E+38    1.70141E+38    1.70141E+38    1.70141E+38    1.70141E+38    1.70141E+38    1.70141E+38    1.70141E+38    1.70141E+38    1.70141E+38    1.70141E+38    1.70141E+38    

7.436698       9.256524       11.49635       13.5276        14.47715       13.86563       13.02637       12.58094       11.32902       11.02176       5.548386       1.398523       -4.431472      -8.71497       1.58651        -10.91846      1.605366       -12.01801      -17.6605       -4.555749      1.70141E+38    1.70141E+38    1.70141E+38    

8.25135        9.277925       10.64972       13.03482       14.70946       15.71735       15.86218       15.55688       13.22154       11.07924       5.870355       .00073108      -5.341942      -8.803948      -2.953969      5.099158       5.875717       -15.29136      -2.451141      9.633259       1.70141E+38    1.70141E+38    1.70141E+38    

9.451815       11.32541       11.11487       10.1506        12.02928       14.18762       15.67878       17.4645        16.46214       14.04519       8.607751       .1518292       -2.83599       3.447515       1.630016       13.52695       1.959115       -12.65152      4.976155       6.327627       1.70141E+38    1.70141E+38    1.70141E+38    

9.498642       12.40713       12.93409       11.30458       11.71064       13.10596       14.38404       15.20825       15.47159       15.45472       12.88084       2.353545       3.77232        3.940311       -2.002989      7.489571       -11.76391      -19.629        3.144412       2.611683       1.70141E+38    1.70141E+38    1.70141E+38    

7.945725       12.68436       13.87581       13.46485       13.81115       14.99304       15.88764       15.38662       12.60185       11.98853       11.61096       3.342998       -.6963952      -.4051597      7.623787       -7.231885      15.38092       .1146822       1.450044       -.2703205      1.70141E+38    1.70141E+38    1.70141E+38    

4.611182       10.133         15.20127       15.94058       15.35929       15.52054       17.34322       16.64899       12.45223       9.166371       8.399261       2.241854       -4.036309      -5.644896      10.89039       16.68404       -6.862559      4.352409       7.90271        .2889279       1.70141E+38    1.70141E+38    1.70141E+38    

1.620982       2.474481       9.610006       16.00122       16.73594       15.74012       16.49814       17.4517        13.83088       10.52636       7.844097       1.420969       -5.961327      -7.45681       5.148386       -19.27822      -16.18536      -5.847356      -1.207325      -3.63146       1.70141E+38    1.70141E+38    1.70141E+38    

1.277559       -.3669264      1.55491        3.166524       10.4304        13.47735       14.65822       17.04354       16.30293       13.998         10.89348       3.127568       -4.847522      -5.992575      6.122565       -10.18569      -3.137353      .2964248       -2.571288      -8.218402      1.70141E+38    1.70141E+38    1.70141E+38    

3.216924       .2420176       16.47107       14.37362       .9906475       9.584362       12.75881       14.4585        17.1125        17.04954       14.78473       7.019443       -3.240078      -1.396035      2.598467       -10.39095      -1.415469      -.7164623      -4.040025      -9.029212      1.70141E+38    1.70141E+38    1.70141E+38    

7.185093       1.829056       6.848318       9.85046        12.92634       14.795         16.74904       16.92924       16.72467       16.68467       16.08673       8.067613       -1.420095      -3.445031      -2.632307      -4.685779      -3.494611      -3.066303      -5.353653      -8.1259        1.70141E+38    1.70141E+38    1.70141E+38    

10.26657       3.592155       4.933157       7.845514       8.567268       12.38394       16.24057       16.94792       16.30395       14.50996       12.72087       7.390326       -.6381288      -4.920797      -6.428041      -7.0108        -7.226761      -7.236291      -7.210035      -8.26007       1.70141E+38    1.70141E+38    1.70141E+38    

11.96997       5.564888       4.40423        7.389041       8.878783       11.00472       13.03847       13.94182       13.64793       12.36137       11.07161       6.822364       .9257225       -4.397374      -6.767833      -7.500007      -6.376298      -10.367        -11.15549      -6.465259      1.70141E+38    1.70141E+38    1.70141E+38    

11.82215       7.298816       3.883092       7.543341       10.44416       10.99662       11.22371       11.40073       10.83076       10.70425       12.61673       9.723937       2.691236       -2.949854      -4.617958      -12.62382      -17.45873      -17.98345      1.262306       -8.810345      1.70141E+38    1.70141E+38    1.70141E+38    

9.85025        5.041867       4.041038       7.304905       11.58803       12.29722       11.12133       10.71398       11.03408       11.6693        16.56563       13.37194       4.772725       -1.77965       -3.065962      -11.50751      -9.797029      -11.48939      -10.14606      -13.94123      1.70141E+38    1.70141E+38    1.70141E+38    

8.132934       5.604233       6.74599        6.148004       9.928017       10.98298       10.34643       10.51887       14.97709       16.08175       17.50694       12.04846       1.747187       -.1584697      -.01645981     -4.959322      -6.717448      -2.212497      4.556389       -.5686634      1.70141E+38    1.70141E+38    1.70141E+38    

9.96961        10.90911       12.12222       10.61475       9.230997       9.865514       10.23883       11.55785       15.87381       17.76647       13.76361       5.336738       -1.83949       -6.296777      -2.856401      -6.998912      -10.57828      5.548223       4.472676       .8249749       1.70141E+38    1.70141E+38    1.70141E+38    

14.41507       12.20948       10.89727       9.776658       9.032154       9.7203         12.6137        14.01423       15.07663       14.26794       8.983901       1.604583       -4.831354      3.798303       3.428406       -.7397051      -2.678245      -4.114723      -1.767884      -2.882447      1.70141E+38    1.70141E+38    1.70141E+38    

12.42226       9.366571       7.626703       8.020974       10.48847       12.11822       16.34104       17.85436       13.76396       9.015354       2.01633        -1.035762      -4.251675      -8.845018      -4.031085      -3.480139      -6.427412      -6.121269      -1.274134      .3625214       1.70141E+38    1.70141E+38    1.70141E+38    

10.14798       7.975402       8.570814       9.820999       12.83176       15.7899        17.55437       15.14419       9.892248       3.875479       -3.632238      -4.840577      -3.679052      -6.775745      -8.537416      -11.29406      -15.5793       -17.84181      -9.025664      -10.58532      1.70141E+38    1.70141E+38    1.70141E+38    

10.46472       10.64163       13.41771       15.58416       16.21866       16.58822       13.45926       8.291856       3.817334       .3163069       -5.441851      -7.409214      -4.545039      -5.332003      -3.227958      -2.28782       -3.904062      8.631881       -16.1694       -14.15313      1.70141E+38    1.70141E+38    1.70141E+38    

1.70141E+38    1.70141E+38    1.70141E+38    1.70141E+38    1.70141E+38    1.70141E+38    1.70141E+38    1.70141E+38    1.70141E+38    1.70141E+38    1.70141E+38    1.70141E+38    1.70141E+38    1.70141E+38    1.70141E+38    1.70141E+38    1.70141E+38    1.70141E+38    1.70141E+38    1.70141E+38    1.70141E+38    1.70141E+38    1.70141E+38    

1.70141E+38    1.70141E+38    1.70141E+38    1.70141E+38    1.70141E+38    1.70141E+38    1.70141E+38    1.70141E+38    1.70141E+38    1.70141E+38    1.70141E+38    1.70141E+38    1.70141E+38    1.70141E+38    1.70141E+38    1.70141E+38    1.70141E+38    1.70141E+38    1.70141E+38    1.70141E+38    1.70141E+38    1.70141E+38    1.70141E+38    

1.70141E+38    1.70141E+38    1.70141E+38    1.70141E+38    1.70141E+38    1.70141E+38    1.70141E+38    1.70141E+38    1.70141E+38    1.70141E+38    1.70141E+38    1.70141E+38    1.70141E+38    1.70141E+38    1.70141E+38    1.70141E+38    1.70141E+38    1.70141E+38    1.70141E+38    1.70141E+38    1.70141E+38    1.70141E+38    1.70141E+38    

1.70141E+38    1.70141E+38    1.70141E+38    1.70141E+38    1.70141E+38    1.70141E+38    1.70141E+38    1.70141E+38    1.70141E+38    1.70141E+38    1.70141E+38    1.70141E+38    1.70141E+38    1.70141E+38    1.70141E+38    1.70141E+38    1.70141E+38    1.70141E+38    1.70141E+38    1.70141E+38    1.70141E+38    1.70141E+38    1.70141E+38    

1.70141E+38    1.70141E+38    1.70141E+38    1.70141E+38    1.70141E+38    1.70141E+38    1.70141E+38    1.70141E+38    1.70141E+38    1.70141E+38    1.70141E+38    1.70141E+38    1.70141E+38    1.70141E+38    1.70141E+38    1.70141E+38    1.70141E+38    1.70141E+38    1.70141E+38    1.70141E+38    1.70141E+38    1.70141E+38    1.70141E+38    

1.70141E+38    1.70141E+38    1.70141E+38    1.70141E+38    1.70141E+38    1.70141E+38    1.70141E+38    1.70141E+38    1.70141E+38    1.70141E+38    1.70141E+38    1.70141E+38    1.70141E+38    1.70141E+38    1.70141E+38    1.70141E+38    1.70141E+38    1.70141E+38    1.70141E+38    1.70141E+38    1.70141E+38    1.70141E+38    1.70141E+38    

1.70141E+38    1.70141E+38    1.70141E+38    1.70141E+38    1.70141E+38    1.70141E+38    1.70141E+38    1.70141E+38    1.70141E+38    1.70141E+38    1.70141E+38    1.70141E+38    1.70141E+38    1.70141E+38    1.70141E+38    1.70141E+38    1.70141E+38    1.70141E+38    1.70141E+38    1.70141E+38    1.70141E+38    1.70141E+38    1.70141E+38    

1.70141E+38    1.70141E+38    1.70141E+38    1.70141E+38    1.70141E+38    1.70141E+38    1.70141E+38    1.70141E+38    1.70141E+38    1.70141E+38    1.70141E+38    1.70141E+38    1.70141E+38    1.70141E+38    1.70141E+38    1.70141E+38    1.70141E+38    1.70141E+38    1.70141E+38    1.70141E+38    1.70141E+38    1.70141E+38    1.70141E+38    

