py_wake/examples/data/ParqueFicticio/Ridge area   Sector 10   Height 200m   Turbulence intensity.grd
DSAA
23  33
 262878   265078
 6504214   6507414
 6.796799   62.22881
1.70141E+38    1.70141E+38    1.70141E+38    1.70141E+38    1.70141E+38    1.70141E+38    1.70141E+38    1.70141E+38    1.70141E+38    1.70141E+38    1.70141E+38    1.70141E+38    1.70141E+38    1.70141E+38    1.70141E+38    1.70141E+38    1.70141E+38    1.70141E+38    1.70141E+38    1.70141E+38    1.70141E+38    1.70141E+38    1.70141E+38    

1.70141E+38    1.70141E+38    1.70141E+38    1.70141E+38    1.70141E+38    1.70141E+38    1.70141E+38    1.70141E+38    1.70141E+38    1.70141E+38    1.70141E+38    1.70141E+38    1.70141E+38    1.70141E+38    1.70141E+38    1.70141E+38    1.70141E+38    1.70141E+38    1.70141E+38    1.70141E+38    1.70141E+38    1.70141E+38    1.70141E+38    

1.70141E+38    1.70141E+38    1.70141E+38    1.70141E+38    1.70141E+38    1.70141E+38    1.70141E+38    1.70141E+38    1.70141E+38    1.70141E+38    1.70141E+38    1.70141E+38    1.70141E+38    1.70141E+38    1.70141E+38    1.70141E+38    1.70141E+38    1.70141E+38    1.70141E+38    1.70141E+38    1.70141E+38    1.70141E+38    1.70141E+38    

1.70141E+38    1.70141E+38    1.70141E+38    1.70141E+38    1.70141E+38    1.70141E+38    1.70141E+38    1.70141E+38    1.70141E+38    1.70141E+38    1.70141E+38    1.70141E+38    1.70141E+38    1.70141E+38    1.70141E+38    1.70141E+38    1.70141E+38    1.70141E+38    1.70141E+38    1.70141E+38    1.70141E+38    1.70141E+38    1.70141E+38    

1.70141E+38    1.70141E+38    1.70141E+38    1.70141E+38    1.70141E+38    1.70141E+38    1.70141E+38    1.70141E+38    1.70141E+38    1.70141E+38    1.70141E+38    1.70141E+38    1.70141E+38    1.70141E+38    1.70141E+38    1.70141E+38    1.70141E+38    1.70141E+38    1.70141E+38    1.70141E+38    1.70141E+38    1.70141E+38    1.70141E+38    

8.121098       8.137501       8.095366       7.969832       7.808478       7.63055        7.48257        7.304061       7.141535       6.957153       6.828887       6.800896       6.88085        7.160848       7.677735       8.63461        11.79169       17.24021       17.49605       14.24307       1.70141E+38    1.70141E+38    1.70141E+38    

8.144011       8.158365       8.153219       8.075282       7.923552       7.747801       7.543439       7.321542       7.121347       6.958936       6.853011       6.853816       7.010999       7.452957       8.311958       11.56741       20.32694       24.39701       19.45951       14.46296       1.70141E+38    1.70141E+38    1.70141E+38    

8.22312        8.156634       8.067248       8.054623       8.040224       7.938141       7.749957       7.48737        7.215859       7.003213       6.876033       6.891371       7.117368       7.682999       9.220646       16.21761       27.98035       27.68607       17.61305       12.33215       1.70141E+38    1.70141E+38    1.70141E+38    

8.321699       8.261477       8.133591       8.063396       8.034024       7.958896       7.814843       7.580533       7.317747       7.075624       6.898201       6.876331       7.125505       7.713071       9.301476       16.67149       30.94131       25.92081       13.93103       10.43592       1.70141E+38    1.70141E+38    1.70141E+38    

8.399887       8.382264       8.255477       8.141735       8.069903       7.923167       7.720779       7.46009        7.247905       7.060997       6.900672       6.865324       7.048705       7.476584       8.215549       11.3436        17.3688        15.38155       10.05063       8.389675       1.70141E+38    1.70141E+38    1.70141E+38    

8.297285       8.468966       8.363281       8.161755       8.009738       7.855127       7.640016       7.362838       7.14054        6.991261       6.879411       6.856616       7.01282        7.35715        7.89137        8.733745       9.16783        8.526285       7.924295       7.61818        1.70141E+38    1.70141E+38    1.70141E+38    

8.068527       8.501955       8.530282       8.262609       8.011951       7.795338       7.617356       7.372564       7.146773       6.980632       6.876417       6.865858       7.028233       7.399556       7.904538       8.197891       8.029317       7.767273       7.591768       7.529183       1.70141E+38    1.70141E+38    1.70141E+38    

7.789385       8.322434       8.72398        8.581665       8.288454       8.033462       7.841312       7.576402       7.28557        7.064576       6.917903       6.887417       7.039698       7.425433       7.911205       8.062441       7.806831       7.577614       7.48942        7.528828       1.70141E+38    1.70141E+38    1.70141E+38    

7.582105       7.939601       8.529014       8.665672       8.698046       8.457023       8.142235       7.871616       7.538065       7.225856       6.989664       6.910994       7.042723       7.409239       7.844071       7.876678       7.669358       7.5161         7.471845       7.555698       1.70141E+38    1.70141E+38    1.70141E+38    

7.485974       7.661913       8.07537        8.237947       8.533114       8.558502       8.206665       7.86337        7.544271       7.269915       7.020659       6.905267       6.992462       7.272122       7.588483       7.688371       7.679055       7.619389       7.599248       7.663932       1.70141E+38    1.70141E+38    1.70141E+38    

7.444781       7.475664       7.702107       7.828397       7.992783       8.134557       7.94254        7.65166        7.354392       7.121416       6.938569       6.856702       6.911894       7.113622       7.392964       7.65989        7.87612        7.918078       7.908841       7.979764       1.70141E+38    1.70141E+38    1.70141E+38    

7.394069       7.35509        7.479924       7.597536       7.621567       7.613706       7.534517       7.397291       7.203322       7.024213       6.875201       6.80127        6.857743       7.009559       7.307899       7.743073       8.314683       9.093798       9.653382       10.42898       1.70141E+38    1.70141E+38    1.70141E+38    

7.418153       7.353553       7.469535       7.631966       7.57461        7.50512        7.404756       7.284926       7.140506       7.01577        6.886884       6.796799       6.830299       6.986168       7.302308       7.829056       8.932003       14.61161       25.12229       29.89823       1.70141E+38    1.70141E+38    1.70141E+38    

7.475646       7.467785       7.651917       7.827014       7.751392       7.608376       7.478457       7.385241       7.267492       7.162204       6.983016       6.833668       6.861793       7.045908       7.43187        8.048996       9.604609       19.57012       46.19437       62.22881       1.70141E+38    1.70141E+38    1.70141E+38    

7.649347       7.692223       7.77646        7.85533        7.832038       7.670858       7.606946       7.563973       7.426195       7.171448       6.96849        6.866828       6.953274       7.199838       7.623146       8.333525       11.28841       22.91122       41.35751       53.20194       1.70141E+38    1.70141E+38    1.70141E+38    

7.748801       7.656114       7.552475       7.474442       7.45968        7.444233       7.394512       7.356282       7.253547       7.043665       6.905278       6.899665       7.054796       7.472176       8.016887       9.100001       13.3882        21.9074        31.36001       38.48491       1.70141E+38    1.70141E+38    1.70141E+38    

7.54978        7.403143       7.333013       7.274251       7.278763       7.261398       7.238107       7.139388       7.045644       6.942327       6.893972       6.947801       7.150974       7.6202         8.364984       10.53284       17.39502       25.03203       29.28788       33.09421       1.70141E+38    1.70141E+38    1.70141E+38    

7.471889       7.370193       7.366808       7.402019       7.422946       7.387674       7.292901       7.090478       6.94603        6.904618       6.947496       7.067705       7.245052       7.579016       8.09656        9.231297       13.54143       31.83593       12.13662       24.38567       1.70141E+38    1.70141E+38    1.70141E+38    

7.565363       7.532655       7.569385       7.592079       7.533427       7.41038        7.214007       7.028182       6.930315       6.929004       7.05737        7.280781       7.431483       7.605856       7.880329       8.156953       8.977926       12.25675       16.32155       18.51339       1.70141E+38    1.70141E+38    1.70141E+38    

7.822373       7.754114       7.697406       7.552613       7.375035       7.184844       7.013356       6.935782       6.932493       6.99036        7.146151       7.443281       7.61669        7.722752       7.884986       7.87203        7.959917       8.397747       9.434845       11.62666       1.70141E+38    1.70141E+38    1.70141E+38    

1.70141E+38    1.70141E+38    1.70141E+38    1.70141E+38    1.70141E+38    1.70141E+38    1.70141E+38    1.70141E+38    1.70141E+38    1.70141E+38    1.70141E+38    1.70141E+38    1.70141E+38    1.70141E+38    1.70141E+38    1.70141E+38    1.70141E+38    1.70141E+38    1.70141E+38    1.70141E+38    1.70141E+38    1.70141E+38    1.70141E+38    

1.70141E+38    1.70141E+38    1.70141E+38    1.70141E+38    1.70141E+38    1.70141E+38    1.70141E+38    1.70141E+38    1.70141E+38    1.70141E+38    1.70141E+38    1.70141E+38    1.70141E+38    1.70141E+38    1.70141E+38    1.70141E+38    1.70141E+38    1.70141E+38    1.70141E+38    1.70141E+38    1.70141E+38    1.70141E+38    1.70141E+38    

1.70141E+38    1.70141E+38    1.70141E+38    1.70141E+38    1.70141E+38    1.70141E+38    1.70141E+38    1.70141E+38    1.70141E+38    1.70141E+38    1.70141E+38    1.70141E+38    1.70141E+38    1.70141E+38    1.70141E+38    1.70141E+38    1.70141E+38    1.70141E+38    1.70141E+38    1.70141E+38    1.70141E+38    1.70141E+38    1.70141E+38    

1.70141E+38    1.70141E+38    1.70141E+38    1.70141E+38    1.70141E+38    1.70141E+38    1.70141E+38    1.70141E+38    1.70141E+38    1.70141E+38    1.70141E+38    1.70141E+38    1.70141E+38    1.70141E+38    1.70141E+38    1.70141E+38    1.70141E+38    1.70141E+38    1.70141E+38    1.70141E+38    1.70141E+38    1.70141E+38    1.70141E+38    

1.70141E+38    1.70141E+38    1.70141E+38    1.70141E+38    1.70141E+38    1.70141E+38    1.70141E+38    1.70141E+38    1.70141E+38    1.70141E+38    1.70141E+38    1.70141E+38    1.70141E+38    1.70141E+38    1.70141E+38    1.70141E+38    1.70141E+38    1.70141E+38    1.70141E+38    1.70141E+38    1.70141E+38    1.70141E+38    1.70141E+38    

1.70141E+38    1.70141E+38    1.70141E+38    1.70141E+38    1.70141E+38    1.70141E+38    1.70141E+38    1.70141E+38    1.70141E+38    1.70141E+38    1.70141E+38    1.70141E+38    1.70141E+38    1.70141E+38    1.70141E+38    1.70141E+38    1.70141E+38    1.70141E+38    1.70141E+38    1.70141E+38    1.70141E+38    1.70141E+38    1.70141E+38    

1.70141E+38    1.70141E+38    1.70141E+38    1.70141E+38    1.70141E+38    1.70141E+38    1.70141E+38    1.70141E+38    1.70141E+38    1.70141E+38    1.70141E+38    1.70141E+38    1.70141E+38    1.70141E+38    1.70141E+38    1.70141E+38    1.70141E+38    1.70141E+38    1.70141E+38    1.70141E+38    1.70141E+38    1.70141E+38    1.70141E+38    

1.70141E+38    1.70141E+38    1.70141E+38    1.70141E+38    1.70141E+38    1.70141E+38    1.70141E+38    1.70141E+38    1.70141E+38    1.70141E+38    1.70141E+38    1.70141E+38    1.70141E+38    1.70141E+38    1.70141E+38    1.70141E+38    1.70141E+38    1.70141E+38    1.70141E+38    1.70141E+38    1.70141E+38    1.70141E+38    1.70141E+38    

