py_wake/examples/data/ParqueFicticio/Ridge area   Sector 3   Height 30m   Weibull-k.grd
DSAA
23  33
 262878   265078
 6504214   6507414
 1.005859   2.662109
1.70141E+38    1.70141E+38    1.70141E+38    1.70141E+38    1.70141E+38    1.70141E+38    1.70141E+38    1.70141E+38    1.70141E+38    1.70141E+38    1.70141E+38    1.70141E+38    1.70141E+38    1.70141E+38    1.70141E+38    1.70141E+38    1.70141E+38    1.70141E+38    1.70141E+38    1.70141E+38    1.70141E+38    1.70141E+38    1.70141E+38    

1.70141E+38    1.70141E+38    1.70141E+38    1.70141E+38    1.70141E+38    1.70141E+38    1.70141E+38    1.70141E+38    1.70141E+38    1.70141E+38    1.70141E+38    1.70141E+38    1.70141E+38    1.70141E+38    1.70141E+38    1.70141E+38    1.70141E+38    1.70141E+38    1.70141E+38    1.70141E+38    1.70141E+38    1.70141E+38    1.70141E+38    

1.70141E+38    1.70141E+38    1.70141E+38    1.70141E+38    1.70141E+38    1.70141E+38    1.70141E+38    1.70141E+38    1.70141E+38    1.70141E+38    1.70141E+38    1.70141E+38    1.70141E+38    1.70141E+38    1.70141E+38    1.70141E+38    1.70141E+38    1.70141E+38    1.70141E+38    1.70141E+38    1.70141E+38    1.70141E+38    1.70141E+38    

1.70141E+38    1.70141E+38    1.70141E+38    1.70141E+38    1.70141E+38    1.70141E+38    1.70141E+38    1.70141E+38    1.70141E+38    1.70141E+38    1.70141E+38    1.70141E+38    1.70141E+38    1.70141E+38    1.70141E+38    1.70141E+38    1.70141E+38    1.70141E+38    1.70141E+38    1.70141E+38    1.70141E+38    1.70141E+38    1.70141E+38    

1.70141E+38    1.70141E+38    1.70141E+38    1.70141E+38    1.70141E+38    1.70141E+38    1.70141E+38    1.70141E+38    1.70141E+38    1.70141E+38    1.70141E+38    1.70141E+38    1.70141E+38    1.70141E+38    1.70141E+38    1.70141E+38    1.70141E+38    1.70141E+38    1.70141E+38    1.70141E+38    1.70141E+38    1.70141E+38    1.70141E+38    

2.638672       2.638672       2.638672       2.638672       2.638672       2.638672       2.638672       2.576172       2.482422       2.337891       2.294922       2.298828       2.150391       2.111328       2.451172       2.412109       2.419922       2.091797       2.080078       2.525391       1.70141E+38    1.70141E+38    1.70141E+38    

2.638672       2.638672       2.638672       2.638672       2.638672       2.638672       2.638672       2.599609       2.525391       2.408203       2.291016       2.267578       2.279297       2.279297       1.869141       2.435547       2.107422       2.107422       2.107422       2.525391       1.70141E+38    1.70141E+38    1.70141E+38    

2.638672       2.638672       2.638672       2.638672       2.638672       2.583984       2.591797       2.548828       2.470703       2.361328       2.228516       2.189453       2.208984       2.115234       1.923828       2.232422       2.107422       2.107422       1.501953       2.404297       1.70141E+38    1.70141E+38    1.70141E+38    

2.638672       2.638672       2.638672       2.638672       2.638672       2.564453       2.529297       2.388672       2.306641       2.220703       2.138672       2.115234       2.138672       2.033203       1.666016       2.025391       2.107422       2.107422       2.466797       2.404297       1.70141E+38    1.70141E+38    1.70141E+38    

2.638672       2.638672       2.638672       2.638672       2.638672       2.603516       2.560547       2.490234       2.373047       2.271484       2.162109       2.111328       2.177734       2.193359       1.833984       1.513672       2.107422       2.306641       2.490234       2.376953       1.70141E+38    1.70141E+38    1.70141E+38    

2.595703       2.638672       2.638672       2.638672       2.638672       2.638672       2.638672       2.607422       2.548828       2.482422       2.376953       2.310547       2.369141       2.443359       2.208984       1.513672       1.759766       2.224609       2.419922       2.419922       1.70141E+38    1.70141E+38    1.70141E+38    

2.455078       2.638672       2.474609       2.580078       2.642578       2.642578       2.626953       2.638672       2.580078       2.529297       2.455078       2.396484       2.451172       2.541016       2.384766       1.783203       1.005859       2.478516       2.505859       2.408203       1.70141E+38    1.70141E+38    1.70141E+38    

2.501953       2.302734       2.072266       2.638672       2.396484       2.392578       2.462891       2.599609       2.537109       2.478516       2.416016       2.365234       2.443359       2.568359       2.490234       2.107422       2.638672       2.537109       2.517578       2.505859       1.70141E+38    1.70141E+38    1.70141E+38    

2.587891       2.607422       2.201172       1.990234       1.345703       1.611328       1.333984       1.974609       2.505859       2.431641       2.357422       2.330078       2.416016       2.568359       2.580078       2.595703       2.568359       2.529297       2.505859       2.498047       1.70141E+38    1.70141E+38    1.70141E+38    

2.619141       2.638672       2.623047       2.498047       2.080078       1.900391       2.552734       2.576172       2.541016       2.498047       2.419922       2.380859       2.416016       2.541016       2.580078       2.626953       2.626953       2.568359       2.501953       2.478516       1.70141E+38    1.70141E+38    1.70141E+38    

2.638672       2.630859       2.603516       2.650391       2.654297       2.599609       2.626953       2.642578       2.638672       2.607422       2.537109       2.466797       2.466797       2.533203       2.544922       2.634766       2.662109       2.607422       2.513672       2.490234       1.70141E+38    1.70141E+38    1.70141E+38    

2.572266       2.525391       2.455078       2.486328       2.509766       2.560547       2.576172       2.580078       2.568359       2.560547       2.564453       2.486328       2.470703       2.509766       2.466797       2.587891       2.658203       2.654297       2.568359       2.525391       1.70141E+38    1.70141E+38    1.70141E+38    

2.466797       2.583984       2.412109       2.177734       2.197266       2.263672       2.345703       2.419922       2.509766       2.564453       2.509766       2.455078       2.443359       2.474609       2.462891       2.525391       2.595703       2.650391       2.634766       2.568359       1.70141E+38    1.70141E+38    1.70141E+38    

2.576172       2.560547       2.595703       2.638672       2.638672       2.638672       2.638672       2.595703       2.544922       2.548828       2.521484       2.419922       2.427734       2.458984       2.533203       2.580078       2.533203       2.552734       2.583984       2.572266       1.70141E+38    1.70141E+38    1.70141E+38    

2.490234       2.451172       2.478516       2.470703       2.486328       2.634766       2.638672       2.638672       1.025391       1.447266       2.408203       2.361328       2.361328       2.462891       2.521484       2.568359       2.576172       2.560547       2.462891       2.435547       1.70141E+38    1.70141E+38    1.70141E+38    

2.494141       2.490234       2.458984       2.572266       2.638672       2.638672       2.638672       2.537109       2.533203       2.541016       2.408203       2.349609       2.419922       2.435547       2.470703       2.529297       2.580078       2.595703       2.583984       2.509766       1.70141E+38    1.70141E+38    1.70141E+38    

2.638672       2.509766       2.408203       2.521484       2.638672       2.638672       2.638672       2.603516       2.541016       2.443359       2.392578       2.408203       2.439453       2.439453       2.427734       2.423828       2.498047       2.576172       2.607422       2.615234       1.70141E+38    1.70141E+38    1.70141E+38    

2.607422       2.505859       2.310547       2.638672       2.638672       2.638672       2.150391       2.544922       2.458984       2.419922       2.392578       2.423828       2.478516       2.478516       2.498047       2.443359       2.384766       2.427734       2.490234       2.544922       1.70141E+38    1.70141E+38    1.70141E+38    

2.619141       2.638672       2.638672       2.583984       1.380859       1.076172       2.435547       2.552734       2.458984       2.392578       2.384766       2.498047       2.474609       2.474609       2.541016       2.517578       2.478516       2.396484       2.333984       2.361328       1.70141E+38    1.70141E+38    1.70141E+38    

2.615234       2.638672       2.638672       2.638672       2.638672       2.634766       2.544922       2.494141       2.439453       2.380859       2.419922       2.451172       2.451172       2.427734       2.525391       2.529297       2.501953       2.494141       2.431641       2.361328       1.70141E+38    1.70141E+38    1.70141E+38    

1.70141E+38    1.70141E+38    1.70141E+38    1.70141E+38    1.70141E+38    1.70141E+38    1.70141E+38    1.70141E+38    1.70141E+38    1.70141E+38    1.70141E+38    1.70141E+38    1.70141E+38    1.70141E+38    1.70141E+38    1.70141E+38    1.70141E+38    1.70141E+38    1.70141E+38    1.70141E+38    1.70141E+38    1.70141E+38    1.70141E+38    

1.70141E+38    1.70141E+38    1.70141E+38    1.70141E+38    1.70141E+38    1.70141E+38    1.70141E+38    1.70141E+38    1.70141E+38    1.70141E+38    1.70141E+38    1.70141E+38    1.70141E+38    1.70141E+38    1.70141E+38    1.70141E+38    1.70141E+38    1.70141E+38    1.70141E+38    1.70141E+38    1.70141E+38    1.70141E+38    1.70141E+38    

1.70141E+38    1.70141E+38    1.70141E+38    1.70141E+38    1.70141E+38    1.70141E+38    1.70141E+38    1.70141E+38    1.70141E+38    1.70141E+38    1.70141E+38    1.70141E+38    1.70141E+38    1.70141E+38    1.70141E+38    1.70141E+38    1.70141E+38    1.70141E+38    1.70141E+38    1.70141E+38    1.70141E+38    1.70141E+38    1.70141E+38    

1.70141E+38    1.70141E+38    1.70141E+38    1.70141E+38    1.70141E+38    1.70141E+38    1.70141E+38    1.70141E+38    1.70141E+38    1.70141E+38    1.70141E+38    1.70141E+38    1.70141E+38    1.70141E+38    1.70141E+38    1.70141E+38    1.70141E+38    1.70141E+38    1.70141E+38    1.70141E+38    1.70141E+38    1.70141E+38    1.70141E+38    

1.70141E+38    1.70141E+38    1.70141E+38    1.70141E+38    1.70141E+38    1.70141E+38    1.70141E+38    1.70141E+38    1.70141E+38    1.70141E+38    1.70141E+38    1.70141E+38    1.70141E+38    1.70141E+38    1.70141E+38    1.70141E+38    1.70141E+38    1.70141E+38    1.70141E+38    1.70141E+38    1.70141E+38    1.70141E+38    1.70141E+38    

1.70141E+38    1.70141E+38    1.70141E+38    1.70141E+38    1.70141E+38    1.70141E+38    1.70141E+38    1.70141E+38    1.70141E+38    1.70141E+38    1.70141E+38    1.70141E+38    1.70141E+38    1.70141E+38    1.70141E+38    1.70141E+38    1.70141E+38    1.70141E+38    1.70141E+38    1.70141E+38    1.70141E+38    1.70141E+38    1.70141E+38    

1.70141E+38    1.70141E+38    1.70141E+38    1.70141E+38    1.70141E+38    1.70141E+38    1.70141E+38    1.70141E+38    1.70141E+38    1.70141E+38    1.70141E+38    1.70141E+38    1.70141E+38    1.70141E+38    1.70141E+38    1.70141E+38    1.70141E+38    1.70141E+38    1.70141E+38    1.70141E+38    1.70141E+38    1.70141E+38    1.70141E+38    

1.70141E+38    1.70141E+38    1.70141E+38    1.70141E+38    1.70141E+38    1.70141E+38    1.70141E+38    1.70141E+38    1.70141E+38    1.70141E+38    1.70141E+38    1.70141E+38    1.70141E+38    1.70141E+38    1.70141E+38    1.70141E+38    1.70141E+38    1.70141E+38    1.70141E+38    1.70141E+38    1.70141E+38    1.70141E+38    1.70141E+38    

