py_wake/examples/data/ParqueFicticio/Ridge area   Sector 6   Height 30m   Weibull-k.grd
DSAA
23  33
 262878   265078
 6504214   6507414
 1.076172   2.455078
1.70141E+38    1.70141E+38    1.70141E+38    1.70141E+38    1.70141E+38    1.70141E+38    1.70141E+38    1.70141E+38    1.70141E+38    1.70141E+38    1.70141E+38    1.70141E+38    1.70141E+38    1.70141E+38    1.70141E+38    1.70141E+38    1.70141E+38    1.70141E+38    1.70141E+38    1.70141E+38    1.70141E+38    1.70141E+38    1.70141E+38    

1.70141E+38    1.70141E+38    1.70141E+38    1.70141E+38    1.70141E+38    1.70141E+38    1.70141E+38    1.70141E+38    1.70141E+38    1.70141E+38    1.70141E+38    1.70141E+38    1.70141E+38    1.70141E+38    1.70141E+38    1.70141E+38    1.70141E+38    1.70141E+38    1.70141E+38    1.70141E+38    1.70141E+38    1.70141E+38    1.70141E+38    

1.70141E+38    1.70141E+38    1.70141E+38    1.70141E+38    1.70141E+38    1.70141E+38    1.70141E+38    1.70141E+38    1.70141E+38    1.70141E+38    1.70141E+38    1.70141E+38    1.70141E+38    1.70141E+38    1.70141E+38    1.70141E+38    1.70141E+38    1.70141E+38    1.70141E+38    1.70141E+38    1.70141E+38    1.70141E+38    1.70141E+38    

1.70141E+38    1.70141E+38    1.70141E+38    1.70141E+38    1.70141E+38    1.70141E+38    1.70141E+38    1.70141E+38    1.70141E+38    1.70141E+38    1.70141E+38    1.70141E+38    1.70141E+38    1.70141E+38    1.70141E+38    1.70141E+38    1.70141E+38    1.70141E+38    1.70141E+38    1.70141E+38    1.70141E+38    1.70141E+38    1.70141E+38    

1.70141E+38    1.70141E+38    1.70141E+38    1.70141E+38    1.70141E+38    1.70141E+38    1.70141E+38    1.70141E+38    1.70141E+38    1.70141E+38    1.70141E+38    1.70141E+38    1.70141E+38    1.70141E+38    1.70141E+38    1.70141E+38    1.70141E+38    1.70141E+38    1.70141E+38    1.70141E+38    1.70141E+38    1.70141E+38    1.70141E+38    

2.287109       2.294922       2.318359       2.330078       2.322266       2.294922       2.267578       2.251953       2.255859       2.255859       2.263672       2.287109       2.302734       2.302734       2.294922       2.275391       1.958984       1.919922       2.044922       2.291016       1.70141E+38    1.70141E+38    1.70141E+38    

2.314453       2.306641       2.318359       2.345703       2.353516       2.349609       2.326172       2.291016       2.279297       2.267578       2.251953       2.267578       2.283203       2.291016       1.076172       1.826172       1.986328       1.966797       2.318359       2.310547       1.70141E+38    1.70141E+38    1.70141E+38    

2.361328       2.353516       2.326172       2.330078       2.322266       2.314453       2.310547       2.298828       2.287109       2.267578       2.228516       2.220703       2.244141       2.251953       1.349609       1.931641       1.978516       1.947266       2.302734       2.318359       1.70141E+38    1.70141E+38    1.70141E+38    

2.373047       2.369141       2.341797       2.326172       2.318359       2.306641       2.302734       2.279297       2.263672       2.248047       2.216797       2.185547       2.205078       2.212891       1.353516       1.779297       2.076172       1.841797       2.318359       2.318359       1.70141E+38    1.70141E+38    1.70141E+38    

2.361328       2.373047       2.353516       2.326172       2.330078       2.306641       2.279297       2.240234       2.236328       2.244141       2.220703       2.181641       2.212891       2.267578       1.185547       1.638672       2.228516       2.146484       2.318359       2.318359       1.70141E+38    1.70141E+38    1.70141E+38    

2.337891       2.388672       2.384766       2.376953       2.369141       2.361328       2.341797       2.287109       2.275391       2.271484       2.255859       2.236328       2.255859       2.287109       1.419922       2.369141       2.255859       2.349609       2.318359       2.318359       1.70141E+38    1.70141E+38    1.70141E+38    

2.318359       2.380859       2.345703       2.373047       2.380859       2.384766       2.384766       2.345703       2.306641       2.287109       2.267578       2.248047       2.263672       2.283203       2.365234       2.455078       2.384766       2.318359       2.318359       2.318359       1.70141E+38    1.70141E+38    1.70141E+38    

2.306641       2.349609       2.142578       2.162109       2.279297       2.306641       2.287109       2.330078       2.314453       2.291016       2.263672       2.232422       2.248047       2.287109       2.400391       2.404297       2.384766       2.322266       2.318359       2.318359       1.70141E+38    1.70141E+38    1.70141E+38    

2.291016       2.353516       2.189453       2.103516       2.091797       2.048828       2.083984       2.306641       2.318359       2.298828       2.259766       2.228516       2.248047       2.291016       2.392578       2.396484       2.388672       2.345703       2.330078       2.330078       1.70141E+38    1.70141E+38    1.70141E+38    

2.287109       2.341797       2.337891       2.318359       2.134766       1.935547       2.208984       2.357422       2.314453       2.302734       2.279297       2.263672       2.263672       2.306641       2.365234       2.388672       2.376953       2.341797       2.326172       2.337891       1.70141E+38    1.70141E+38    1.70141E+38    

2.330078       2.353516       2.380859       2.357422       2.310547       2.255859       2.357422       2.384766       2.341797       2.318359       2.310547       2.291016       2.287109       2.310547       2.322266       2.341797       2.318359       2.318359       2.318359       2.306641       1.70141E+38    1.70141E+38    1.70141E+38    

2.380859       2.388672       2.396484       2.365234       2.361328       2.369141       2.392578       2.396484       2.376953       2.330078       2.318359       2.298828       2.294922       2.310547       2.318359       2.318359       2.318359       2.310547       2.310547       2.306641       1.70141E+38    1.70141E+38    1.70141E+38    

2.369141       2.380859       2.400391       2.361328       2.384766       2.396484       2.396484       2.392578       2.365234       2.318359       2.318359       2.294922       2.291016       2.302734       2.318359       2.318359       2.318359       2.314453       2.205078       1.751953       1.70141E+38    1.70141E+38    1.70141E+38    

2.310547       2.294922       2.095703       2.279297       2.349609       2.361328       2.349609       2.318359       2.318359       2.318359       2.310547       2.291016       2.298828       2.298828       2.306641       2.314453       2.318359       2.310547       2.267578       2.232422       1.70141E+38    1.70141E+38    1.70141E+38    

2.259766       2.318359       2.318359       2.197266       2.119141       2.158203       2.111328       2.013672       2.181641       2.287109       2.294922       2.302734       2.306641       2.302734       2.291016       2.294922       2.294922       2.275391       2.263672       2.205078       1.70141E+38    1.70141E+38    1.70141E+38    

2.291016       2.244141       2.232422       2.279297       2.294922       2.283203       2.275391       2.263672       2.283203       2.306641       2.314453       2.314453       2.306641       2.287109       2.228516       2.255859       2.271484       1.458984       1.705078       2.080078       1.70141E+38    1.70141E+38    1.70141E+38    

2.318359       2.333984       2.361328       2.369141       2.380859       2.365234       2.345703       2.302734       2.310547       2.318359       2.318359       2.318359       2.298828       1.283203       1.458984       1.666016       1.646484       1.607422       1.548828       1.701172       1.70141E+38    1.70141E+38    1.70141E+38    

2.369141       2.353516       2.353516       2.345703       2.326172       2.314453       2.333984       2.318359       2.318359       2.318359       2.318359       2.314453       2.283203       2.255859       1.341797       1.583984       1.673828       1.845703       1.787109       1.619141       1.70141E+38    1.70141E+38    1.70141E+38    

2.330078       2.318359       2.310547       2.294922       2.271484       2.275391       2.318359       2.318359       2.318359       2.318359       2.318359       2.306641       2.251953       2.201172       1.455078       1.279297       1.451172       1.724609       1.822266       1.744141       1.70141E+38    1.70141E+38    1.70141E+38    

2.318359       2.302734       2.298828       2.322266       2.330078       2.318359       2.318359       2.318359       2.318359       2.318359       2.298828       1.611328       1.681641       2.037109       2.076172       2.107422       2.126953       2.119141       1.525391       1.623047       1.70141E+38    1.70141E+38    1.70141E+38    

1.70141E+38    1.70141E+38    1.70141E+38    1.70141E+38    1.70141E+38    1.70141E+38    1.70141E+38    1.70141E+38    1.70141E+38    1.70141E+38    1.70141E+38    1.70141E+38    1.70141E+38    1.70141E+38    1.70141E+38    1.70141E+38    1.70141E+38    1.70141E+38    1.70141E+38    1.70141E+38    1.70141E+38    1.70141E+38    1.70141E+38    

1.70141E+38    1.70141E+38    1.70141E+38    1.70141E+38    1.70141E+38    1.70141E+38    1.70141E+38    1.70141E+38    1.70141E+38    1.70141E+38    1.70141E+38    1.70141E+38    1.70141E+38    1.70141E+38    1.70141E+38    1.70141E+38    1.70141E+38    1.70141E+38    1.70141E+38    1.70141E+38    1.70141E+38    1.70141E+38    1.70141E+38    

1.70141E+38    1.70141E+38    1.70141E+38    1.70141E+38    1.70141E+38    1.70141E+38    1.70141E+38    1.70141E+38    1.70141E+38    1.70141E+38    1.70141E+38    1.70141E+38    1.70141E+38    1.70141E+38    1.70141E+38    1.70141E+38    1.70141E+38    1.70141E+38    1.70141E+38    1.70141E+38    1.70141E+38    1.70141E+38    1.70141E+38    

1.70141E+38    1.70141E+38    1.70141E+38    1.70141E+38    1.70141E+38    1.70141E+38    1.70141E+38    1.70141E+38    1.70141E+38    1.70141E+38    1.70141E+38    1.70141E+38    1.70141E+38    1.70141E+38    1.70141E+38    1.70141E+38    1.70141E+38    1.70141E+38    1.70141E+38    1.70141E+38    1.70141E+38    1.70141E+38    1.70141E+38    

1.70141E+38    1.70141E+38    1.70141E+38    1.70141E+38    1.70141E+38    1.70141E+38    1.70141E+38    1.70141E+38    1.70141E+38    1.70141E+38    1.70141E+38    1.70141E+38    1.70141E+38    1.70141E+38    1.70141E+38    1.70141E+38    1.70141E+38    1.70141E+38    1.70141E+38    1.70141E+38    1.70141E+38    1.70141E+38    1.70141E+38    

1.70141E+38    1.70141E+38    1.70141E+38    1.70141E+38    1.70141E+38    1.70141E+38    1.70141E+38    1.70141E+38    1.70141E+38    1.70141E+38    1.70141E+38    1.70141E+38    1.70141E+38    1.70141E+38    1.70141E+38    1.70141E+38    1.70141E+38    1.70141E+38    1.70141E+38    1.70141E+38    1.70141E+38    1.70141E+38    1.70141E+38    

1.70141E+38    1.70141E+38    1.70141E+38    1.70141E+38    1.70141E+38    1.70141E+38    1.70141E+38    1.70141E+38    1.70141E+38    1.70141E+38    1.70141E+38    1.70141E+38    1.70141E+38    1.70141E+38    1.70141E+38    1.70141E+38    1.70141E+38    1.70141E+38    1.70141E+38    1.70141E+38    1.70141E+38    1.70141E+38    1.70141E+38    

1.70141E+38    1.70141E+38    1.70141E+38    1.70141E+38    1.70141E+38    1.70141E+38    1.70141E+38    1.70141E+38    1.70141E+38    1.70141E+38    1.70141E+38    1.70141E+38    1.70141E+38    1.70141E+38    1.70141E+38    1.70141E+38    1.70141E+38    1.70141E+38    1.70141E+38    1.70141E+38    1.70141E+38    1.70141E+38    1.70141E+38    

