py_wake/examples/data/ParqueFicticio/Ridge area   Sector 8   Height 200m   Flow inclination.grd
DSAA
23  33
 262878   265078
 6504214   6507414
-9.457444   28.44324
1.70141E+38    1.70141E+38    1.70141E+38    1.70141E+38    1.70141E+38    1.70141E+38    1.70141E+38    1.70141E+38    1.70141E+38    1.70141E+38    1.70141E+38    1.70141E+38    1.70141E+38    1.70141E+38    1.70141E+38    1.70141E+38    1.70141E+38    1.70141E+38    1.70141E+38    1.70141E+38    1.70141E+38    1.70141E+38    1.70141E+38    

1.70141E+38    1.70141E+38    1.70141E+38    1.70141E+38    1.70141E+38    1.70141E+38    1.70141E+38    1.70141E+38    1.70141E+38    1.70141E+38    1.70141E+38    1.70141E+38    1.70141E+38    1.70141E+38    1.70141E+38    1.70141E+38    1.70141E+38    1.70141E+38    1.70141E+38    1.70141E+38    1.70141E+38    1.70141E+38    1.70141E+38    

1.70141E+38    1.70141E+38    1.70141E+38    1.70141E+38    1.70141E+38    1.70141E+38    1.70141E+38    1.70141E+38    1.70141E+38    1.70141E+38    1.70141E+38    1.70141E+38    1.70141E+38    1.70141E+38    1.70141E+38    1.70141E+38    1.70141E+38    1.70141E+38    1.70141E+38    1.70141E+38    1.70141E+38    1.70141E+38    1.70141E+38    

1.70141E+38    1.70141E+38    1.70141E+38    1.70141E+38    1.70141E+38    1.70141E+38    1.70141E+38    1.70141E+38    1.70141E+38    1.70141E+38    1.70141E+38    1.70141E+38    1.70141E+38    1.70141E+38    1.70141E+38    1.70141E+38    1.70141E+38    1.70141E+38    1.70141E+38    1.70141E+38    1.70141E+38    1.70141E+38    1.70141E+38    

1.70141E+38    1.70141E+38    1.70141E+38    1.70141E+38    1.70141E+38    1.70141E+38    1.70141E+38    1.70141E+38    1.70141E+38    1.70141E+38    1.70141E+38    1.70141E+38    1.70141E+38    1.70141E+38    1.70141E+38    1.70141E+38    1.70141E+38    1.70141E+38    1.70141E+38    1.70141E+38    1.70141E+38    1.70141E+38    1.70141E+38    

7.026154       7.728678       8.464651       9.129158       9.699266       10.20045       10.675         10.86942       10.70463       9.872605       8.604138       7.1203         5.463269       3.771777       2.183373       1.260899       1.589911       3.454945       6.022867       7.11738        1.70141E+38    1.70141E+38    1.70141E+38    

7.302052       8.003513       8.631033       9.072665       9.407047       9.738793       10.00672       10.04111       9.653735       8.875304       7.688549       6.306503       4.878024       3.451891       2.277442       1.619836       2.180858       4.480477       6.620649       6.589701       1.70141E+38    1.70141E+38    1.70141E+38    

7.535292       8.175637       8.744015       9.242551       9.664142       9.992311       10.20429       10.11104       9.555007       8.618419       7.343347       5.988396       4.694404       3.61511        3.012455       2.640756       3.24279        5.506574       6.731989       6.020659       1.70141E+38    1.70141E+38    1.70141E+38    

7.894932       8.438366       9.001781       9.611721       10.25977       10.81094       11.1639        11.02849       10.31015       9.154312       7.588368       6.115973       4.953525       4.231522       4.114201       4.045171       4.541831       6.334748       6.646955       5.549591       1.70141E+38    1.70141E+38    1.70141E+38    

8.525472       8.891422       9.383375       9.989151       10.65114       11.14356       11.38028       11.12729       10.48712       9.447422       7.908267       6.361797       5.287648       4.776008       4.905497       5.188636       5.792023       7.02405        6.73859        5.279326       1.70141E+38    1.70141E+38    1.70141E+38    

9.280112       9.375563       9.579988       9.870487       10.19511       10.41905       10.38481       9.939804       9.258343       8.526997       7.4568         6.17712        5.210558       4.790141       5.130062       5.8733         6.636614       7.152101       6.417839       4.751014       1.70141E+38    1.70141E+38    1.70141E+38    

9.842765       9.823408       9.657775       9.494818       9.374681       9.269561       9.130863       8.740513       8.201942       7.563586       6.720818       5.69487        4.847458       4.519119       5.084219       6.028124       6.297544       5.915231       4.910552       3.514666       1.70141E+38    1.70141E+38    1.70141E+38    

9.844472       10.13651       10.03238       9.525449       9.028226       8.718283       8.490581       8.210212       7.801657       7.216786       6.361073       5.33382        4.488217       4.153009       4.741558       5.309745       4.669551       3.653925       2.639638       1.631393       1.70141E+38    1.70141E+38    1.70141E+38    

9.261039       9.825992       10.42117       10.26952       9.796782       9.374331       9.075873       8.810832       8.364243       7.634011       6.47377        5.166325       4.174439       3.697788       3.915863       3.641196       2.482204       1.326905       .3101131       -.5763607      1.70141E+38    1.70141E+38    1.70141E+38    

8.392757       8.912549       9.763963       10.09671       10.51464       10.57388       10.11337       9.549431       8.821817       7.87003        6.420057       4.836057       3.666255       2.928033       2.503183       1.650343       .3089347       -1.019334      -2.129394      -2.962187      1.70141E+38    1.70141E+38    1.70141E+38    

7.138643       7.369222       7.992147       8.509349       9.16223        9.751166       9.470108       8.743639       7.767951       6.708151       5.428379       4.049245       2.821891       1.815867       .9143636       -.2223879      -1.836512      -3.453681      -4.678186      -5.511083      1.70141E+38    1.70141E+38    1.70141E+38    

5.46121        5.539602       5.929418       6.521896       7.101055       7.503556       7.467294       7.017577       6.258216       5.357439       4.298401       3.085572       1.853213       .6620771       -.5352077      -1.870755      -3.607803      -5.420763      -6.673762      -7.433912      1.70141E+38    1.70141E+38    1.70141E+38    

3.776161       3.808343       4.110984       4.756779       5.477264       5.891498       5.882608       5.575199       5.047025       4.382178       3.518615       2.335413       .9934694       -.3684332      -1.743719      -3.071737      -4.312686      -5.835155      -7.337092      -8.247173      1.70141E+38    1.70141E+38    1.70141E+38    

2.470106       2.257292       2.439332       3.313223       4.32526        4.890028       4.9752         4.863238       4.603578       4.20673        3.394329       1.90372        .3081523       -1.24341       -2.789936      -4.023577      -4.74581       -5.625637      -7.081627      -8.28258       1.70141E+38    1.70141E+38    1.70141E+38    

2.241658       1.929331       2.045074       2.743418       3.745283       4.532063       4.927132       5.150387       5.17675        4.6734         3.390593       1.483712       -.3239563      -2.036616      -3.555007      -4.618783      -5.116123      -5.492373      -6.368106      -7.733911      1.70141E+38    1.70141E+38    1.70141E+38    

3.465564       3.391554       3.342831       3.452843       3.810839       4.385662       5.017974       5.519542       5.527237       4.452027       2.669166       .8156967       -.9651577      -2.83017       -4.216107      -4.962919      -5.291244      -5.447568      -5.776932      -6.6573        1.70141E+38    1.70141E+38    1.70141E+38    

3.920521       3.632853       3.457832       3.464178       3.74035        4.276927       4.91697        5.127071       4.625813       3.253993       1.575825       -.04035797     -1.614915      -3.218385      -4.477293      -5.156072      -5.510835      -5.616207      -5.682415      -6.055986      1.70141E+38    1.70141E+38    1.70141E+38    

3.414527       3.171776       3.086869       3.275912       3.80268        4.501707       4.909659       4.305052       3.081389       1.751065       .360305        -1.010012      -2.218668      -3.317958      -4.315405      -5.069145      -5.447911      -5.959789      -6.039072      -6.026511      1.70141E+38    1.70141E+38    1.70141E+38    

2.832923       2.825859       3.099239       3.745538       4.495889       4.846812       4.26787        2.92256        1.508932       .2699116       -.8730856      -1.910101      -2.701952      -3.421167      -4.176556      -4.791294      -5.006642      28.44324       -8.591469      -9.457444      1.70141E+38    1.70141E+38    1.70141E+38    

2.845425       3.267695       3.859094       4.332592       4.370923       3.808468       2.649674       1.272013       -.1102995      -1.225028      -1.942101      -2.347557      -2.721098      -3.37677       -4.243098      -4.787914      -5.032374      -4.736461      9.583296       -8.606175      1.70141E+38    1.70141E+38    1.70141E+38    

1.70141E+38    1.70141E+38    1.70141E+38    1.70141E+38    1.70141E+38    1.70141E+38    1.70141E+38    1.70141E+38    1.70141E+38    1.70141E+38    1.70141E+38    1.70141E+38    1.70141E+38    1.70141E+38    1.70141E+38    1.70141E+38    1.70141E+38    1.70141E+38    1.70141E+38    1.70141E+38    1.70141E+38    1.70141E+38    1.70141E+38    

1.70141E+38    1.70141E+38    1.70141E+38    1.70141E+38    1.70141E+38    1.70141E+38    1.70141E+38    1.70141E+38    1.70141E+38    1.70141E+38    1.70141E+38    1.70141E+38    1.70141E+38    1.70141E+38    1.70141E+38    1.70141E+38    1.70141E+38    1.70141E+38    1.70141E+38    1.70141E+38    1.70141E+38    1.70141E+38    1.70141E+38    

1.70141E+38    1.70141E+38    1.70141E+38    1.70141E+38    1.70141E+38    1.70141E+38    1.70141E+38    1.70141E+38    1.70141E+38    1.70141E+38    1.70141E+38    1.70141E+38    1.70141E+38    1.70141E+38    1.70141E+38    1.70141E+38    1.70141E+38    1.70141E+38    1.70141E+38    1.70141E+38    1.70141E+38    1.70141E+38    1.70141E+38    

1.70141E+38    1.70141E+38    1.70141E+38    1.70141E+38    1.70141E+38    1.70141E+38    1.70141E+38    1.70141E+38    1.70141E+38    1.70141E+38    1.70141E+38    1.70141E+38    1.70141E+38    1.70141E+38    1.70141E+38    1.70141E+38    1.70141E+38    1.70141E+38    1.70141E+38    1.70141E+38    1.70141E+38    1.70141E+38    1.70141E+38    

1.70141E+38    1.70141E+38    1.70141E+38    1.70141E+38    1.70141E+38    1.70141E+38    1.70141E+38    1.70141E+38    1.70141E+38    1.70141E+38    1.70141E+38    1.70141E+38    1.70141E+38    1.70141E+38    1.70141E+38    1.70141E+38    1.70141E+38    1.70141E+38    1.70141E+38    1.70141E+38    1.70141E+38    1.70141E+38    1.70141E+38    

1.70141E+38    1.70141E+38    1.70141E+38    1.70141E+38    1.70141E+38    1.70141E+38    1.70141E+38    1.70141E+38    1.70141E+38    1.70141E+38    1.70141E+38    1.70141E+38    1.70141E+38    1.70141E+38    1.70141E+38    1.70141E+38    1.70141E+38    1.70141E+38    1.70141E+38    1.70141E+38    1.70141E+38    1.70141E+38    1.70141E+38    

1.70141E+38    1.70141E+38    1.70141E+38    1.70141E+38    1.70141E+38    1.70141E+38    1.70141E+38    1.70141E+38    1.70141E+38    1.70141E+38    1.70141E+38    1.70141E+38    1.70141E+38    1.70141E+38    1.70141E+38    1.70141E+38    1.70141E+38    1.70141E+38    1.70141E+38    1.70141E+38    1.70141E+38    1.70141E+38    1.70141E+38    

1.70141E+38    1.70141E+38    1.70141E+38    1.70141E+38    1.70141E+38    1.70141E+38    1.70141E+38    1.70141E+38    1.70141E+38    1.70141E+38    1.70141E+38    1.70141E+38    1.70141E+38    1.70141E+38    1.70141E+38    1.70141E+38    1.70141E+38    1.70141E+38    1.70141E+38    1.70141E+38    1.70141E+38    1.70141E+38    1.70141E+38    

