py_wake/examples/data/ParqueFicticio/Ridge area   Sector 6   Height 30m   Mean speed.grd
DSAA
23  33
 262878   265078
 6504214   6507414
 .6458396   6.747086
1.70141E+38    1.70141E+38    1.70141E+38    1.70141E+38    1.70141E+38    1.70141E+38    1.70141E+38    1.70141E+38    1.70141E+38    1.70141E+38    1.70141E+38    1.70141E+38    1.70141E+38    1.70141E+38    1.70141E+38    1.70141E+38    1.70141E+38    1.70141E+38    1.70141E+38    1.70141E+38    1.70141E+38    1.70141E+38    1.70141E+38    

1.70141E+38    1.70141E+38    1.70141E+38    1.70141E+38    1.70141E+38    1.70141E+38    1.70141E+38    1.70141E+38    1.70141E+38    1.70141E+38    1.70141E+38    1.70141E+38    1.70141E+38    1.70141E+38    1.70141E+38    1.70141E+38    1.70141E+38    1.70141E+38    1.70141E+38    1.70141E+38    1.70141E+38    1.70141E+38    1.70141E+38    

1.70141E+38    1.70141E+38    1.70141E+38    1.70141E+38    1.70141E+38    1.70141E+38    1.70141E+38    1.70141E+38    1.70141E+38    1.70141E+38    1.70141E+38    1.70141E+38    1.70141E+38    1.70141E+38    1.70141E+38    1.70141E+38    1.70141E+38    1.70141E+38    1.70141E+38    1.70141E+38    1.70141E+38    1.70141E+38    1.70141E+38    

1.70141E+38    1.70141E+38    1.70141E+38    1.70141E+38    1.70141E+38    1.70141E+38    1.70141E+38    1.70141E+38    1.70141E+38    1.70141E+38    1.70141E+38    1.70141E+38    1.70141E+38    1.70141E+38    1.70141E+38    1.70141E+38    1.70141E+38    1.70141E+38    1.70141E+38    1.70141E+38    1.70141E+38    1.70141E+38    1.70141E+38    

1.70141E+38    1.70141E+38    1.70141E+38    1.70141E+38    1.70141E+38    1.70141E+38    1.70141E+38    1.70141E+38    1.70141E+38    1.70141E+38    1.70141E+38    1.70141E+38    1.70141E+38    1.70141E+38    1.70141E+38    1.70141E+38    1.70141E+38    1.70141E+38    1.70141E+38    1.70141E+38    1.70141E+38    1.70141E+38    1.70141E+38    

4.254139       4.389709       4.727674       5.164954       5.532048       5.879304       5.943704       5.871256       5.631839       5.673327       5.645803       5.360404       5.05723        4.609091       4.233807       4.027672       3.256755       3.276233       3.782662       4.157345       1.70141E+38    1.70141E+38    1.70141E+38    

4.493515       4.463644       4.333328       4.4248         4.740817       5.132143       5.580878       5.919603       6.151853       6.161065       6.06248        5.734132       5.214653       4.46207        1.891625       2.698174       3.165096       3.216348       4.196292       4.399286       1.70141E+38    1.70141E+38    1.70141E+38    

4.310744       4.573976       4.664214       4.322484       3.88135        3.632772       3.732836       4.358944       5.156802       5.735354       6.128181       5.817173       5.131049       4.334849       2.257025       2.771599       3.017499       3.119211       4.295444       4.540168       1.70141E+38    1.70141E+38    1.70141E+38    

3.841432       4.108868       4.403202       4.410041       4.015057       3.57043        3.289766       3.363727       3.864568       4.672192       5.593995       5.934144       5.110624       4.215586       2.227485       2.872364       2.960276       2.861447       4.507083       4.787339       1.70141E+38    1.70141E+38    1.70141E+38    

3.302628       3.616281       4.039427       4.196855       4.080622       4.198126       4.442459       4.671587       4.518143       4.600443       5.233935       5.802154       5.392348       4.707082       2.146357       3.219782       3.553511       3.32806        4.357504       4.87835        1.70141E+38    1.70141E+38    1.70141E+38    

3.1564         3.082602       3.679513       4.310859       4.605351       4.817774       5.29659        5.78587        5.971047       5.777058       5.822395       6.018457       5.71692        5.278844       3.418008       4.565348       3.978641       4.144619       4.403659       4.906169       1.70141E+38    1.70141E+38    1.70141E+38    

3.340395       2.535644       2.82066        3.686862       4.467785       5.102045       5.393926       5.889793       6.255998       6.516902       6.485653       6.401373       5.973778       5.397272       5.1786         4.862501       4.942803       4.957701       4.99031        5.1759         1.70141E+38    1.70141E+38    1.70141E+38    

4.056796       2.612993       1.761728       2.005926       2.750248       3.415668       3.677857       4.033609       5.030007       5.790481       6.311599       6.549401       6.196702       5.455302       5.160677       4.961881       5.736001       6.065605       5.975873       5.797705       1.70141E+38    1.70141E+38    1.70141E+38    

5.051241       3.643103       2.109256       1.539034       1.037341       1.352791       1.795235       1.697039       2.625809       4.271161       5.645607       6.415991       6.169749       5.465995       5.100169       5.193672       6.083831       6.552492       6.747086       6.679          1.70141E+38    1.70141E+38    1.70141E+38    

5.661894       4.699121       3.404579       2.98291        1.835436       1.444788       2.17983        2.858226       3.635799       4.29614        5.373227       6.258348       6.390755       5.722526       5.296199       5.362879       5.64826        5.937872       6.266586       6.654138       1.70141E+38    1.70141E+38    1.70141E+38    

5.877443       5.58714        4.707869       4.526214       3.813821       3.04078        3.401067       4.227018       5.133648       5.634664       6.08004        6.491089       6.640269       6.195569       5.529898       5.114463       4.454316       4.227325       4.789834       5.229949       1.70141E+38    1.70141E+38    1.70141E+38    

5.997249       6.123352       5.714904       5.444894       5.376848       5.140686       5.058837       5.170781       5.595438       5.924432       6.259458       6.555398       6.512756       6.371706       5.602012       4.552927       2.611474       1.337366       1.748082       2.440239       1.70141E+38    1.70141E+38    1.70141E+38    

4.969373       5.379124       5.177411       4.575791       4.818104       4.928659       5.002632       5.090541       5.251028       5.201873       5.415473       6.030252       6.346039       6.271215       5.831905       4.780389       3.007522       1.251325       .676195        .7333454       1.70141E+38    1.70141E+38    1.70141E+38    

3.268786       3.158351       2.887801       2.340473       2.695657       3.271386       3.504026       3.387432       3.323795       3.026111       3.687693       5.349383       5.982865       6.102997       5.622253       4.70314        3.498572       1.931318       .8420168       .6458396       1.70141E+38    1.70141E+38    1.70141E+38    

1.587331       1.872588       2.02681        1.644708       1.598482       1.94184        1.798889       1.585852       1.859046       2.865383       3.918996       5.130845       5.467825       5.50126        5.35638        4.725933       3.668784       2.419942       1.536868       1.004228       1.70141E+38    1.70141E+38    1.70141E+38    

1.912826       2.438476       2.802623       3.111119       3.101445       2.944136       2.962563       2.824366       3.020919       4.006511       4.896995       5.360986       5.302977       4.438049       4.133107       4.242268       4.152417       2.49054        2.263062       2.082258       1.70141E+38    1.70141E+38    1.70141E+38    

3.311852       4.024586       4.283429       4.563666       4.542524       4.481738       4.365621       4.38046        4.320547       4.706903       5.266181       5.633202       5.545197       2.801982       2.045509       2.142895       2.31694        2.563519       2.686949       2.766296       1.70141E+38    1.70141E+38    1.70141E+38    

3.886328       4.202082       4.052173       3.804268       3.620875       3.672337       3.88442        4.511075       5.030691       5.099831       5.065434       5.193539       5.570429       5.406225       2.771924       2.309475       2.0172         2.099741       2.297452       2.544531       1.70141E+38    1.70141E+38    1.70141E+38    

3.353039       3.333785       3.170981       3.099683       3.151523       3.359648       3.794638       4.331565       4.749139       4.867189       4.597282       4.14077        4.56704        5.156107       3.93727        3.043214       2.545278       2.051553       1.937396       1.989377       1.70141E+38    1.70141E+38    1.70141E+38    

2.442327       2.707145       2.968993       3.4341         3.854085       4.246692       4.518629       4.406619       4.271773       4.205353       3.931334       2.304868       2.57348        3.913186       4.288119       5.115103       5.293418       4.222968       2.184132       1.904096       1.70141E+38    1.70141E+38    1.70141E+38    

1.70141E+38    1.70141E+38    1.70141E+38    1.70141E+38    1.70141E+38    1.70141E+38    1.70141E+38    1.70141E+38    1.70141E+38    1.70141E+38    1.70141E+38    1.70141E+38    1.70141E+38    1.70141E+38    1.70141E+38    1.70141E+38    1.70141E+38    1.70141E+38    1.70141E+38    1.70141E+38    1.70141E+38    1.70141E+38    1.70141E+38    

1.70141E+38    1.70141E+38    1.70141E+38    1.70141E+38    1.70141E+38    1.70141E+38    1.70141E+38    1.70141E+38    1.70141E+38    1.70141E+38    1.70141E+38    1.70141E+38    1.70141E+38    1.70141E+38    1.70141E+38    1.70141E+38    1.70141E+38    1.70141E+38    1.70141E+38    1.70141E+38    1.70141E+38    1.70141E+38    1.70141E+38    

1.70141E+38    1.70141E+38    1.70141E+38    1.70141E+38    1.70141E+38    1.70141E+38    1.70141E+38    1.70141E+38    1.70141E+38    1.70141E+38    1.70141E+38    1.70141E+38    1.70141E+38    1.70141E+38    1.70141E+38    1.70141E+38    1.70141E+38    1.70141E+38    1.70141E+38    1.70141E+38    1.70141E+38    1.70141E+38    1.70141E+38    

1.70141E+38    1.70141E+38    1.70141E+38    1.70141E+38    1.70141E+38    1.70141E+38    1.70141E+38    1.70141E+38    1.70141E+38    1.70141E+38    1.70141E+38    1.70141E+38    1.70141E+38    1.70141E+38    1.70141E+38    1.70141E+38    1.70141E+38    1.70141E+38    1.70141E+38    1.70141E+38    1.70141E+38    1.70141E+38    1.70141E+38    

1.70141E+38    1.70141E+38    1.70141E+38    1.70141E+38    1.70141E+38    1.70141E+38    1.70141E+38    1.70141E+38    1.70141E+38    1.70141E+38    1.70141E+38    1.70141E+38    1.70141E+38    1.70141E+38    1.70141E+38    1.70141E+38    1.70141E+38    1.70141E+38    1.70141E+38    1.70141E+38    1.70141E+38    1.70141E+38    1.70141E+38    

1.70141E+38    1.70141E+38    1.70141E+38    1.70141E+38    1.70141E+38    1.70141E+38    1.70141E+38    1.70141E+38    1.70141E+38    1.70141E+38    1.70141E+38    1.70141E+38    1.70141E+38    1.70141E+38    1.70141E+38    1.70141E+38    1.70141E+38    1.70141E+38    1.70141E+38    1.70141E+38    1.70141E+38    1.70141E+38    1.70141E+38    

1.70141E+38    1.70141E+38    1.70141E+38    1.70141E+38    1.70141E+38    1.70141E+38    1.70141E+38    1.70141E+38    1.70141E+38    1.70141E+38    1.70141E+38    1.70141E+38    1.70141E+38    1.70141E+38    1.70141E+38    1.70141E+38    1.70141E+38    1.70141E+38    1.70141E+38    1.70141E+38    1.70141E+38    1.70141E+38    1.70141E+38    

1.70141E+38    1.70141E+38    1.70141E+38    1.70141E+38    1.70141E+38    1.70141E+38    1.70141E+38    1.70141E+38    1.70141E+38    1.70141E+38    1.70141E+38    1.70141E+38    1.70141E+38    1.70141E+38    1.70141E+38    1.70141E+38    1.70141E+38    1.70141E+38    1.70141E+38    1.70141E+38    1.70141E+38    1.70141E+38    1.70141E+38    

