py_wake/examples/data/ParqueFicticio/Ridge area   Sector 11   Height 200m   Turbulence intensity.grd
DSAA
23  33
 262878   265078
 6504214   6507414
 7.179386   44.70477
1.70141E+38    1.70141E+38    1.70141E+38    1.70141E+38    1.70141E+38    1.70141E+38    1.70141E+38    1.70141E+38    1.70141E+38    1.70141E+38    1.70141E+38    1.70141E+38    1.70141E+38    1.70141E+38    1.70141E+38    1.70141E+38    1.70141E+38    1.70141E+38    1.70141E+38    1.70141E+38    1.70141E+38    1.70141E+38    1.70141E+38    

1.70141E+38    1.70141E+38    1.70141E+38    1.70141E+38    1.70141E+38    1.70141E+38    1.70141E+38    1.70141E+38    1.70141E+38    1.70141E+38    1.70141E+38    1.70141E+38    1.70141E+38    1.70141E+38    1.70141E+38    1.70141E+38    1.70141E+38    1.70141E+38    1.70141E+38    1.70141E+38    1.70141E+38    1.70141E+38    1.70141E+38    

1.70141E+38    1.70141E+38    1.70141E+38    1.70141E+38    1.70141E+38    1.70141E+38    1.70141E+38    1.70141E+38    1.70141E+38    1.70141E+38    1.70141E+38    1.70141E+38    1.70141E+38    1.70141E+38    1.70141E+38    1.70141E+38    1.70141E+38    1.70141E+38    1.70141E+38    1.70141E+38    1.70141E+38    1.70141E+38    1.70141E+38    

1.70141E+38    1.70141E+38    1.70141E+38    1.70141E+38    1.70141E+38    1.70141E+38    1.70141E+38    1.70141E+38    1.70141E+38    1.70141E+38    1.70141E+38    1.70141E+38    1.70141E+38    1.70141E+38    1.70141E+38    1.70141E+38    1.70141E+38    1.70141E+38    1.70141E+38    1.70141E+38    1.70141E+38    1.70141E+38    1.70141E+38    

1.70141E+38    1.70141E+38    1.70141E+38    1.70141E+38    1.70141E+38    1.70141E+38    1.70141E+38    1.70141E+38    1.70141E+38    1.70141E+38    1.70141E+38    1.70141E+38    1.70141E+38    1.70141E+38    1.70141E+38    1.70141E+38    1.70141E+38    1.70141E+38    1.70141E+38    1.70141E+38    1.70141E+38    1.70141E+38    1.70141E+38    

7.890539       7.860188       7.783327       7.651288       7.508192       7.375289       7.30173        7.244811       7.237972       7.240846       7.307096       7.46161        7.693295       8.166874       9.224697       13.53805       29.52129       44.70477       39.25448       25.26304       1.70141E+38    1.70141E+38    1.70141E+38    

7.92701        7.926133       7.927504       7.871226       7.742637       7.595951       7.44635        7.312749       7.226999       7.203381       7.248849       7.398989       7.708992       8.374141       10.19728       18.23087       32.53381       35.30751       23.61919       14.51655       1.70141E+38    1.70141E+38    1.70141E+38    

8.05214        7.993459       7.933852       7.960719       7.989537       7.936622       7.810634       7.625614       7.437862       7.315627       7.282298       7.414741       7.791053       8.560399       10.57643       17.5957        25.76413       22.25002       13.27495       9.869369       1.70141E+38    1.70141E+38    1.70141E+38    

8.243214       8.198724       8.086418       8.037115       8.039966       8.012637       7.950686       7.84374        7.708347       7.540533       7.395133       7.437304       7.848212       8.625763       9.836117       12.53219       16.17307       13.16729       9.480958       8.75106        1.70141E+38    1.70141E+38    1.70141E+38    

8.442559       8.451035       8.308732       8.174397       8.091619       7.953685       7.799219       7.64673        7.584545       7.528848       7.43681        7.460137       7.785755       8.377765       9.158579       10.20584       11.21813       10.23811       8.984894       8.576293       1.70141E+38    1.70141E+38    1.70141E+38    

8.431782       8.663692       8.517229       8.254762       8.06522        7.896768       7.698187       7.480729       7.349405       7.315786       7.314187       7.379224       7.652368       8.117591       8.85033        9.729362       9.760715       9.14294        8.712705       8.470201       1.70141E+38    1.70141E+38    1.70141E+38    

8.179833       8.736685       8.758422       8.446157       8.162118       7.915992       7.742552       7.521458       7.338983       7.238535       7.21945        7.290039       7.544952       8.021777       8.74418        9.234359       8.882527       8.524885       8.337363       8.287748       1.70141E+38    1.70141E+38    1.70141E+38    

7.797935       8.490108       8.947644       8.861734       8.593349       8.331114       8.132044       7.871938       7.570929       7.36094        7.248486       7.260562       7.473929       7.953729       8.61773        8.776802       8.340764       8.092411       8.027879       8.090698       1.70141E+38    1.70141E+38    1.70141E+38    

7.520534       8.029622       8.755047       9.005327       9.136068       8.921286       8.58774        8.343534       7.982424       7.619852       7.346661       7.262263       7.425234       7.84603        8.3069         8.320695       8.121028       7.984601       7.945777       8.015433       1.70141E+38    1.70141E+38    1.70141E+38    

7.425646       7.716763       8.2519         8.484363       8.849914       8.895444       8.500587       8.170736       7.864816       7.603517       7.351093       7.231368       7.336013       7.655474       8.010716       8.158688       8.203257       8.167711       8.135044       8.146992       1.70141E+38    1.70141E+38    1.70141E+38    

7.420258       7.511422       7.777768       7.902111       8.062071       8.207579       8.015553       7.766753       7.530802       7.359579       7.228507       7.179386       7.257955       7.497268       7.842078       8.20045        8.522643       8.626834       8.601645       8.579491       1.70141E+38    1.70141E+38    1.70141E+38    

7.439854       7.406112       7.518362       7.606052       7.616796       7.623079       7.574362       7.523042       7.416253       7.310342       7.224247       7.191536       7.276552       7.455904       7.82189        8.376709       9.048421       9.480206       9.430915       9.277058       1.70141E+38    1.70141E+38    1.70141E+38    

7.590094       7.485716       7.555661       7.680049       7.628833       7.593805       7.564985       7.539336       7.486874       7.442835       7.38316        7.318188       7.348567       7.502584       7.841111       8.404973       9.071968       9.788919       10.04707       9.796815       1.70141E+38    1.70141E+38    1.70141E+38    

7.802844       7.732718       7.850668       8.013231       7.978838       7.90942        7.858674       7.853558       7.825119       7.806288       7.679383       7.48755        7.451382       7.584331       7.916901       8.409353       8.907752       9.422055       9.992758       10.38863       1.70141E+38    1.70141E+38    1.70141E+38    

8.137043       8.141626       8.190668       8.319891       8.372169       8.253674       8.259104       8.284731       8.186893       7.949374       7.745749       7.554292       7.556385       7.708131       7.984079       8.345704       8.722646       9.113641       9.456797       10.92409       1.70141E+38    1.70141E+38    1.70141E+38    

8.24348        8.131546       8.006489       7.939943       7.970481       8.008691       8.010975       8.040931       7.996216       7.784872       7.587796       7.49575        7.561866       7.869437       8.157735       8.312079       8.446581       8.60374        8.803956       9.767144       1.70141E+38    1.70141E+38    1.70141E+38    

7.973073       7.825601       7.761718       7.713184       7.747869       7.774055       7.810727       7.781973       7.745142       7.621635       7.485833       7.423786       7.483224       7.755277       8.149656       8.364856       8.397481       8.377283       8.443399       9.035935       1.70141E+38    1.70141E+38    1.70141E+38    

7.957708       7.865455       7.878322       7.93367        7.985183       7.993304       7.952968       7.778418       7.620589       7.53489        7.485833       7.454601       7.419639       7.498631       7.728466       8.01792        8.299179       8.473351       17.91674       8.819201       1.70141E+38    1.70141E+38    1.70141E+38    

8.205758       8.17977        8.218262       8.241476       8.196379       8.113148       7.953833       7.759189       7.617698       7.548088       7.572292       7.622585       7.529426       7.445999       7.478334       7.556749       7.808205       8.285062       8.803882       9.228944       1.70141E+38    1.70141E+38    1.70141E+38    

8.654696       8.541981       8.43298        8.246883       8.065971       7.903965       7.759611       7.694745       7.670365       7.660945       7.699581       7.849597       7.819184       7.690892       7.637779       7.491452       7.497089       7.766519       8.247181       8.820643       1.70141E+38    1.70141E+38    1.70141E+38    

1.70141E+38    1.70141E+38    1.70141E+38    1.70141E+38    1.70141E+38    1.70141E+38    1.70141E+38    1.70141E+38    1.70141E+38    1.70141E+38    1.70141E+38    1.70141E+38    1.70141E+38    1.70141E+38    1.70141E+38    1.70141E+38    1.70141E+38    1.70141E+38    1.70141E+38    1.70141E+38    1.70141E+38    1.70141E+38    1.70141E+38    

1.70141E+38    1.70141E+38    1.70141E+38    1.70141E+38    1.70141E+38    1.70141E+38    1.70141E+38    1.70141E+38    1.70141E+38    1.70141E+38    1.70141E+38    1.70141E+38    1.70141E+38    1.70141E+38    1.70141E+38    1.70141E+38    1.70141E+38    1.70141E+38    1.70141E+38    1.70141E+38    1.70141E+38    1.70141E+38    1.70141E+38    

1.70141E+38    1.70141E+38    1.70141E+38    1.70141E+38    1.70141E+38    1.70141E+38    1.70141E+38    1.70141E+38    1.70141E+38    1.70141E+38    1.70141E+38    1.70141E+38    1.70141E+38    1.70141E+38    1.70141E+38    1.70141E+38    1.70141E+38    1.70141E+38    1.70141E+38    1.70141E+38    1.70141E+38    1.70141E+38    1.70141E+38    

1.70141E+38    1.70141E+38    1.70141E+38    1.70141E+38    1.70141E+38    1.70141E+38    1.70141E+38    1.70141E+38    1.70141E+38    1.70141E+38    1.70141E+38    1.70141E+38    1.70141E+38    1.70141E+38    1.70141E+38    1.70141E+38    1.70141E+38    1.70141E+38    1.70141E+38    1.70141E+38    1.70141E+38    1.70141E+38    1.70141E+38    

1.70141E+38    1.70141E+38    1.70141E+38    1.70141E+38    1.70141E+38    1.70141E+38    1.70141E+38    1.70141E+38    1.70141E+38    1.70141E+38    1.70141E+38    1.70141E+38    1.70141E+38    1.70141E+38    1.70141E+38    1.70141E+38    1.70141E+38    1.70141E+38    1.70141E+38    1.70141E+38    1.70141E+38    1.70141E+38    1.70141E+38    

1.70141E+38    1.70141E+38    1.70141E+38    1.70141E+38    1.70141E+38    1.70141E+38    1.70141E+38    1.70141E+38    1.70141E+38    1.70141E+38    1.70141E+38    1.70141E+38    1.70141E+38    1.70141E+38    1.70141E+38    1.70141E+38    1.70141E+38    1.70141E+38    1.70141E+38    1.70141E+38    1.70141E+38    1.70141E+38    1.70141E+38    

1.70141E+38    1.70141E+38    1.70141E+38    1.70141E+38    1.70141E+38    1.70141E+38    1.70141E+38    1.70141E+38    1.70141E+38    1.70141E+38    1.70141E+38    1.70141E+38    1.70141E+38    1.70141E+38    1.70141E+38    1.70141E+38    1.70141E+38    1.70141E+38    1.70141E+38    1.70141E+38    1.70141E+38    1.70141E+38    1.70141E+38    

1.70141E+38    1.70141E+38    1.70141E+38    1.70141E+38    1.70141E+38    1.70141E+38    1.70141E+38    1.70141E+38    1.70141E+38    1.70141E+38    1.70141E+38    1.70141E+38    1.70141E+38    1.70141E+38    1.70141E+38    1.70141E+38    1.70141E+38    1.70141E+38    1.70141E+38    1.70141E+38    1.70141E+38    1.70141E+38    1.70141E+38    

