py_wake/examples/data/ParqueFicticio/Ridge area   Sector 3   Height 200m   Mean speed.grd
DSAA
23  33
 262878   265078
 6504214   6507414
 4.445546   7.65104
1.70141E+38    1.70141E+38    1.70141E+38    1.70141E+38    1.70141E+38    1.70141E+38    1.70141E+38    1.70141E+38    1.70141E+38    1.70141E+38    1.70141E+38    1.70141E+38    1.70141E+38    1.70141E+38    1.70141E+38    1.70141E+38    1.70141E+38    1.70141E+38    1.70141E+38    1.70141E+38    1.70141E+38    1.70141E+38    1.70141E+38    

1.70141E+38    1.70141E+38    1.70141E+38    1.70141E+38    1.70141E+38    1.70141E+38    1.70141E+38    1.70141E+38    1.70141E+38    1.70141E+38    1.70141E+38    1.70141E+38    1.70141E+38    1.70141E+38    1.70141E+38    1.70141E+38    1.70141E+38    1.70141E+38    1.70141E+38    1.70141E+38    1.70141E+38    1.70141E+38    1.70141E+38    

1.70141E+38    1.70141E+38    1.70141E+38    1.70141E+38    1.70141E+38    1.70141E+38    1.70141E+38    1.70141E+38    1.70141E+38    1.70141E+38    1.70141E+38    1.70141E+38    1.70141E+38    1.70141E+38    1.70141E+38    1.70141E+38    1.70141E+38    1.70141E+38    1.70141E+38    1.70141E+38    1.70141E+38    1.70141E+38    1.70141E+38    

1.70141E+38    1.70141E+38    1.70141E+38    1.70141E+38    1.70141E+38    1.70141E+38    1.70141E+38    1.70141E+38    1.70141E+38    1.70141E+38    1.70141E+38    1.70141E+38    1.70141E+38    1.70141E+38    1.70141E+38    1.70141E+38    1.70141E+38    1.70141E+38    1.70141E+38    1.70141E+38    1.70141E+38    1.70141E+38    1.70141E+38    

1.70141E+38    1.70141E+38    1.70141E+38    1.70141E+38    1.70141E+38    1.70141E+38    1.70141E+38    1.70141E+38    1.70141E+38    1.70141E+38    1.70141E+38    1.70141E+38    1.70141E+38    1.70141E+38    1.70141E+38    1.70141E+38    1.70141E+38    1.70141E+38    1.70141E+38    1.70141E+38    1.70141E+38    1.70141E+38    1.70141E+38    

4.445546       4.508673       4.706306       5.062057       5.427824       5.745815       5.990598       6.232853       6.452851       6.700649       6.919194       7.054657       7.067867       6.899111       6.584956       6.176925       5.887542       5.800211       6.018874       6.440823       1.70141E+38    1.70141E+38    1.70141E+38    

4.681025       4.766026       4.857888       5.047321       5.353019       5.679098       5.99658        6.29395        6.558712       6.798202       6.998473       7.104889       7.064993       6.812          6.381285       6.013439       5.818113       5.853078       6.227524       6.656744       1.70141E+38    1.70141E+38    1.70141E+38    

4.799437       4.978578       5.16348        5.263806       5.367942       5.568078       5.848544       6.177516       6.507397       6.798667       7.023767       7.118731       7.038603       6.73348        6.308037       5.985372       5.854469       5.998296       6.41566        6.791468       1.70141E+38    1.70141E+38    1.70141E+38    

4.801624       4.994013       5.211731       5.36581        5.486972       5.646245       5.853243       6.125664       6.433382       6.748187       7.019213       7.134935       7.034959       6.722758       6.346867       6.083384       5.971878       6.168419       6.57676        6.890337       1.70141E+38    1.70141E+38    1.70141E+38    

4.76039        4.975965       5.235986       5.440616       5.599475       5.807981       6.048669       6.321327       6.563704       6.807018       7.043882       7.166583       7.097234       6.849005       6.513477       6.256658       6.180346       6.368725       6.725865       7.000864       1.70141E+38    1.70141E+38    1.70141E+38    

4.947308       5.01309        5.3006         5.590014       5.803766       6.007556       6.245145       6.518362       6.756936       6.948142       7.124326       7.230792       7.185919       6.984731       6.658998       6.433202       6.44372        6.678595       6.967221       7.166088       1.70141E+38    1.70141E+38    1.70141E+38    

5.33842        5.213872       5.372413       5.674958       5.927785       6.148346       6.347329       6.586194       6.817182       7.017716       7.186359       7.288943       7.257241       7.063509       6.793864       6.698498       6.854547       7.086561       7.266546       7.336875       1.70141E+38    1.70141E+38    1.70141E+38    

5.679301       5.516947       5.45373        5.632834       5.863035       6.06841        6.250661       6.478356       6.73862        6.983124       7.198511       7.331267       7.322542       7.146814       6.98086        7.043231       7.255131       7.410262       7.467251       7.420448       1.70141E+38    1.70141E+38    1.70141E+38    

5.943182       5.832406       5.670866       5.701396       5.764194       5.932021       6.139057       6.34423        6.611164       6.91243        7.202687       7.38174        7.39727        7.257737       7.19346        7.3557         7.505771       7.553505       7.513981       7.381817       1.70141E+38    1.70141E+38    1.70141E+38    

6.128867       6.087824       5.975262       5.996006       5.96365        6.028442       6.245634       6.48335        6.738939       7.002281       7.275456       7.457449       7.492066       7.405872       7.388535       7.533736       7.597923       7.558435       7.437573       7.239135       1.70141E+38    1.70141E+38    1.70141E+38    

6.260766       6.291533       6.242748       6.27045        6.285809       6.323109       6.493006       6.718816       6.96535        7.193182       7.398202       7.535666       7.576678       7.529126       7.467239       7.548297       7.522215       7.391738       7.197953       6.952594       1.70141E+38    1.70141E+38    1.70141E+38    

6.34951        6.409326       6.398828       6.417334       6.491843       6.588749       6.724978       6.89236        7.088391       7.278269       7.451591       7.578067       7.621646       7.588885       7.465066       7.397309       7.227289       6.993939       6.77383        6.558366       1.70141E+38    1.70141E+38    1.70141E+38    

6.306929       6.371834       6.356899       6.354013       6.479023       6.611194       6.759883       6.919256       7.088921       7.251356       7.426226       7.583103       7.645106       7.598732       7.431035       7.134499       6.860605       6.546126       6.303468       6.155914       1.70141E+38    1.70141E+38    1.70141E+38    

6.164752       6.177228       6.12093        6.124798       6.272799       6.449862       6.620808       6.774189       6.941694       7.122585       7.37111        7.593224       7.65104        7.564668       7.329723       6.959801       6.567652       6.203821       5.915133       5.799092       1.70141E+38    1.70141E+38    1.70141E+38    

5.924745       5.914438       5.936777       5.99437        6.11732        6.309561       6.46122        6.620077       6.840709       7.143995       7.437549       7.624121       7.628532       7.472852       7.169999       6.779625       6.402192       6.073292       5.836514       5.674785       1.70141E+38    1.70141E+38    1.70141E+38    

5.845962       5.95422        6.096027       6.238387       6.361493       6.484304       6.634913       6.805153       7.031073       7.3301         7.559039       7.635353       7.560023       7.294863       6.901739       6.561406       6.298256       6.09139        5.926577       5.77926        1.70141E+38    1.70141E+38    1.70141E+38    

6.121756       6.249161       6.348891       6.467183       6.570168       6.709607       6.872142       7.096776       7.333718       7.515237       7.61072        7.59544        7.44288        7.104882       6.630424       6.27592        6.089005       5.997051       5.942599       5.847936       1.70141E+38    1.70141E+38    1.70141E+38    

6.264916       6.343585       6.383723       6.443552       6.565663       6.761732       7.013219       7.305688       7.511727       7.58           7.577558       7.476213       7.272227       6.962327       6.561962       6.193492       5.925749       5.787982       5.757327       5.739579       1.70141E+38    1.70141E+38    1.70141E+38    

6.237729       6.266082       6.29756        6.402021       6.599679       6.862979       7.176015       7.430266       7.533823       7.520575       7.441402       7.239893       7.005376       6.762615       6.487237       6.260818       6.015498       5.752988       5.590916       5.521986       1.70141E+38    1.70141E+38    1.70141E+38    

6.12857        6.210431       6.334906       6.54015        6.78267        7.042166       7.278244       7.415137       7.426463       7.370791       7.201499       6.915423       6.671721       6.473767       6.266494       6.196756       6.10485        5.905527       5.680998       5.51799        1.70141E+38    1.70141E+38    1.70141E+38    

1.70141E+38    1.70141E+38    1.70141E+38    1.70141E+38    1.70141E+38    1.70141E+38    1.70141E+38    1.70141E+38    1.70141E+38    1.70141E+38    1.70141E+38    1.70141E+38    1.70141E+38    1.70141E+38    1.70141E+38    1.70141E+38    1.70141E+38    1.70141E+38    1.70141E+38    1.70141E+38    1.70141E+38    1.70141E+38    1.70141E+38    

1.70141E+38    1.70141E+38    1.70141E+38    1.70141E+38    1.70141E+38    1.70141E+38    1.70141E+38    1.70141E+38    1.70141E+38    1.70141E+38    1.70141E+38    1.70141E+38    1.70141E+38    1.70141E+38    1.70141E+38    1.70141E+38    1.70141E+38    1.70141E+38    1.70141E+38    1.70141E+38    1.70141E+38    1.70141E+38    1.70141E+38    

1.70141E+38    1.70141E+38    1.70141E+38    1.70141E+38    1.70141E+38    1.70141E+38    1.70141E+38    1.70141E+38    1.70141E+38    1.70141E+38    1.70141E+38    1.70141E+38    1.70141E+38    1.70141E+38    1.70141E+38    1.70141E+38    1.70141E+38    1.70141E+38    1.70141E+38    1.70141E+38    1.70141E+38    1.70141E+38    1.70141E+38    

1.70141E+38    1.70141E+38    1.70141E+38    1.70141E+38    1.70141E+38    1.70141E+38    1.70141E+38    1.70141E+38    1.70141E+38    1.70141E+38    1.70141E+38    1.70141E+38    1.70141E+38    1.70141E+38    1.70141E+38    1.70141E+38    1.70141E+38    1.70141E+38    1.70141E+38    1.70141E+38    1.70141E+38    1.70141E+38    1.70141E+38    

1.70141E+38    1.70141E+38    1.70141E+38    1.70141E+38    1.70141E+38    1.70141E+38    1.70141E+38    1.70141E+38    1.70141E+38    1.70141E+38    1.70141E+38    1.70141E+38    1.70141E+38    1.70141E+38    1.70141E+38    1.70141E+38    1.70141E+38    1.70141E+38    1.70141E+38    1.70141E+38    1.70141E+38    1.70141E+38    1.70141E+38    

1.70141E+38    1.70141E+38    1.70141E+38    1.70141E+38    1.70141E+38    1.70141E+38    1.70141E+38    1.70141E+38    1.70141E+38    1.70141E+38    1.70141E+38    1.70141E+38    1.70141E+38    1.70141E+38    1.70141E+38    1.70141E+38    1.70141E+38    1.70141E+38    1.70141E+38    1.70141E+38    1.70141E+38    1.70141E+38    1.70141E+38    

1.70141E+38    1.70141E+38    1.70141E+38    1.70141E+38    1.70141E+38    1.70141E+38    1.70141E+38    1.70141E+38    1.70141E+38    1.70141E+38    1.70141E+38    1.70141E+38    1.70141E+38    1.70141E+38    1.70141E+38    1.70141E+38    1.70141E+38    1.70141E+38    1.70141E+38    1.70141E+38    1.70141E+38    1.70141E+38    1.70141E+38    

1.70141E+38    1.70141E+38    1.70141E+38    1.70141E+38    1.70141E+38    1.70141E+38    1.70141E+38    1.70141E+38    1.70141E+38    1.70141E+38    1.70141E+38    1.70141E+38    1.70141E+38    1.70141E+38    1.70141E+38    1.70141E+38    1.70141E+38    1.70141E+38    1.70141E+38    1.70141E+38    1.70141E+38    1.70141E+38    1.70141E+38    

