py_wake/examples/data/ParqueFicticio/Ridge area   Sector 10   Height 200m   Weibull-k.grd
DSAA
23  33
 262878   265078
 6504214   6507414
 1.607422   2.685547
1.70141E+38    1.70141E+38    1.70141E+38    1.70141E+38    1.70141E+38    1.70141E+38    1.70141E+38    1.70141E+38    1.70141E+38    1.70141E+38    1.70141E+38    1.70141E+38    1.70141E+38    1.70141E+38    1.70141E+38    1.70141E+38    1.70141E+38    1.70141E+38    1.70141E+38    1.70141E+38    1.70141E+38    1.70141E+38    1.70141E+38    

1.70141E+38    1.70141E+38    1.70141E+38    1.70141E+38    1.70141E+38    1.70141E+38    1.70141E+38    1.70141E+38    1.70141E+38    1.70141E+38    1.70141E+38    1.70141E+38    1.70141E+38    1.70141E+38    1.70141E+38    1.70141E+38    1.70141E+38    1.70141E+38    1.70141E+38    1.70141E+38    1.70141E+38    1.70141E+38    1.70141E+38    

1.70141E+38    1.70141E+38    1.70141E+38    1.70141E+38    1.70141E+38    1.70141E+38    1.70141E+38    1.70141E+38    1.70141E+38    1.70141E+38    1.70141E+38    1.70141E+38    1.70141E+38    1.70141E+38    1.70141E+38    1.70141E+38    1.70141E+38    1.70141E+38    1.70141E+38    1.70141E+38    1.70141E+38    1.70141E+38    1.70141E+38    

1.70141E+38    1.70141E+38    1.70141E+38    1.70141E+38    1.70141E+38    1.70141E+38    1.70141E+38    1.70141E+38    1.70141E+38    1.70141E+38    1.70141E+38    1.70141E+38    1.70141E+38    1.70141E+38    1.70141E+38    1.70141E+38    1.70141E+38    1.70141E+38    1.70141E+38    1.70141E+38    1.70141E+38    1.70141E+38    1.70141E+38    

1.70141E+38    1.70141E+38    1.70141E+38    1.70141E+38    1.70141E+38    1.70141E+38    1.70141E+38    1.70141E+38    1.70141E+38    1.70141E+38    1.70141E+38    1.70141E+38    1.70141E+38    1.70141E+38    1.70141E+38    1.70141E+38    1.70141E+38    1.70141E+38    1.70141E+38    1.70141E+38    1.70141E+38    1.70141E+38    1.70141E+38    

2.431641       2.435547       2.431641       2.431641       2.431641       2.431641       2.435547       2.435547       2.439453       2.439453       2.435547       2.431641       2.423828       2.423828       2.423828       2.408203       2.279297       2.087891       2.177734       2.314453       1.70141E+38    1.70141E+38    1.70141E+38    

2.435547       2.435547       2.435547       2.435547       2.435547       2.435547       2.439453       2.439453       2.439453       2.443359       2.439453       2.435547       2.431641       2.427734       2.427734       2.396484       2.220703       2.197266       2.345703       2.388672       1.70141E+38    1.70141E+38    1.70141E+38    

2.435547       2.439453       2.439453       2.439453       2.439453       2.435547       2.439453       2.439453       2.443359       2.443359       2.435547       2.431641       2.427734       2.423828       2.419922       2.408203       2.310547       2.353516       2.396484       2.404297       1.70141E+38    1.70141E+38    1.70141E+38    

2.435547       2.439453       2.439453       2.439453       2.439453       2.439453       2.439453       2.439453       2.443359       2.435547       2.427734       2.423828       2.419922       2.412109       2.404297       2.412109       2.150391       2.306641       2.416016       2.416016       1.70141E+38    1.70141E+38    1.70141E+38    

2.435547       2.439453       2.439453       2.439453       2.439453       2.439453       2.443359       2.443359       2.443359       2.431641       2.423828       2.419922       2.412109       2.404297       2.392578       2.392578       2.396484       2.416016       2.419922       2.419922       1.70141E+38    1.70141E+38    1.70141E+38    

2.439453       2.443359       2.443359       2.443359       2.443359       2.443359       2.447266       2.443359       2.443359       2.435547       2.427734       2.419922       2.412109       2.404297       2.396484       2.392578       2.400391       2.416016       2.423828       2.423828       1.70141E+38    1.70141E+38    1.70141E+38    

2.439453       2.443359       2.443359       2.443359       2.443359       2.443359       2.447266       2.447266       2.443359       2.439453       2.431641       2.423828       2.419922       2.412109       2.408203       2.408203       2.419922       2.427734       2.427734       2.427734       1.70141E+38    1.70141E+38    1.70141E+38    

2.439453       2.443359       2.443359       2.443359       2.443359       2.443359       2.447266       2.447266       2.447266       2.439453       2.431641       2.427734       2.423828       2.419922       2.419922       2.423828       2.431641       2.435547       2.435547       2.435547       1.70141E+38    1.70141E+38    1.70141E+38    

2.439453       2.443359       2.443359       2.443359       2.443359       2.443359       2.447266       2.447266       2.443359       2.435547       2.431641       2.427734       2.423828       2.423828       2.423828       2.427734       2.435547       2.435547       2.439453       2.443359       1.70141E+38    1.70141E+38    1.70141E+38    

2.439453       2.443359       2.443359       2.443359       2.443359       2.443359       2.447266       2.443359       2.439453       2.431641       2.423828       2.423828       2.423828       2.423828       2.423828       2.431641       2.435547       2.439453       2.443359       2.447266       1.70141E+38    1.70141E+38    1.70141E+38    

2.439453       2.439453       2.443359       2.443359       2.443359       2.443359       2.443359       2.439453       2.431641       2.427734       2.423828       2.423828       2.423828       2.423828       2.423828       2.431641       2.431641       2.435547       2.443359       2.447266       1.70141E+38    1.70141E+38    1.70141E+38    

2.439453       2.443359       2.443359       2.443359       2.443359       2.443359       2.439453       2.431641       2.427734       2.423828       2.419922       2.419922       2.419922       2.419922       2.423828       2.427734       2.431641       2.439453       2.443359       2.451172       1.70141E+38    1.70141E+38    1.70141E+38    

2.439453       2.439453       2.443359       2.443359       2.443359       2.435547       2.431641       2.427734       2.419922       2.416016       2.412109       2.412109       2.416016       2.416016       2.419922       2.423828       2.435547       2.455078       2.404297       2.345703       1.70141E+38    1.70141E+38    1.70141E+38    

2.435547       2.439453       2.443359       2.439453       2.435547       2.427734       2.423828       2.419922       2.412109       2.408203       2.400391       2.400391       2.404297       2.408203       2.412109       2.419922       2.427734       2.447266       1.943359       1.607422       1.70141E+38    1.70141E+38    1.70141E+38    

2.427734       2.431641       2.435547       2.431641       2.423828       2.416016       2.416016       2.408203       2.404297       2.392578       2.384766       2.388672       2.392578       2.400391       2.404297       2.412109       2.423828       2.412109       2.423828       2.388672       1.70141E+38    1.70141E+38    1.70141E+38    

2.427734       2.427734       2.427734       2.427734       2.423828       2.416016       2.412109       2.404297       2.392578       2.380859       2.376953       2.384766       2.388672       2.392578       2.396484       2.404297       2.380859       2.326172       2.357422       2.388672       1.70141E+38    1.70141E+38    1.70141E+38    

2.423828       2.423828       2.423828       2.423828       2.419922       2.412109       2.408203       2.396484       2.380859       2.376953       2.376953       2.380859       2.388672       2.392578       2.400391       2.396484       2.201172       2.037109       2.068359       2.169922       1.70141E+38    1.70141E+38    1.70141E+38    

2.419922       2.419922       2.419922       2.419922       2.416016       2.408203       2.396484       2.384766       2.376953       2.373047       2.373047       2.380859       2.388672       2.400391       2.408203       2.412109       2.419922       1.626953       2.685547       2.201172       1.70141E+38    1.70141E+38    1.70141E+38    

2.412109       2.416016       2.416016       2.416016       2.408203       2.392578       2.384766       2.373047       2.369141       2.369141       2.373047       2.380859       2.392578       2.404297       2.416016       2.423828       2.431641       2.423828       2.451172       2.451172       1.70141E+38    1.70141E+38    1.70141E+38    

2.404297       2.408203       2.408203       2.404297       2.396484       2.384766       2.376953       2.369141       2.369141       2.369141       2.376953       2.384766       2.396484       2.408203       2.423828       2.431641       2.443359       2.447266       2.443359       2.439453       1.70141E+38    1.70141E+38    1.70141E+38    

1.70141E+38    1.70141E+38    1.70141E+38    1.70141E+38    1.70141E+38    1.70141E+38    1.70141E+38    1.70141E+38    1.70141E+38    1.70141E+38    1.70141E+38    1.70141E+38    1.70141E+38    1.70141E+38    1.70141E+38    1.70141E+38    1.70141E+38    1.70141E+38    1.70141E+38    1.70141E+38    1.70141E+38    1.70141E+38    1.70141E+38    

1.70141E+38    1.70141E+38    1.70141E+38    1.70141E+38    1.70141E+38    1.70141E+38    1.70141E+38    1.70141E+38    1.70141E+38    1.70141E+38    1.70141E+38    1.70141E+38    1.70141E+38    1.70141E+38    1.70141E+38    1.70141E+38    1.70141E+38    1.70141E+38    1.70141E+38    1.70141E+38    1.70141E+38    1.70141E+38    1.70141E+38    

1.70141E+38    1.70141E+38    1.70141E+38    1.70141E+38    1.70141E+38    1.70141E+38    1.70141E+38    1.70141E+38    1.70141E+38    1.70141E+38    1.70141E+38    1.70141E+38    1.70141E+38    1.70141E+38    1.70141E+38    1.70141E+38    1.70141E+38    1.70141E+38    1.70141E+38    1.70141E+38    1.70141E+38    1.70141E+38    1.70141E+38    

1.70141E+38    1.70141E+38    1.70141E+38    1.70141E+38    1.70141E+38    1.70141E+38    1.70141E+38    1.70141E+38    1.70141E+38    1.70141E+38    1.70141E+38    1.70141E+38    1.70141E+38    1.70141E+38    1.70141E+38    1.70141E+38    1.70141E+38    1.70141E+38    1.70141E+38    1.70141E+38    1.70141E+38    1.70141E+38    1.70141E+38    

1.70141E+38    1.70141E+38    1.70141E+38    1.70141E+38    1.70141E+38    1.70141E+38    1.70141E+38    1.70141E+38    1.70141E+38    1.70141E+38    1.70141E+38    1.70141E+38    1.70141E+38    1.70141E+38    1.70141E+38    1.70141E+38    1.70141E+38    1.70141E+38    1.70141E+38    1.70141E+38    1.70141E+38    1.70141E+38    1.70141E+38    

1.70141E+38    1.70141E+38    1.70141E+38    1.70141E+38    1.70141E+38    1.70141E+38    1.70141E+38    1.70141E+38    1.70141E+38    1.70141E+38    1.70141E+38    1.70141E+38    1.70141E+38    1.70141E+38    1.70141E+38    1.70141E+38    1.70141E+38    1.70141E+38    1.70141E+38    1.70141E+38    1.70141E+38    1.70141E+38    1.70141E+38    

1.70141E+38    1.70141E+38    1.70141E+38    1.70141E+38    1.70141E+38    1.70141E+38    1.70141E+38    1.70141E+38    1.70141E+38    1.70141E+38    1.70141E+38    1.70141E+38    1.70141E+38    1.70141E+38    1.70141E+38    1.70141E+38    1.70141E+38    1.70141E+38    1.70141E+38    1.70141E+38    1.70141E+38    1.70141E+38    1.70141E+38    

1.70141E+38    1.70141E+38    1.70141E+38    1.70141E+38    1.70141E+38    1.70141E+38    1.70141E+38    1.70141E+38    1.70141E+38    1.70141E+38    1.70141E+38    1.70141E+38    1.70141E+38    1.70141E+38    1.70141E+38    1.70141E+38    1.70141E+38    1.70141E+38    1.70141E+38    1.70141E+38    1.70141E+38    1.70141E+38    1.70141E+38    

