py_wake/examples/data/ParqueFicticio/Ridge area   Sector 7   Height 30m   Mean speed.grd
DSAA
23  33
 262878   265078
 6504214   6507414
 .6840822   6.134801
1.70141E+38    1.70141E+38    1.70141E+38    1.70141E+38    1.70141E+38    1.70141E+38    1.70141E+38    1.70141E+38    1.70141E+38    1.70141E+38    1.70141E+38    1.70141E+38    1.70141E+38    1.70141E+38    1.70141E+38    1.70141E+38    1.70141E+38    1.70141E+38    1.70141E+38    1.70141E+38    1.70141E+38    1.70141E+38    1.70141E+38    

1.70141E+38    1.70141E+38    1.70141E+38    1.70141E+38    1.70141E+38    1.70141E+38    1.70141E+38    1.70141E+38    1.70141E+38    1.70141E+38    1.70141E+38    1.70141E+38    1.70141E+38    1.70141E+38    1.70141E+38    1.70141E+38    1.70141E+38    1.70141E+38    1.70141E+38    1.70141E+38    1.70141E+38    1.70141E+38    1.70141E+38    

1.70141E+38    1.70141E+38    1.70141E+38    1.70141E+38    1.70141E+38    1.70141E+38    1.70141E+38    1.70141E+38    1.70141E+38    1.70141E+38    1.70141E+38    1.70141E+38    1.70141E+38    1.70141E+38    1.70141E+38    1.70141E+38    1.70141E+38    1.70141E+38    1.70141E+38    1.70141E+38    1.70141E+38    1.70141E+38    1.70141E+38    

1.70141E+38    1.70141E+38    1.70141E+38    1.70141E+38    1.70141E+38    1.70141E+38    1.70141E+38    1.70141E+38    1.70141E+38    1.70141E+38    1.70141E+38    1.70141E+38    1.70141E+38    1.70141E+38    1.70141E+38    1.70141E+38    1.70141E+38    1.70141E+38    1.70141E+38    1.70141E+38    1.70141E+38    1.70141E+38    1.70141E+38    

1.70141E+38    1.70141E+38    1.70141E+38    1.70141E+38    1.70141E+38    1.70141E+38    1.70141E+38    1.70141E+38    1.70141E+38    1.70141E+38    1.70141E+38    1.70141E+38    1.70141E+38    1.70141E+38    1.70141E+38    1.70141E+38    1.70141E+38    1.70141E+38    1.70141E+38    1.70141E+38    1.70141E+38    1.70141E+38    1.70141E+38    

3.534593       3.581539       3.797984       4.128973       4.408008       4.648072       4.713959       4.672179       4.435574       4.279113       4.300227       4.262078       4.223161       3.940522       3.552106       2.109528       2.384671       2.141667       2.643815       3.406841       1.70141E+38    1.70141E+38    1.70141E+38    

3.737593       3.697135       3.631534       3.741457       3.970554       4.224602       4.504042       4.741885       4.874928       4.70623        4.548339       4.423352       4.205178       3.676615       2.107916       2.254705       2.050774       2.16781        3.066829       3.561993       1.70141E+38    1.70141E+38    1.70141E+38    

3.710362       3.886764       3.949126       3.761833       3.476712       3.31541        3.329261       3.548554       3.967014       4.295849       4.450596       4.299919       3.962501       3.241092       1.711116       2.304207       2.377512       2.604891       3.64105        3.782648       1.70141E+38    1.70141E+38    1.70141E+38    

3.488998       3.683845       3.846933       3.872017       3.68183        3.335172       2.911204       2.70708        2.889655       3.401655       4.019821       4.247586       3.775721       2.65316        1.637953       2.287294       2.53701        2.900861       3.692551       3.994494       1.70141E+38    1.70141E+38    1.70141E+38    

3.152655       3.451719       3.718102       3.822702       3.787666       3.805194       3.789375       3.62362        3.347413       3.392705       3.778023       4.130232       3.963869       1.84077        2.133009       2.444808       3.00523        3.430786       3.745765       4.064373       1.70141E+38    1.70141E+38    1.70141E+38    

3.014264       3.20054        3.74037        4.159267       4.334069       4.416369       4.612837       4.816058       4.788874       4.466009       4.399741       4.485747       4.382792       4.308827       2.06087        3.05738        3.094114       3.862293       3.892794       4.324254       1.70141E+38    1.70141E+38    1.70141E+38    

3.136067       2.906379       3.281728       3.98898        4.53098        4.858605       4.939955       5.007288       5.13776        5.188064       4.973595       4.836925       4.622339       4.449992       2.679787       3.068673       3.664428       4.393474       4.535483       4.838817       1.70141E+38    1.70141E+38    1.70141E+38    

3.650419       2.976432       2.48888        2.784716       3.326558       3.654099       3.731321       3.849476       4.16078        4.510555       4.761013       4.846646       4.70657        4.483711       3.171293       3.6689         5.044415       5.48211        5.533437       5.428627       1.70141E+38    1.70141E+38    1.70141E+38    

4.500245       3.713025       2.756739       2.24434        1.61651        1.788344       2.175221       2.039542       2.453136       3.331658       4.183926       4.686644       4.668674       4.466339       4.303088       5.119591       5.876864       6.110708       6.134801       6.011446       1.70141E+38    1.70141E+38    1.70141E+38    

5.00387        4.544778       3.843621       3.398464       2.53413        2.088318       2.564559       2.888941       3.093765       3.404195       4.082786       4.73806        4.885385       4.662415       5.00591        5.432415       5.664465       5.669878       5.759621       5.917549       1.70141E+38    1.70141E+38    1.70141E+38    

5.339689       5.27366        4.958108       4.834042       4.305162       3.497435       3.646004       4.073047       4.462322       4.726219       4.974016       5.151371       5.250332       5.12985        5.300162       5.260315       4.799654       4.376346       4.369981       4.580554       1.70141E+38    1.70141E+38    1.70141E+38    

5.770796       5.846258       5.835689       5.811399       5.733526       5.491516       5.205498       5.050307       5.182662       5.292063       5.24271        5.258204       5.191082       5.261611       5.183919       4.689645       3.250984       1.614989       1.747313       2.456809       1.70141E+38    1.70141E+38    1.70141E+38    

4.981823       5.182676       5.104104       4.832923       4.983034       4.967452       4.935729       4.922544       4.863982       4.682297       4.516593       4.779109       5.040727       5.147656       5.066929       4.654566       3.359042       1.288973       1.284621       1.111375       1.70141E+38    1.70141E+38    1.70141E+38    

3.808229       2.631342       1.15536        1.224828       1.922727       2.709095       3.101803       2.968445       2.78148        2.553895       3.112257       4.186804       4.849482       4.993396       4.713563       2.124123       3.299092       1.743238       .8506306       .7057204       1.70141E+38    1.70141E+38    1.70141E+38    

1.86349        1.099908       1.347765       .8593124       .6840822       .9740468       .9501095       .8028007       1.155062       2.265286       3.120029       4.173833       4.5606         4.561311       4.347972       3.948019       3.023451       1.909254       .9969647       .8952041       1.70141E+38    1.70141E+38    1.70141E+38    

1.538944       1.332472       1.813284       2.249652       2.098914       2.006085       2.094125       2.036461       2.304954       3.331568       4.17475        4.59373        4.455759       3.551814       3.065588       3.216628       3.242222       1.762484       1.678544       1.449941       1.70141E+38    1.70141E+38    1.70141E+38    

3.139237       3.452953       3.836529       4.076983       3.711346       3.467233       3.406159       3.544797       3.64672        4.358477       4.92906        4.936614       4.53225        2.313732       1.894018       1.900734       2.080015       2.225271       2.149893       2.067129       1.70141E+38    1.70141E+38    1.70141E+38    

3.848079       3.938472       3.739357       3.294736       2.680968       2.638093       3.040523       3.869634       4.607487       4.927722       4.93055        4.598892       4.468071       2.655284       2.315531       2.09965        1.827241       1.857778       2.122645       2.178397       1.70141E+38    1.70141E+38    1.70141E+38    

3.291935       3.033249       2.690181       2.487308       2.27093        2.413466       3.148219       4.165051       4.697286       4.737128       4.280694       3.572728       3.53344        3.20966        1.726819       2.95722        2.88867        2.257353       1.959739       1.892747       1.70141E+38    1.70141E+38    1.70141E+38    

2.188334       2.251353       2.474985       2.97445        3.203662       3.528041       4.171685       4.420866       4.338797       3.960419       3.314375       2.524465       1.485692       1.834954       1.68694        2.476989       3.240402       2.518005       2.848382       2.193759       1.70141E+38    1.70141E+38    1.70141E+38    

1.70141E+38    1.70141E+38    1.70141E+38    1.70141E+38    1.70141E+38    1.70141E+38    1.70141E+38    1.70141E+38    1.70141E+38    1.70141E+38    1.70141E+38    1.70141E+38    1.70141E+38    1.70141E+38    1.70141E+38    1.70141E+38    1.70141E+38    1.70141E+38    1.70141E+38    1.70141E+38    1.70141E+38    1.70141E+38    1.70141E+38    

1.70141E+38    1.70141E+38    1.70141E+38    1.70141E+38    1.70141E+38    1.70141E+38    1.70141E+38    1.70141E+38    1.70141E+38    1.70141E+38    1.70141E+38    1.70141E+38    1.70141E+38    1.70141E+38    1.70141E+38    1.70141E+38    1.70141E+38    1.70141E+38    1.70141E+38    1.70141E+38    1.70141E+38    1.70141E+38    1.70141E+38    

1.70141E+38    1.70141E+38    1.70141E+38    1.70141E+38    1.70141E+38    1.70141E+38    1.70141E+38    1.70141E+38    1.70141E+38    1.70141E+38    1.70141E+38    1.70141E+38    1.70141E+38    1.70141E+38    1.70141E+38    1.70141E+38    1.70141E+38    1.70141E+38    1.70141E+38    1.70141E+38    1.70141E+38    1.70141E+38    1.70141E+38    

1.70141E+38    1.70141E+38    1.70141E+38    1.70141E+38    1.70141E+38    1.70141E+38    1.70141E+38    1.70141E+38    1.70141E+38    1.70141E+38    1.70141E+38    1.70141E+38    1.70141E+38    1.70141E+38    1.70141E+38    1.70141E+38    1.70141E+38    1.70141E+38    1.70141E+38    1.70141E+38    1.70141E+38    1.70141E+38    1.70141E+38    

1.70141E+38    1.70141E+38    1.70141E+38    1.70141E+38    1.70141E+38    1.70141E+38    1.70141E+38    1.70141E+38    1.70141E+38    1.70141E+38    1.70141E+38    1.70141E+38    1.70141E+38    1.70141E+38    1.70141E+38    1.70141E+38    1.70141E+38    1.70141E+38    1.70141E+38    1.70141E+38    1.70141E+38    1.70141E+38    1.70141E+38    

1.70141E+38    1.70141E+38    1.70141E+38    1.70141E+38    1.70141E+38    1.70141E+38    1.70141E+38    1.70141E+38    1.70141E+38    1.70141E+38    1.70141E+38    1.70141E+38    1.70141E+38    1.70141E+38    1.70141E+38    1.70141E+38    1.70141E+38    1.70141E+38    1.70141E+38    1.70141E+38    1.70141E+38    1.70141E+38    1.70141E+38    

1.70141E+38    1.70141E+38    1.70141E+38    1.70141E+38    1.70141E+38    1.70141E+38    1.70141E+38    1.70141E+38    1.70141E+38    1.70141E+38    1.70141E+38    1.70141E+38    1.70141E+38    1.70141E+38    1.70141E+38    1.70141E+38    1.70141E+38    1.70141E+38    1.70141E+38    1.70141E+38    1.70141E+38    1.70141E+38    1.70141E+38    

1.70141E+38    1.70141E+38    1.70141E+38    1.70141E+38    1.70141E+38    1.70141E+38    1.70141E+38    1.70141E+38    1.70141E+38    1.70141E+38    1.70141E+38    1.70141E+38    1.70141E+38    1.70141E+38    1.70141E+38    1.70141E+38    1.70141E+38    1.70141E+38    1.70141E+38    1.70141E+38    1.70141E+38    1.70141E+38    1.70141E+38    

