py_wake/examples/data/ParqueFicticio/Ridge area   Sector 11   Height 200m   Mean speed.grd
DSAA
23  33
 262878   265078
 6504214   6507414
 3.957637   11.45285
1.70141E+38    1.70141E+38    1.70141E+38    1.70141E+38    1.70141E+38    1.70141E+38    1.70141E+38    1.70141E+38    1.70141E+38    1.70141E+38    1.70141E+38    1.70141E+38    1.70141E+38    1.70141E+38    1.70141E+38    1.70141E+38    1.70141E+38    1.70141E+38    1.70141E+38    1.70141E+38    1.70141E+38    1.70141E+38    1.70141E+38    

1.70141E+38    1.70141E+38    1.70141E+38    1.70141E+38    1.70141E+38    1.70141E+38    1.70141E+38    1.70141E+38    1.70141E+38    1.70141E+38    1.70141E+38    1.70141E+38    1.70141E+38    1.70141E+38    1.70141E+38    1.70141E+38    1.70141E+38    1.70141E+38    1.70141E+38    1.70141E+38    1.70141E+38    1.70141E+38    1.70141E+38    

1.70141E+38    1.70141E+38    1.70141E+38    1.70141E+38    1.70141E+38    1.70141E+38    1.70141E+38    1.70141E+38    1.70141E+38    1.70141E+38    1.70141E+38    1.70141E+38    1.70141E+38    1.70141E+38    1.70141E+38    1.70141E+38    1.70141E+38    1.70141E+38    1.70141E+38    1.70141E+38    1.70141E+38    1.70141E+38    1.70141E+38    

1.70141E+38    1.70141E+38    1.70141E+38    1.70141E+38    1.70141E+38    1.70141E+38    1.70141E+38    1.70141E+38    1.70141E+38    1.70141E+38    1.70141E+38    1.70141E+38    1.70141E+38    1.70141E+38    1.70141E+38    1.70141E+38    1.70141E+38    1.70141E+38    1.70141E+38    1.70141E+38    1.70141E+38    1.70141E+38    1.70141E+38    

1.70141E+38    1.70141E+38    1.70141E+38    1.70141E+38    1.70141E+38    1.70141E+38    1.70141E+38    1.70141E+38    1.70141E+38    1.70141E+38    1.70141E+38    1.70141E+38    1.70141E+38    1.70141E+38    1.70141E+38    1.70141E+38    1.70141E+38    1.70141E+38    1.70141E+38    1.70141E+38    1.70141E+38    1.70141E+38    1.70141E+38    

9.380624       9.505532       9.671961       9.891377       10.13627       10.37707       10.57922       10.74904       10.85928       10.89109       10.84604       10.74201       10.58973       10.34669       9.923976       9.009683       5.809905       3.957637       4.626574       6.626776       1.70141E+38    1.70141E+38    1.70141E+38    

9.351241       9.456785       9.568466       9.726216       9.948788       10.20306       10.4645        10.69827       10.86946       10.95761       10.94948       10.85398       10.66166       10.32914       9.801204       7.779538       4.944973       4.691726       6.704405       8.707451       1.70141E+38    1.70141E+38    1.70141E+38    

9.273516       9.417649       9.563107       9.659096       9.769453       9.948447       10.18542       10.46526       10.72439       10.89632       10.97574       10.91027       10.69382       10.30265       9.723701       7.748457       5.960826       6.770022       8.891037       9.672633       1.70141E+38    1.70141E+38    1.70141E+38    

9.159336       9.30146        9.490986       9.64159        9.764264       9.917912       10.10553       10.32071       10.54241       10.79001       10.96213       10.95193       10.73228       10.32329       9.824614       9.063982       8.008523       8.718031       9.70607        9.945573       1.70141E+38    1.70141E+38    1.70141E+38    

9.07117        9.175154       9.391147       9.60176        9.787976       10.016         10.27364       10.52143       10.69156       10.86445       11.01208       11.02123       10.84127       10.50575       10.09235       9.610818       9.141787       9.43481        9.930723       10.10664       1.70141E+38    1.70141E+38    1.70141E+38    

9.152944       9.099954       9.296651       9.576275       9.828461       10.08443       10.3804        10.68095       10.89933       11.0597        11.16142       11.15358       10.99886       10.71799       10.31528       9.8657         9.745174       9.960361       10.15068       10.24911       1.70141E+38    1.70141E+38    1.70141E+38    

9.421172       9.156817       9.206527       9.477703       9.764456       10.05467       10.33655       10.65975       10.93811       11.14719       11.27339       11.27952       11.14577       10.85979       10.45631       10.13746       10.23072       10.38351       10.453         10.44335       1.70141E+38    1.70141E+38    1.70141E+38    

9.770622       9.433426       9.213457       9.300946       9.535786       9.809047       10.08892       10.43361       10.79773       11.09888       11.30241       11.35717       11.25032       10.9721        10.59089       10.41521       10.57084       10.67665       10.69263       10.63361       1.70141E+38    1.70141E+38    1.70141E+38    

10.02577       9.782097       9.445994       9.351442       9.351329       9.551088       9.85188        10.13798       10.52574       10.93785       11.26229       11.38285       11.31618       11.07017       10.75404       10.65447       10.71528       10.76855       10.77757       10.73129       1.70141E+38    1.70141E+38    1.70141E+38    

10.1557        10.02594       9.781554       9.692266       9.581086       9.624284       9.909951       10.19959       10.5365        10.89047       11.22682       11.39438       11.37574       11.18797       10.92104       10.76364       10.69206       10.68482       10.69153       10.68155       1.70141E+38    1.70141E+38    1.70141E+38    

10.20505       10.17809       10.05204       9.995016       9.956625       9.946046       10.12187       10.38          10.68034       10.97795       11.25059       11.41478       11.42922       11.29129       11.03724       10.77112       10.54005       10.43455       10.42078       10.42466       1.70141E+38    1.70141E+38    1.70141E+38    

10.16556       10.20904       10.15771       10.11921       10.14251       10.19307       10.32388       10.48616       10.71614       10.97673       11.23632       11.41444       11.45285       11.33998       11.08988       10.72657       10.29611       10.01138       9.959942       9.996718       1.70141E+38    1.70141E+38    1.70141E+38    

9.999619       10.09703       10.06726       10.01022       10.07398       10.17334       10.29231       10.43394       10.6275        10.8577        11.13266       11.35703       11.42337       11.3404        11.11762       10.75285       10.31205       9.863762       9.608117       9.616495       1.70141E+38    1.70141E+38    1.70141E+38    

9.742506       9.836271       9.783236       9.706089       9.796963       9.926225       10.05265       10.17972       10.35652       10.58127       10.92753       11.24068       11.3476        11.29825       11.09988       10.77332       10.39661       9.978031       9.538921       9.261996       1.70141E+38    1.70141E+38    1.70141E+38    

9.42787        9.490691       9.502014       9.482936       9.533279       9.683462       9.77825        9.881094       10.101         10.46353       10.84898       11.15133       11.2588        11.21686       11.05209       10.783         10.47001       10.11867       9.771712       9.06784        1.70141E+38    1.70141E+38    1.70141E+38    

9.313396       9.465176       9.607082       9.713322       9.768492       9.830377       9.924156       10.03022       10.22867       10.58035       10.91685       11.13249       11.21187       11.12379       10.92577       10.73799       10.55276       10.34089       10.09091       9.587229       1.70141E+38    1.70141E+38    1.70141E+38    

9.45119        9.634199       9.752461       9.849482       9.904318       9.978536       10.07867       10.24698       10.44562       10.70695       10.9545        11.13172       11.20938       11.13162       10.88039       10.64741       10.49906       10.37774       10.22584       9.887807       1.70141E+38    1.70141E+38    1.70141E+38    

9.452979       9.602542       9.674681       9.718342       9.775319       9.879797       10.0513        10.32174       10.57247       10.76884       10.93749       11.07797       11.17545       11.16824       11.02632       10.78216       10.50309       10.27746       7.839198       9.945993       1.70141E+38    1.70141E+38    1.70141E+38    

9.281253       9.391848       9.458269       9.539333       9.673546       9.852654       10.09761       10.36658       10.58922       10.7588        10.85806       10.92185       11.02313       11.08812       11.05249       10.94419       10.72978       10.38238       10.06291       9.828208       1.70141E+38    1.70141E+38    1.70141E+38    

8.988192       9.153769       9.324384       9.54686        9.780808       10.02036       10.24607       10.41546       10.55499       10.66862       10.7291        10.69864       10.73783       10.82727       10.85782       10.89353       10.84434       10.65096       10.3284        10.00298       1.70141E+38    1.70141E+38    1.70141E+38    

1.70141E+38    1.70141E+38    1.70141E+38    1.70141E+38    1.70141E+38    1.70141E+38    1.70141E+38    1.70141E+38    1.70141E+38    1.70141E+38    1.70141E+38    1.70141E+38    1.70141E+38    1.70141E+38    1.70141E+38    1.70141E+38    1.70141E+38    1.70141E+38    1.70141E+38    1.70141E+38    1.70141E+38    1.70141E+38    1.70141E+38    

1.70141E+38    1.70141E+38    1.70141E+38    1.70141E+38    1.70141E+38    1.70141E+38    1.70141E+38    1.70141E+38    1.70141E+38    1.70141E+38    1.70141E+38    1.70141E+38    1.70141E+38    1.70141E+38    1.70141E+38    1.70141E+38    1.70141E+38    1.70141E+38    1.70141E+38    1.70141E+38    1.70141E+38    1.70141E+38    1.70141E+38    

1.70141E+38    1.70141E+38    1.70141E+38    1.70141E+38    1.70141E+38    1.70141E+38    1.70141E+38    1.70141E+38    1.70141E+38    1.70141E+38    1.70141E+38    1.70141E+38    1.70141E+38    1.70141E+38    1.70141E+38    1.70141E+38    1.70141E+38    1.70141E+38    1.70141E+38    1.70141E+38    1.70141E+38    1.70141E+38    1.70141E+38    

1.70141E+38    1.70141E+38    1.70141E+38    1.70141E+38    1.70141E+38    1.70141E+38    1.70141E+38    1.70141E+38    1.70141E+38    1.70141E+38    1.70141E+38    1.70141E+38    1.70141E+38    1.70141E+38    1.70141E+38    1.70141E+38    1.70141E+38    1.70141E+38    1.70141E+38    1.70141E+38    1.70141E+38    1.70141E+38    1.70141E+38    

1.70141E+38    1.70141E+38    1.70141E+38    1.70141E+38    1.70141E+38    1.70141E+38    1.70141E+38    1.70141E+38    1.70141E+38    1.70141E+38    1.70141E+38    1.70141E+38    1.70141E+38    1.70141E+38    1.70141E+38    1.70141E+38    1.70141E+38    1.70141E+38    1.70141E+38    1.70141E+38    1.70141E+38    1.70141E+38    1.70141E+38    

1.70141E+38    1.70141E+38    1.70141E+38    1.70141E+38    1.70141E+38    1.70141E+38    1.70141E+38    1.70141E+38    1.70141E+38    1.70141E+38    1.70141E+38    1.70141E+38    1.70141E+38    1.70141E+38    1.70141E+38    1.70141E+38    1.70141E+38    1.70141E+38    1.70141E+38    1.70141E+38    1.70141E+38    1.70141E+38    1.70141E+38    

1.70141E+38    1.70141E+38    1.70141E+38    1.70141E+38    1.70141E+38    1.70141E+38    1.70141E+38    1.70141E+38    1.70141E+38    1.70141E+38    1.70141E+38    1.70141E+38    1.70141E+38    1.70141E+38    1.70141E+38    1.70141E+38    1.70141E+38    1.70141E+38    1.70141E+38    1.70141E+38    1.70141E+38    1.70141E+38    1.70141E+38    

1.70141E+38    1.70141E+38    1.70141E+38    1.70141E+38    1.70141E+38    1.70141E+38    1.70141E+38    1.70141E+38    1.70141E+38    1.70141E+38    1.70141E+38    1.70141E+38    1.70141E+38    1.70141E+38    1.70141E+38    1.70141E+38    1.70141E+38    1.70141E+38    1.70141E+38    1.70141E+38    1.70141E+38    1.70141E+38    1.70141E+38    

