py_wake/examples/data/ParqueFicticio/Ridge area   Sector 3   Height 30m   Weibull-k.grd
DSAA
23  33
 262878   265078
 6504214   6507414
 1.005859   2.669922
1.70141E+38    1.70141E+38    1.70141E+38    1.70141E+38    1.70141E+38    1.70141E+38    1.70141E+38    1.70141E+38    1.70141E+38    1.70141E+38    1.70141E+38    1.70141E+38    1.70141E+38    1.70141E+38    1.70141E+38    1.70141E+38    1.70141E+38    1.70141E+38    1.70141E+38    1.70141E+38    1.70141E+38    1.70141E+38    1.70141E+38    

1.70141E+38    1.70141E+38    1.70141E+38    1.70141E+38    1.70141E+38    1.70141E+38    1.70141E+38    1.70141E+38    1.70141E+38    1.70141E+38    1.70141E+38    1.70141E+38    1.70141E+38    1.70141E+38    1.70141E+38    1.70141E+38    1.70141E+38    1.70141E+38    1.70141E+38    1.70141E+38    1.70141E+38    1.70141E+38    1.70141E+38    

1.70141E+38    1.70141E+38    1.70141E+38    1.70141E+38    1.70141E+38    1.70141E+38    1.70141E+38    1.70141E+38    1.70141E+38    1.70141E+38    1.70141E+38    1.70141E+38    1.70141E+38    1.70141E+38    1.70141E+38    1.70141E+38    1.70141E+38    1.70141E+38    1.70141E+38    1.70141E+38    1.70141E+38    1.70141E+38    1.70141E+38    

1.70141E+38    1.70141E+38    1.70141E+38    1.70141E+38    1.70141E+38    1.70141E+38    1.70141E+38    1.70141E+38    1.70141E+38    1.70141E+38    1.70141E+38    1.70141E+38    1.70141E+38    1.70141E+38    1.70141E+38    1.70141E+38    1.70141E+38    1.70141E+38    1.70141E+38    1.70141E+38    1.70141E+38    1.70141E+38    1.70141E+38    

1.70141E+38    1.70141E+38    1.70141E+38    1.70141E+38    1.70141E+38    1.70141E+38    1.70141E+38    1.70141E+38    1.70141E+38    1.70141E+38    1.70141E+38    1.70141E+38    1.70141E+38    1.70141E+38    1.70141E+38    1.70141E+38    1.70141E+38    1.70141E+38    1.70141E+38    1.70141E+38    1.70141E+38    1.70141E+38    1.70141E+38    

2.642578       2.642578       2.642578       2.642578       2.642578       2.642578       2.642578       2.583984       2.490234       2.341797       2.302734       2.306641       2.154297       2.115234       2.455078       2.419922       2.427734       2.095703       2.083984       2.533203       1.70141E+38    1.70141E+38    1.70141E+38    

2.642578       2.642578       2.642578       2.642578       2.642578       2.642578       2.642578       2.607422       2.529297       2.412109       2.294922       2.271484       2.283203       2.287109       1.873047       2.439453       2.111328       2.111328       2.111328       2.529297       1.70141E+38    1.70141E+38    1.70141E+38    

2.642578       2.642578       2.642578       2.642578       2.642578       2.591797       2.595703       2.552734       2.474609       2.365234       2.232422       2.193359       2.212891       2.119141       1.927734       2.236328       2.111328       2.111328       1.501953       2.412109       1.70141E+38    1.70141E+38    1.70141E+38    

2.642578       2.642578       2.642578       2.642578       2.642578       2.572266       2.537109       2.392578       2.310547       2.224609       2.142578       2.119141       2.142578       2.037109       1.669922       2.029297       2.111328       2.111328       2.470703       2.412109       1.70141E+38    1.70141E+38    1.70141E+38    

2.642578       2.642578       2.642578       2.642578       2.642578       2.611328       2.568359       2.498047       2.380859       2.275391       2.166016       2.115234       2.181641       2.197266       1.837891       1.517578       2.111328       2.310547       2.498047       2.380859       1.70141E+38    1.70141E+38    1.70141E+38    

2.603516       2.642578       2.642578       2.642578       2.642578       2.642578       2.642578       2.611328       2.552734       2.486328       2.384766       2.318359       2.376953       2.451172       2.212891       1.517578       1.763672       2.232422       2.423828       2.427734       1.70141E+38    1.70141E+38    1.70141E+38    

2.462891       2.642578       2.482422       2.583984       2.650391       2.650391       2.634766       2.642578       2.587891       2.533203       2.462891       2.400391       2.458984       2.548828       2.392578       1.787109       1.005859       2.486328       2.513672       2.416016       1.70141E+38    1.70141E+38    1.70141E+38    

2.505859       2.306641       2.076172       2.642578       2.404297       2.400391       2.470703       2.607422       2.544922       2.486328       2.419922       2.373047       2.447266       2.576172       2.494141       2.111328       2.642578       2.544922       2.521484       2.509766       1.70141E+38    1.70141E+38    1.70141E+38    

2.595703       2.611328       2.205078       1.994141       1.345703       1.615234       1.337891       1.978516       2.513672       2.439453       2.365234       2.337891       2.423828       2.572266       2.587891       2.603516       2.572266       2.537109       2.513672       2.505859       1.70141E+38    1.70141E+38    1.70141E+38    

2.623047       2.642578       2.630859       2.505859       2.083984       1.904297       2.560547       2.583984       2.548828       2.505859       2.423828       2.384766       2.423828       2.544922       2.587891       2.630859       2.634766       2.576172       2.509766       2.486328       1.70141E+38    1.70141E+38    1.70141E+38    

2.642578       2.638672       2.611328       2.654297       2.662109       2.603516       2.634766       2.646484       2.642578       2.615234       2.544922       2.474609       2.470703       2.537109       2.552734       2.642578       2.669922       2.611328       2.517578       2.494141       1.70141E+38    1.70141E+38    1.70141E+38    

2.580078       2.533203       2.462891       2.494141       2.517578       2.568359       2.583984       2.587891       2.576172       2.564453       2.568359       2.490234       2.474609       2.513672       2.474609       2.595703       2.662109       2.662109       2.572266       2.533203       1.70141E+38    1.70141E+38    1.70141E+38    

2.474609       2.591797       2.416016       2.185547       2.201172       2.271484       2.349609       2.423828       2.517578       2.568359       2.517578       2.462891       2.447266       2.482422       2.470703       2.533203       2.603516       2.658203       2.638672       2.576172       1.70141E+38    1.70141E+38    1.70141E+38    

2.583984       2.568359       2.603516       2.642578       2.642578       2.642578       2.642578       2.599609       2.548828       2.552734       2.525391       2.423828       2.431641       2.466797       2.537109       2.587891       2.541016       2.560547       2.587891       2.576172       1.70141E+38    1.70141E+38    1.70141E+38    

2.498047       2.455078       2.482422       2.474609       2.490234       2.642578       2.642578       2.642578       1.025391       1.447266       2.416016       2.369141       2.365234       2.466797       2.525391       2.576172       2.583984       2.568359       2.470703       2.439453       1.70141E+38    1.70141E+38    1.70141E+38    

2.498047       2.498047       2.462891       2.580078       2.642578       2.642578       2.642578       2.541016       2.541016       2.548828       2.416016       2.353516       2.423828       2.439453       2.478516       2.537109       2.587891       2.603516       2.591797       2.517578       1.70141E+38    1.70141E+38    1.70141E+38    

2.642578       2.513672       2.416016       2.529297       2.642578       2.642578       2.642578       2.611328       2.548828       2.447266       2.396484       2.412109       2.447266       2.447266       2.435547       2.431641       2.501953       2.580078       2.611328       2.619141       1.70141E+38    1.70141E+38    1.70141E+38    

2.615234       2.509766       2.314453       2.642578       2.642578       2.642578       2.154297       2.552734       2.462891       2.423828       2.400391       2.431641       2.486328       2.482422       2.505859       2.447266       2.392578       2.431641       2.498047       2.552734       1.70141E+38    1.70141E+38    1.70141E+38    

2.626953       2.642578       2.642578       2.591797       1.384766       1.076172       2.439453       2.560547       2.462891       2.396484       2.392578       2.505859       2.482422       2.482422       2.544922       2.521484       2.482422       2.404297       2.337891       2.365234       1.70141E+38    1.70141E+38    1.70141E+38    

2.623047       2.642578       2.642578       2.642578       2.642578       2.638672       2.548828       2.498047       2.447266       2.384766       2.423828       2.455078       2.455078       2.435547       2.533203       2.533203       2.509766       2.501953       2.439453       2.365234       1.70141E+38    1.70141E+38    1.70141E+38    

1.70141E+38    1.70141E+38    1.70141E+38    1.70141E+38    1.70141E+38    1.70141E+38    1.70141E+38    1.70141E+38    1.70141E+38    1.70141E+38    1.70141E+38    1.70141E+38    1.70141E+38    1.70141E+38    1.70141E+38    1.70141E+38    1.70141E+38    1.70141E+38    1.70141E+38    1.70141E+38    1.70141E+38    1.70141E+38    1.70141E+38    

1.70141E+38    1.70141E+38    1.70141E+38    1.70141E+38    1.70141E+38    1.70141E+38    1.70141E+38    1.70141E+38    1.70141E+38    1.70141E+38    1.70141E+38    1.70141E+38    1.70141E+38    1.70141E+38    1.70141E+38    1.70141E+38    1.70141E+38    1.70141E+38    1.70141E+38    1.70141E+38    1.70141E+38    1.70141E+38    1.70141E+38    

1.70141E+38    1.70141E+38    1.70141E+38    1.70141E+38    1.70141E+38    1.70141E+38    1.70141E+38    1.70141E+38    1.70141E+38    1.70141E+38    1.70141E+38    1.70141E+38    1.70141E+38    1.70141E+38    1.70141E+38    1.70141E+38    1.70141E+38    1.70141E+38    1.70141E+38    1.70141E+38    1.70141E+38    1.70141E+38    1.70141E+38    

1.70141E+38    1.70141E+38    1.70141E+38    1.70141E+38    1.70141E+38    1.70141E+38    1.70141E+38    1.70141E+38    1.70141E+38    1.70141E+38    1.70141E+38    1.70141E+38    1.70141E+38    1.70141E+38    1.70141E+38    1.70141E+38    1.70141E+38    1.70141E+38    1.70141E+38    1.70141E+38    1.70141E+38    1.70141E+38    1.70141E+38    

1.70141E+38    1.70141E+38    1.70141E+38    1.70141E+38    1.70141E+38    1.70141E+38    1.70141E+38    1.70141E+38    1.70141E+38    1.70141E+38    1.70141E+38    1.70141E+38    1.70141E+38    1.70141E+38    1.70141E+38    1.70141E+38    1.70141E+38    1.70141E+38    1.70141E+38    1.70141E+38    1.70141E+38    1.70141E+38    1.70141E+38    

1.70141E+38    1.70141E+38    1.70141E+38    1.70141E+38    1.70141E+38    1.70141E+38    1.70141E+38    1.70141E+38    1.70141E+38    1.70141E+38    1.70141E+38    1.70141E+38    1.70141E+38    1.70141E+38    1.70141E+38    1.70141E+38    1.70141E+38    1.70141E+38    1.70141E+38    1.70141E+38    1.70141E+38    1.70141E+38    1.70141E+38    

1.70141E+38    1.70141E+38    1.70141E+38    1.70141E+38    1.70141E+38    1.70141E+38    1.70141E+38    1.70141E+38    1.70141E+38    1.70141E+38    1.70141E+38    1.70141E+38    1.70141E+38    1.70141E+38    1.70141E+38    1.70141E+38    1.70141E+38    1.70141E+38    1.70141E+38    1.70141E+38    1.70141E+38    1.70141E+38    1.70141E+38    

1.70141E+38    1.70141E+38    1.70141E+38    1.70141E+38    1.70141E+38    1.70141E+38    1.70141E+38    1.70141E+38    1.70141E+38    1.70141E+38    1.70141E+38    1.70141E+38    1.70141E+38    1.70141E+38    1.70141E+38    1.70141E+38    1.70141E+38    1.70141E+38    1.70141E+38    1.70141E+38    1.70141E+38    1.70141E+38    1.70141E+38    

