py_wake/examples/data/ParqueFicticio/Ridge area   Sector 4   Height 200m   Mean speed.grd
DSAA
23  33
 262878   265078
 6504214   6507414
 6.64864   11.54947
1.70141E+38    1.70141E+38    1.70141E+38    1.70141E+38    1.70141E+38    1.70141E+38    1.70141E+38    1.70141E+38    1.70141E+38    1.70141E+38    1.70141E+38    1.70141E+38    1.70141E+38    1.70141E+38    1.70141E+38    1.70141E+38    1.70141E+38    1.70141E+38    1.70141E+38    1.70141E+38    1.70141E+38    1.70141E+38    1.70141E+38    

1.70141E+38    1.70141E+38    1.70141E+38    1.70141E+38    1.70141E+38    1.70141E+38    1.70141E+38    1.70141E+38    1.70141E+38    1.70141E+38    1.70141E+38    1.70141E+38    1.70141E+38    1.70141E+38    1.70141E+38    1.70141E+38    1.70141E+38    1.70141E+38    1.70141E+38    1.70141E+38    1.70141E+38    1.70141E+38    1.70141E+38    

1.70141E+38    1.70141E+38    1.70141E+38    1.70141E+38    1.70141E+38    1.70141E+38    1.70141E+38    1.70141E+38    1.70141E+38    1.70141E+38    1.70141E+38    1.70141E+38    1.70141E+38    1.70141E+38    1.70141E+38    1.70141E+38    1.70141E+38    1.70141E+38    1.70141E+38    1.70141E+38    1.70141E+38    1.70141E+38    1.70141E+38    

1.70141E+38    1.70141E+38    1.70141E+38    1.70141E+38    1.70141E+38    1.70141E+38    1.70141E+38    1.70141E+38    1.70141E+38    1.70141E+38    1.70141E+38    1.70141E+38    1.70141E+38    1.70141E+38    1.70141E+38    1.70141E+38    1.70141E+38    1.70141E+38    1.70141E+38    1.70141E+38    1.70141E+38    1.70141E+38    1.70141E+38    

1.70141E+38    1.70141E+38    1.70141E+38    1.70141E+38    1.70141E+38    1.70141E+38    1.70141E+38    1.70141E+38    1.70141E+38    1.70141E+38    1.70141E+38    1.70141E+38    1.70141E+38    1.70141E+38    1.70141E+38    1.70141E+38    1.70141E+38    1.70141E+38    1.70141E+38    1.70141E+38    1.70141E+38    1.70141E+38    1.70141E+38    

7.688011       7.817792       8.031989       8.351351       8.705641       9.069597       9.40366        9.805345       10.22213       10.64827       10.96409       11.09654       11.00185       10.62142       9.926484       9.219149       8.698119       8.509986       8.755933       9.248641       1.70141E+38    1.70141E+38    1.70141E+38    

7.576841       7.758607       7.948995       8.217505       8.572822       8.9616         9.382426       9.869722       10.33752       10.75909       11.0696        11.1759        11.01097       10.48588       9.668173       8.965856       8.559297       8.588008       9.069875       9.577559       1.70141E+38    1.70141E+38    1.70141E+38    

7.186619       7.543219       7.900082       8.130936       8.366773       8.708032       9.173248       9.723124       10.28057       10.77295       11.11891       11.21669       11.00304       10.37671       9.526242       8.872673       8.577662       8.797466       9.384872       9.814685       1.70141E+38    1.70141E+38    1.70141E+38    

6.777961       7.171592       7.653521       8.015572       8.302672       8.656523       9.106141       9.632903       10.18429       10.72034       11.12551       11.23247       11.0035        10.35285       9.552698       8.984306       8.728414       9.025209       9.631227       9.980123       1.70141E+38    1.70141E+38    1.70141E+38    

6.64864        7.033105       7.580851       8.04094        8.396299       8.839662       9.334008       9.854496       10.30817       10.7444        11.11921       11.23949       11.03843       10.48357       9.755879       9.19999        8.999317       9.274288       9.785999       10.08688       1.70141E+38    1.70141E+38    1.70141E+38    

6.851031       7.012055       7.597522       8.193098       8.632463       9.052543       9.518486       10.02383       10.45917       10.82126       11.12904       11.25189       11.09182       10.61957       9.919675       9.366405       9.312184       9.619593       9.975147       10.17527       1.70141E+38    1.70141E+38    1.70141E+38    

7.218493       6.950706       7.427137       8.16259        8.725751       9.185885       9.580709       10.03041       10.45738       10.83133       11.13457       11.27123       11.14511       10.68939       9.993029       9.552882       9.703012       9.992005       10.19588       10.25032       1.70141E+38    1.70141E+38    1.70141E+38    

7.931538       7.38131        7.203764       7.798215       8.45243        8.946589       9.346644       9.806865       10.29756       10.74487       11.11515       11.29476       11.20181       10.7716        10.10532       9.80995        10.027         10.24467       10.3282        10.27037       1.70141E+38    1.70141E+38    1.70141E+38    

8.498836       8.177307       7.665179       7.78493        8.038592       8.559098       9.074959       9.528263       10.05529       10.60288       11.08268       11.32001       11.26378       10.88634       10.31263       10.1017        10.21659       10.32183       10.33235       10.21214       1.70141E+38    1.70141E+38    1.70141E+38    

8.805303       8.700323       8.427047       8.512282       8.494386       8.70898        9.191725       9.661667       10.13838       10.61893       11.08784       11.34823       11.33306       11.05158       10.60517       10.3214        10.22987       10.22268       10.18196       10.04177       1.70141E+38    1.70141E+38    1.70141E+38    

8.990448       9.037489       8.935733       8.991446       9.058013       9.160014       9.491832       9.904999       10.34881       10.76759       11.14682       11.38025       11.4019        11.21021       10.84897       10.41393       10.08326       9.942482       9.862769       9.712623       1.70141E+38    1.70141E+38    1.70141E+38    

9.118691       9.223704       9.193065       9.221878       9.369224       9.554904       9.800412       10.09975       10.45993       10.8269        11.17338       11.41091       11.4633        11.31882       10.97682       10.41362       9.809767       9.472055       9.375957       9.287642       1.70141E+38    1.70141E+38    1.70141E+38    

9.070765       9.195946       9.169721       9.157801       9.375133       9.604456       9.861341       10.14464       10.46242       10.79173       11.15266       11.44103       11.51815       11.379         11.01908       10.43202       9.726937       9.168883       8.916577       8.867797       1.70141E+38    1.70141E+38    1.70141E+38    

8.922787       8.982366       8.907551       8.917893       9.154408       9.437168       9.717554       9.987428       10.30044       10.65638       11.11917       11.48189       11.54947       11.38011       10.96574       10.32273       9.657029       9.080472       8.663878       8.523728       1.70141E+38    1.70141E+38    1.70141E+38    

8.616122       8.645467       8.687626       8.776835       8.980103       9.287655       9.533021       9.800251       10.18181       10.69854       11.20141       11.51131       11.53438       11.30184       10.82231       10.17752       9.542606       9.012681       8.644082       8.412348       1.70141E+38    1.70141E+38    1.70141E+38    

8.461843       8.660428       8.892454       9.111245       9.27696        9.464191       9.714338       10.00193       10.3913        10.89783       11.30439       11.48855       11.44318       11.11246       10.52835       9.960229       9.510384       9.165811       8.886449       8.63731        1.70141E+38    1.70141E+38    1.70141E+38    

8.706014       8.969655       9.150687       9.336898       9.477764       9.675687       9.919715       10.27411       10.6559        11.05227       11.3184        11.40312       11.28548       10.87879       10.19862       9.636829       9.325805       9.140503       9.014012       8.841231       1.70141E+38    1.70141E+38    1.70141E+38    

8.780155       8.991077       9.09644        9.193428       9.348984       9.602718       9.953507       10.42553       10.83448       11.11365       11.24819       11.23694       11.06354       10.68064       10.10735       9.589824       9.189323       8.951073       8.862739       8.796345       1.70141E+38    1.70141E+38    1.70141E+38    

8.594436       8.7478         8.851454       9.019752       9.301694       9.665522       10.11847       10.56272       10.88718       11.07062       11.08585       10.95169       10.73753       10.41892       10.04444       9.730582       9.383781       8.987647       8.718951       8.589312       1.70141E+38    1.70141E+38    1.70141E+38    

8.155698       8.445304       8.742264       9.13317        9.546341       9.971696       10.37565       10.66758       10.85301       10.91416       10.8339        10.58047       10.32698       10.05729       9.796862       9.693306       9.555541       9.268613       8.917576       8.638338       1.70141E+38    1.70141E+38    1.70141E+38    

1.70141E+38    1.70141E+38    1.70141E+38    1.70141E+38    1.70141E+38    1.70141E+38    1.70141E+38    1.70141E+38    1.70141E+38    1.70141E+38    1.70141E+38    1.70141E+38    1.70141E+38    1.70141E+38    1.70141E+38    1.70141E+38    1.70141E+38    1.70141E+38    1.70141E+38    1.70141E+38    1.70141E+38    1.70141E+38    1.70141E+38    

1.70141E+38    1.70141E+38    1.70141E+38    1.70141E+38    1.70141E+38    1.70141E+38    1.70141E+38    1.70141E+38    1.70141E+38    1.70141E+38    1.70141E+38    1.70141E+38    1.70141E+38    1.70141E+38    1.70141E+38    1.70141E+38    1.70141E+38    1.70141E+38    1.70141E+38    1.70141E+38    1.70141E+38    1.70141E+38    1.70141E+38    

1.70141E+38    1.70141E+38    1.70141E+38    1.70141E+38    1.70141E+38    1.70141E+38    1.70141E+38    1.70141E+38    1.70141E+38    1.70141E+38    1.70141E+38    1.70141E+38    1.70141E+38    1.70141E+38    1.70141E+38    1.70141E+38    1.70141E+38    1.70141E+38    1.70141E+38    1.70141E+38    1.70141E+38    1.70141E+38    1.70141E+38    

1.70141E+38    1.70141E+38    1.70141E+38    1.70141E+38    1.70141E+38    1.70141E+38    1.70141E+38    1.70141E+38    1.70141E+38    1.70141E+38    1.70141E+38    1.70141E+38    1.70141E+38    1.70141E+38    1.70141E+38    1.70141E+38    1.70141E+38    1.70141E+38    1.70141E+38    1.70141E+38    1.70141E+38    1.70141E+38    1.70141E+38    

1.70141E+38    1.70141E+38    1.70141E+38    1.70141E+38    1.70141E+38    1.70141E+38    1.70141E+38    1.70141E+38    1.70141E+38    1.70141E+38    1.70141E+38    1.70141E+38    1.70141E+38    1.70141E+38    1.70141E+38    1.70141E+38    1.70141E+38    1.70141E+38    1.70141E+38    1.70141E+38    1.70141E+38    1.70141E+38    1.70141E+38    

1.70141E+38    1.70141E+38    1.70141E+38    1.70141E+38    1.70141E+38    1.70141E+38    1.70141E+38    1.70141E+38    1.70141E+38    1.70141E+38    1.70141E+38    1.70141E+38    1.70141E+38    1.70141E+38    1.70141E+38    1.70141E+38    1.70141E+38    1.70141E+38    1.70141E+38    1.70141E+38    1.70141E+38    1.70141E+38    1.70141E+38    

1.70141E+38    1.70141E+38    1.70141E+38    1.70141E+38    1.70141E+38    1.70141E+38    1.70141E+38    1.70141E+38    1.70141E+38    1.70141E+38    1.70141E+38    1.70141E+38    1.70141E+38    1.70141E+38    1.70141E+38    1.70141E+38    1.70141E+38    1.70141E+38    1.70141E+38    1.70141E+38    1.70141E+38    1.70141E+38    1.70141E+38    

1.70141E+38    1.70141E+38    1.70141E+38    1.70141E+38    1.70141E+38    1.70141E+38    1.70141E+38    1.70141E+38    1.70141E+38    1.70141E+38    1.70141E+38    1.70141E+38    1.70141E+38    1.70141E+38    1.70141E+38    1.70141E+38    1.70141E+38    1.70141E+38    1.70141E+38    1.70141E+38    1.70141E+38    1.70141E+38    1.70141E+38    

