py_wake/examples/data/ParqueFicticio/Ridge area   Sector 5   Height 200m   Mean speed.grd
DSAA
23  33
 262878   265078
 6504214   6507414
 8.425182   11.68201
1.70141E+38    1.70141E+38    1.70141E+38    1.70141E+38    1.70141E+38    1.70141E+38    1.70141E+38    1.70141E+38    1.70141E+38    1.70141E+38    1.70141E+38    1.70141E+38    1.70141E+38    1.70141E+38    1.70141E+38    1.70141E+38    1.70141E+38    1.70141E+38    1.70141E+38    1.70141E+38    1.70141E+38    1.70141E+38    1.70141E+38    

1.70141E+38    1.70141E+38    1.70141E+38    1.70141E+38    1.70141E+38    1.70141E+38    1.70141E+38    1.70141E+38    1.70141E+38    1.70141E+38    1.70141E+38    1.70141E+38    1.70141E+38    1.70141E+38    1.70141E+38    1.70141E+38    1.70141E+38    1.70141E+38    1.70141E+38    1.70141E+38    1.70141E+38    1.70141E+38    1.70141E+38    

1.70141E+38    1.70141E+38    1.70141E+38    1.70141E+38    1.70141E+38    1.70141E+38    1.70141E+38    1.70141E+38    1.70141E+38    1.70141E+38    1.70141E+38    1.70141E+38    1.70141E+38    1.70141E+38    1.70141E+38    1.70141E+38    1.70141E+38    1.70141E+38    1.70141E+38    1.70141E+38    1.70141E+38    1.70141E+38    1.70141E+38    

1.70141E+38    1.70141E+38    1.70141E+38    1.70141E+38    1.70141E+38    1.70141E+38    1.70141E+38    1.70141E+38    1.70141E+38    1.70141E+38    1.70141E+38    1.70141E+38    1.70141E+38    1.70141E+38    1.70141E+38    1.70141E+38    1.70141E+38    1.70141E+38    1.70141E+38    1.70141E+38    1.70141E+38    1.70141E+38    1.70141E+38    

1.70141E+38    1.70141E+38    1.70141E+38    1.70141E+38    1.70141E+38    1.70141E+38    1.70141E+38    1.70141E+38    1.70141E+38    1.70141E+38    1.70141E+38    1.70141E+38    1.70141E+38    1.70141E+38    1.70141E+38    1.70141E+38    1.70141E+38    1.70141E+38    1.70141E+38    1.70141E+38    1.70141E+38    1.70141E+38    1.70141E+38    

9.286614       9.429352       9.619335       9.869008       10.14091       10.40906       10.63731       10.84402       10.99585       11.10546       11.10359       10.96635       10.70905       10.27536       9.707641       9.21967        8.883395       8.749213       8.88636        9.187747       1.70141E+38    1.70141E+38    1.70141E+38    

9.260646       9.388047       9.523967       9.71384        9.968619       10.25282       10.55594       10.84025       11.07609       11.23929       11.27845       11.14952       10.82549       10.24607       9.553073       9.044896       8.762328       8.770242       9.104114       9.439219       1.70141E+38    1.70141E+38    1.70141E+38    

9.157838       9.344696       9.528878       9.648129       9.779707       9.991069       10.26666       10.60149       10.94835       11.22732       11.35892       11.26837       10.91383       10.25117       9.509434       8.987975       8.746708       8.903898       9.355246       9.651532       1.70141E+38    1.70141E+38    1.70141E+38    

9.012005       9.204867       9.435741       9.608911       9.751823       9.933229       10.15201       10.43307       10.76389       11.11634       11.36608       11.34966       11.01117       10.33754       9.614527       9.121079       8.867247       9.089505       9.589847       9.845908       1.70141E+38    1.70141E+38    1.70141E+38    

8.885689       9.046659       9.304955       9.543925       9.750579       10.01011       10.31029       10.63607       10.90592       11.16807       11.4006        11.42127       11.14584       10.58398       9.915797       9.40955        9.17499        9.352888       9.768718       10.00783       1.70141E+38    1.70141E+38    1.70141E+38    

8.89196        8.892772       9.164854       9.502323       9.796044       10.09122       10.44225       10.82877       11.1426        11.36978       11.52933       11.53109       11.29184       10.80842       10.16876       9.682698       9.580817       9.771402       10.02498       10.18668       1.70141E+38    1.70141E+38    1.70141E+38    

9.053603       8.766951       8.934175       9.341551       9.726365       10.08115       10.41746       10.81059       11.16818       11.44667       11.62269       11.63245       11.41441       10.93035       10.30297       9.943537       10.05043       10.25006       10.37934       10.41309       1.70141E+38    1.70141E+38    1.70141E+38    

9.401665       8.9179         8.702301       8.989356       9.390343       9.768258       10.11012       10.5261        10.97409       11.35412       11.61652       11.68201       11.5012        11.02732       10.41668       10.18801       10.3925        10.58566       10.66174       10.63048       1.70141E+38    1.70141E+38    1.70141E+38    

9.761119       9.389323       8.938076       8.930037       9.052408       9.391958       9.789701       10.1728        10.64359       11.134         11.53071       11.68148       11.55499       11.12516       10.56731       10.40395       10.55133       10.69738       10.77044       10.75424       1.70141E+38    1.70141E+38    1.70141E+38    

9.986712       9.791241       9.465819       9.413528       9.324022       9.438897       9.819144       10.22319       10.64304       11.06271       11.46495       11.67087       11.60986       11.27434       10.79765       10.5488        10.51013       10.5872        10.66971       10.70589       1.70141E+38    1.70141E+38    1.70141E+38    

10.08938       10.0535        9.887397       9.85435        9.824154       9.830932       10.07542       10.42074       10.80256       11.1603        11.48156       11.67152       11.66124       11.42427       11.00943       10.59478       10.3065        10.26566       10.34809       10.42019       1.70141E+38    1.70141E+38    1.70141E+38    

10.07803       10.13849       10.06957       10.04056       10.0993        10.18207       10.32933       10.54406       10.83575       11.14616       11.44412       11.64655       11.67344       11.51075       11.13877       10.59477       10.02759       9.772414       9.834315       9.961302       1.70141E+38    1.70141E+38    1.70141E+38    

9.837003       9.963933       9.918005       9.85681        9.987912       10.11734       10.27736       10.47418       10.71936       10.98577       11.29462       11.55746       11.63743       11.527         11.21305       10.68315       10.06505       9.561273       9.392606       9.484328       1.70141E+38    1.70141E+38    1.70141E+38    

9.409753       9.501852       9.407075       9.349285       9.529129       9.751457       9.95931        10.14462       10.3776        10.65229       11.05055       11.41914       11.54871       11.47493       11.19599       10.72123       10.17921       9.641958       9.219802       9.106252       1.70141E+38    1.70141E+38    1.70141E+38    

8.852085       8.923615       8.975986       9.021633       9.182597       9.455193       9.615891       9.781269       10.07931       10.52673       10.97229       11.32095       11.43103       11.35231       11.10677       10.72499       10.27574       9.795747       9.373897       9.038239       1.70141E+38    1.70141E+38    1.70141E+38    

8.707606       8.957536       9.22516        9.435918       9.54891        9.651958       9.799854       9.964193       10.23011       10.66049       11.05661       11.2959        11.35119       11.18323       10.9037        10.63668       10.35156       10.04381       9.724415       9.384084       1.70141E+38    1.70141E+38    1.70141E+38    

9.075033       9.362749       9.531646       9.674937       9.747637       9.857528       9.992561       10.21837       10.47413       10.7991        11.09262       11.27576       11.31784       11.14907       10.77935       10.45254       10.22739       10.0542        9.891261       9.654976       1.70141E+38    1.70141E+38    1.70141E+38    

9.165674       9.35573        9.417813       9.455283       9.534892       9.688169       9.919032       10.2842        10.61815       10.85867       11.03982       11.17569       11.25874       11.19706       10.94557       10.56795       10.17147       9.879195       9.741135       9.627208       1.70141E+38    1.70141E+38    1.70141E+38    

8.919982       9.02053        9.067971       9.170252       9.360647       9.609741       9.95318        10.32368       10.61469       10.81045       10.9062        10.95864       11.07166       11.12045       11.01635       10.82846       10.50976       10.03231       9.629758       9.409304       1.70141E+38    1.70141E+38    1.70141E+38    

8.425182       8.628755       8.857388       9.172044       9.501032       9.833527       10.14918       10.36987       10.53406       10.66432       10.72821       10.69085       10.75439       10.85481       10.84622       10.85219       10.753         10.46728       10.0181        9.580049       1.70141E+38    1.70141E+38    1.70141E+38    

1.70141E+38    1.70141E+38    1.70141E+38    1.70141E+38    1.70141E+38    1.70141E+38    1.70141E+38    1.70141E+38    1.70141E+38    1.70141E+38    1.70141E+38    1.70141E+38    1.70141E+38    1.70141E+38    1.70141E+38    1.70141E+38    1.70141E+38    1.70141E+38    1.70141E+38    1.70141E+38    1.70141E+38    1.70141E+38    1.70141E+38    

1.70141E+38    1.70141E+38    1.70141E+38    1.70141E+38    1.70141E+38    1.70141E+38    1.70141E+38    1.70141E+38    1.70141E+38    1.70141E+38    1.70141E+38    1.70141E+38    1.70141E+38    1.70141E+38    1.70141E+38    1.70141E+38    1.70141E+38    1.70141E+38    1.70141E+38    1.70141E+38    1.70141E+38    1.70141E+38    1.70141E+38    

1.70141E+38    1.70141E+38    1.70141E+38    1.70141E+38    1.70141E+38    1.70141E+38    1.70141E+38    1.70141E+38    1.70141E+38    1.70141E+38    1.70141E+38    1.70141E+38    1.70141E+38    1.70141E+38    1.70141E+38    1.70141E+38    1.70141E+38    1.70141E+38    1.70141E+38    1.70141E+38    1.70141E+38    1.70141E+38    1.70141E+38    

1.70141E+38    1.70141E+38    1.70141E+38    1.70141E+38    1.70141E+38    1.70141E+38    1.70141E+38    1.70141E+38    1.70141E+38    1.70141E+38    1.70141E+38    1.70141E+38    1.70141E+38    1.70141E+38    1.70141E+38    1.70141E+38    1.70141E+38    1.70141E+38    1.70141E+38    1.70141E+38    1.70141E+38    1.70141E+38    1.70141E+38    

1.70141E+38    1.70141E+38    1.70141E+38    1.70141E+38    1.70141E+38    1.70141E+38    1.70141E+38    1.70141E+38    1.70141E+38    1.70141E+38    1.70141E+38    1.70141E+38    1.70141E+38    1.70141E+38    1.70141E+38    1.70141E+38    1.70141E+38    1.70141E+38    1.70141E+38    1.70141E+38    1.70141E+38    1.70141E+38    1.70141E+38    

1.70141E+38    1.70141E+38    1.70141E+38    1.70141E+38    1.70141E+38    1.70141E+38    1.70141E+38    1.70141E+38    1.70141E+38    1.70141E+38    1.70141E+38    1.70141E+38    1.70141E+38    1.70141E+38    1.70141E+38    1.70141E+38    1.70141E+38    1.70141E+38    1.70141E+38    1.70141E+38    1.70141E+38    1.70141E+38    1.70141E+38    

1.70141E+38    1.70141E+38    1.70141E+38    1.70141E+38    1.70141E+38    1.70141E+38    1.70141E+38    1.70141E+38    1.70141E+38    1.70141E+38    1.70141E+38    1.70141E+38    1.70141E+38    1.70141E+38    1.70141E+38    1.70141E+38    1.70141E+38    1.70141E+38    1.70141E+38    1.70141E+38    1.70141E+38    1.70141E+38    1.70141E+38    

1.70141E+38    1.70141E+38    1.70141E+38    1.70141E+38    1.70141E+38    1.70141E+38    1.70141E+38    1.70141E+38    1.70141E+38    1.70141E+38    1.70141E+38    1.70141E+38    1.70141E+38    1.70141E+38    1.70141E+38    1.70141E+38    1.70141E+38    1.70141E+38    1.70141E+38    1.70141E+38    1.70141E+38    1.70141E+38    1.70141E+38    

