py_wake/examples/data/ParqueFicticio/Ridge area   Sector 4   Height 30m   Orographic turn.grd
DSAA
23  33
 262878   265078
 6504214   6507414
-121.0261   69.14038
1.70141E+38    1.70141E+38    1.70141E+38    1.70141E+38    1.70141E+38    1.70141E+38    1.70141E+38    1.70141E+38    1.70141E+38    1.70141E+38    1.70141E+38    1.70141E+38    1.70141E+38    1.70141E+38    1.70141E+38    1.70141E+38    1.70141E+38    1.70141E+38    1.70141E+38    1.70141E+38    1.70141E+38    1.70141E+38    1.70141E+38    

1.70141E+38    1.70141E+38    1.70141E+38    1.70141E+38    1.70141E+38    1.70141E+38    1.70141E+38    1.70141E+38    1.70141E+38    1.70141E+38    1.70141E+38    1.70141E+38    1.70141E+38    1.70141E+38    1.70141E+38    1.70141E+38    1.70141E+38    1.70141E+38    1.70141E+38    1.70141E+38    1.70141E+38    1.70141E+38    1.70141E+38    

1.70141E+38    1.70141E+38    1.70141E+38    1.70141E+38    1.70141E+38    1.70141E+38    1.70141E+38    1.70141E+38    1.70141E+38    1.70141E+38    1.70141E+38    1.70141E+38    1.70141E+38    1.70141E+38    1.70141E+38    1.70141E+38    1.70141E+38    1.70141E+38    1.70141E+38    1.70141E+38    1.70141E+38    1.70141E+38    1.70141E+38    

1.70141E+38    1.70141E+38    1.70141E+38    1.70141E+38    1.70141E+38    1.70141E+38    1.70141E+38    1.70141E+38    1.70141E+38    1.70141E+38    1.70141E+38    1.70141E+38    1.70141E+38    1.70141E+38    1.70141E+38    1.70141E+38    1.70141E+38    1.70141E+38    1.70141E+38    1.70141E+38    1.70141E+38    1.70141E+38    1.70141E+38    

1.70141E+38    1.70141E+38    1.70141E+38    1.70141E+38    1.70141E+38    1.70141E+38    1.70141E+38    1.70141E+38    1.70141E+38    1.70141E+38    1.70141E+38    1.70141E+38    1.70141E+38    1.70141E+38    1.70141E+38    1.70141E+38    1.70141E+38    1.70141E+38    1.70141E+38    1.70141E+38    1.70141E+38    1.70141E+38    1.70141E+38    

14.03155       15.19833       16.85168       17.01861       16.17211       15.07605       13.6409        10.20854       7.132619       4.600716       .8089745       -3.412072      -6.577344      -5.450386      1.051748       11.14504       25.85015       42.14628       39.70289       8.466628       1.70141E+38    1.70141E+38    1.70141E+38    

16.26614       16.14293       14.59628       12.75295       11.67765       11.15202       10.17442       8.560558       7.120291       5.085672       2.348817       -1.414462      -3.630258      -1.038002      7.48911        20.7832        40.64349       53.00156       26.8289        -1.311595      1.70141E+38    1.70141E+38    1.70141E+38    

18.17286       17.9635        16.13894       14.2926        12.83021       10.30819       7.147582       4.8821         5.038651       5.108081       4.621472       1.038786       .1496194       5.354251       15.65552       31.608         54.80416       57.74844       7.97227        -4.965379      1.70141E+38    1.70141E+38    1.70141E+38    

19.50639       18.45658       17.06378       17.46636       16.99626       14.27176       10.97079       6.31176        3.716362       4.423313       4.864473       3.784286       4.37915        9.938787       20.50524       39.49989       66.69724       63.43926       -1.63751       -5.125027      1.70141E+38    1.70141E+38    1.70141E+38    

19.32065       16.92543       15.47          15.59005       15.54241       14.09601       12.94049       9.151279       5.183841       3.584572       4.126154       4.106607       4.77977        7.504081       18.55563       44.00494       69.14038       63.18176       -2.691902      -3.989775      1.70141E+38    1.70141E+38    1.70141E+38    

17.82329       13.58107       9.322167       9.647863       10.17695       9.536916       9.454659       7.848798       5.633638       3.922047       3.434356       2.351893       1.772705       3.324928       15.53797       45.21394       56.22467       14.88886       -.9400737      -4.234238      1.70141E+38    1.70141E+38    1.70141E+38    

10.40042       9.645853       8.653657       6.017281       4.724768       3.427916       1.802173       2.982002       4.750652       5.503277       4.651815       2.659062       1.146299       2.417366       13.51239       32.69683       19.58269       2.554276       -2.988367      -6.094472      1.70141E+38    1.70141E+38    1.70141E+38    

4.3557         -4.841668      -1.332619      12.09563       3.507277       -1.775209      -4.506433      -4.811467      1.494931       4.824363       5.37407        4.060013       1.971108       1.74754        9.856365       17.61415       3.993598       -1.552347      -4.292199      -5.706535      1.70141E+38    1.70141E+38    1.70141E+38    

5.168489       -4.336289      -13.32983      -12.09898      -80.23834      -121.0261      -40.39745      -10.17637      -.2625984      3.600422       4.825804       3.709706       1.036795       .1174776       1.104951       -3.61781       -6.024596      -5.602738      -4.198672      -2.424217      1.70141E+38    1.70141E+38    1.70141E+38    

5.726479       -1.059807      -6.701362      -8.036509      -18.813        -18.03385      -1.738372      4.485264       5.277596       3.476123       2.291999       1.200895       .7935328       -2.513123      -8.16917       -12.97703      -13.33437      -9.416349      -4.95775       -.6089067      1.70141E+38    1.70141E+38    1.70141E+38    

4.605699       1.222115       -2.583721      -2.645347      -4.62884       -3.938382      .4796009       1.954755       1.438675       .5057822       -.02364817     .1442658       .3332786       -2.457783      -9.707302      -15.95077      -18.24354      -12.99995      -6.290457      -1.255108      1.70141E+38    1.70141E+38    1.70141E+38    

2.41201        1.801886       .04084503      .2542863       .7806616       -.1496135      -.9219285      -1.453858      -1.749734      -1.482327      -.4515502      .441276        .1033738       -2.112354      -7.449415      -12.82656      -17.26443      -16.84393      -10.37252      -4.87228       1.70141E+38    1.70141E+38    1.70141E+38    

-.4717696      1.564337       3.272997       3.140548       2.416481       1.229819       -.3389667      -1.369276      -1.595909      -.828707       -.2597662      .1104219       -.4389573      -2.237646      -3.981917      -6.305401      -10.28689      -15.6266       -14.82812      -9.318665      1.70141E+38    1.70141E+38    1.70141E+38    

.2057298       4.681441       8.988065       7.033307       3.622164       2.672051       2.422598       2.677304       2.642497       1.305745       -2.444726      -2.841691      -3.336787      -2.133207      -1.115297      -1.185414      -2.949643      -7.492345      -12.81131      -12.67897      1.70141E+38    1.70141E+38    1.70141E+38    

5.254605       10.90339       13.18341       11.2479        7.578397       7.147627       10.75163       16.23342       13.63062       1.368555       -4.584938      -5.86882       -5.948876      -3.691513      1.13968        3.385221       2.846918       .2211835       -4.434464      -10.17374      1.70141E+38    1.70141E+38    1.70141E+38    

9.456912       10.69888       9.703189       7.395236       5.779625       7.02693        10.22389       13.50043       10.39227       -1.074212      -5.267858      -6.218995      -5.374491      -3.467112      .2488548       4.00403        6.078369       5.77651        2.361504       -2.710553      1.70141E+38    1.70141E+38    1.70141E+38    

5.025245       3.220867       2.347256       2.283441       4.298148       5.167099       6.653369       3.293101       -2.972592      -6.859119      -7.410944      -4.971351      -.6271338      1.264861       .6369986       .8843635       2.495583       4.109234       4.93955        3.559676       1.70141E+38    1.70141E+38    1.70141E+38    

1.049786       1.843323       4.470852       8.293437       10.52547       9.888171       4.495791       -4.343291      -7.126476      -8.62353       -8.683482      -4.485462      2.142902       6.967021       7.442659       3.949015       -.2802787      -1.127998      1.117376       3.623127       1.70141E+38    1.70141E+38    1.70141E+38    

3.979678       10.19107       17.55861       23.04093       21.59444       12.26687       -5.832703      -11.25128      -10.49025      -8.820231      -5.813607      -3.566248      1.100331       6.656          10.93215       11.6103        6.69065        .9793817       -1.532131      .1524685       1.70141E+38    1.70141E+38    1.70141E+38    

6.211843       17.22924       24.79512       18.15476       6.405022       -3.621256      -9.424625      -11.93626      -11.24053      -7.161559      -3.118205      -4.341614      -1.967879      4.141418       7.892133       10.98599       12.67231       9.605454       4.444937       1.082911       1.70141E+38    1.70141E+38    1.70141E+38    

1.70141E+38    1.70141E+38    1.70141E+38    1.70141E+38    1.70141E+38    1.70141E+38    1.70141E+38    1.70141E+38    1.70141E+38    1.70141E+38    1.70141E+38    1.70141E+38    1.70141E+38    1.70141E+38    1.70141E+38    1.70141E+38    1.70141E+38    1.70141E+38    1.70141E+38    1.70141E+38    1.70141E+38    1.70141E+38    1.70141E+38    

1.70141E+38    1.70141E+38    1.70141E+38    1.70141E+38    1.70141E+38    1.70141E+38    1.70141E+38    1.70141E+38    1.70141E+38    1.70141E+38    1.70141E+38    1.70141E+38    1.70141E+38    1.70141E+38    1.70141E+38    1.70141E+38    1.70141E+38    1.70141E+38    1.70141E+38    1.70141E+38    1.70141E+38    1.70141E+38    1.70141E+38    

1.70141E+38    1.70141E+38    1.70141E+38    1.70141E+38    1.70141E+38    1.70141E+38    1.70141E+38    1.70141E+38    1.70141E+38    1.70141E+38    1.70141E+38    1.70141E+38    1.70141E+38    1.70141E+38    1.70141E+38    1.70141E+38    1.70141E+38    1.70141E+38    1.70141E+38    1.70141E+38    1.70141E+38    1.70141E+38    1.70141E+38    

1.70141E+38    1.70141E+38    1.70141E+38    1.70141E+38    1.70141E+38    1.70141E+38    1.70141E+38    1.70141E+38    1.70141E+38    1.70141E+38    1.70141E+38    1.70141E+38    1.70141E+38    1.70141E+38    1.70141E+38    1.70141E+38    1.70141E+38    1.70141E+38    1.70141E+38    1.70141E+38    1.70141E+38    1.70141E+38    1.70141E+38    

1.70141E+38    1.70141E+38    1.70141E+38    1.70141E+38    1.70141E+38    1.70141E+38    1.70141E+38    1.70141E+38    1.70141E+38    1.70141E+38    1.70141E+38    1.70141E+38    1.70141E+38    1.70141E+38    1.70141E+38    1.70141E+38    1.70141E+38    1.70141E+38    1.70141E+38    1.70141E+38    1.70141E+38    1.70141E+38    1.70141E+38    

1.70141E+38    1.70141E+38    1.70141E+38    1.70141E+38    1.70141E+38    1.70141E+38    1.70141E+38    1.70141E+38    1.70141E+38    1.70141E+38    1.70141E+38    1.70141E+38    1.70141E+38    1.70141E+38    1.70141E+38    1.70141E+38    1.70141E+38    1.70141E+38    1.70141E+38    1.70141E+38    1.70141E+38    1.70141E+38    1.70141E+38    

1.70141E+38    1.70141E+38    1.70141E+38    1.70141E+38    1.70141E+38    1.70141E+38    1.70141E+38    1.70141E+38    1.70141E+38    1.70141E+38    1.70141E+38    1.70141E+38    1.70141E+38    1.70141E+38    1.70141E+38    1.70141E+38    1.70141E+38    1.70141E+38    1.70141E+38    1.70141E+38    1.70141E+38    1.70141E+38    1.70141E+38    

1.70141E+38    1.70141E+38    1.70141E+38    1.70141E+38    1.70141E+38    1.70141E+38    1.70141E+38    1.70141E+38    1.70141E+38    1.70141E+38    1.70141E+38    1.70141E+38    1.70141E+38    1.70141E+38    1.70141E+38    1.70141E+38    1.70141E+38    1.70141E+38    1.70141E+38    1.70141E+38    1.70141E+38    1.70141E+38    1.70141E+38    

