py_wake/examples/data/ParqueFicticio/Ridge area   Sector 3   Height 200m   Flow inclination.grd
DSAA
23  33
 262878   265078
 6504214   6507414
-10.45758   11.61812
1.70141E+38    1.70141E+38    1.70141E+38    1.70141E+38    1.70141E+38    1.70141E+38    1.70141E+38    1.70141E+38    1.70141E+38    1.70141E+38    1.70141E+38    1.70141E+38    1.70141E+38    1.70141E+38    1.70141E+38    1.70141E+38    1.70141E+38    1.70141E+38    1.70141E+38    1.70141E+38    1.70141E+38    1.70141E+38    1.70141E+38    

1.70141E+38    1.70141E+38    1.70141E+38    1.70141E+38    1.70141E+38    1.70141E+38    1.70141E+38    1.70141E+38    1.70141E+38    1.70141E+38    1.70141E+38    1.70141E+38    1.70141E+38    1.70141E+38    1.70141E+38    1.70141E+38    1.70141E+38    1.70141E+38    1.70141E+38    1.70141E+38    1.70141E+38    1.70141E+38    1.70141E+38    

1.70141E+38    1.70141E+38    1.70141E+38    1.70141E+38    1.70141E+38    1.70141E+38    1.70141E+38    1.70141E+38    1.70141E+38    1.70141E+38    1.70141E+38    1.70141E+38    1.70141E+38    1.70141E+38    1.70141E+38    1.70141E+38    1.70141E+38    1.70141E+38    1.70141E+38    1.70141E+38    1.70141E+38    1.70141E+38    1.70141E+38    

1.70141E+38    1.70141E+38    1.70141E+38    1.70141E+38    1.70141E+38    1.70141E+38    1.70141E+38    1.70141E+38    1.70141E+38    1.70141E+38    1.70141E+38    1.70141E+38    1.70141E+38    1.70141E+38    1.70141E+38    1.70141E+38    1.70141E+38    1.70141E+38    1.70141E+38    1.70141E+38    1.70141E+38    1.70141E+38    1.70141E+38    

1.70141E+38    1.70141E+38    1.70141E+38    1.70141E+38    1.70141E+38    1.70141E+38    1.70141E+38    1.70141E+38    1.70141E+38    1.70141E+38    1.70141E+38    1.70141E+38    1.70141E+38    1.70141E+38    1.70141E+38    1.70141E+38    1.70141E+38    1.70141E+38    1.70141E+38    1.70141E+38    1.70141E+38    1.70141E+38    1.70141E+38    

-7.783335      -8.06976       -8.293199      -8.491044      -8.682039      -8.769134      -8.767179      -8.487765      -7.942242      -6.807483      -5.190078      -3.293731      -1.222002      .8535693       2.295244       1.931235       .4368009       -.8556702      -1.569511      -1.716504      1.70141E+38    1.70141E+38    1.70141E+38    

-8.150835      -8.479736      -8.706994      -8.77535       -8.801898      -8.848204      -8.754474      -8.361756      -7.613193      -6.415652      -4.693543      -2.680945      -.553391       1.543977       2.42183        1.385808       -.2708091      -1.268862      -1.512403      -1.090683      1.70141E+38    1.70141E+38    1.70141E+38    

-8.44832       -8.698065      -8.863589      -9.078323      -9.235565      -9.275255      -9.199213      -8.808674      -7.928868      -6.507264      -4.567921      -2.415554      -.1548886      1.860553       2.114687       .6031733       -.9852596      -1.66734       -1.506065      -.6099413      1.70141E+38    1.70141E+38    1.70141E+38    

-8.752832      -9.014503      -9.158007      -9.348811      -9.571435      -9.679797      -9.648496      -9.317259      -8.512726      -7.034613      -4.807611      -2.504169      -.2226352      1.63019        1.625006       .05526935      -1.572615      -2.158647      -1.58161       -.2929043      1.70141E+38    1.70141E+38    1.70141E+38    

-8.935792      -9.273489      -9.46687       -9.637245      -9.814698      -9.818079      -9.625748      -9.083184      -8.29874       -7.025164      -4.977895      -2.664139      -.5569883      .9752105       .9952361       -.476361       -2.028706      -2.542111      -1.704175      -.07619781     1.70141E+38    1.70141E+38    1.70141E+38    

-8.954452      -9.340682      -9.545572      -9.612791      -9.651358      -9.575469      -9.24579       -8.498909      -7.509725      -6.336344      -4.649197      -2.574424      -.6132249      .7674933       .7692825       -.8487926      -2.257611      -2.386001      -1.35386       .4409505       1.70141E+38    1.70141E+38    1.70141E+38    

-8.943244      -9.398919      -9.644663      -9.586558      -9.43617       -9.203421      -8.886911      -8.201685      -7.208073      -5.96673       -4.344996      -2.381215      -.424922       1.066289       1.033121       -.6343076      -1.5789        -1.25759       -.1205413      1.48313        1.70141E+38    1.70141E+38    1.70141E+38    

-8.689798      -9.151418      -9.769876      -9.870513      -9.701445      -9.469763      -9.182199      -8.596924      -7.608616      -6.261344      -4.452697      -2.350775      -.2895001      1.448873       1.675763       .4266257       -.0258234      .5319238       1.547244       2.831254       1.70141E+38    1.70141E+38    1.70141E+38    

-8.323067      -8.593076      -9.42729       -9.980241      -10.28414      -10.24893      -9.977328      -9.537108      -8.62113       -7.125968      -4.93085       -2.494599      -.2571819      1.709801       2.408043       1.959671       1.883777       2.390311       3.228127       4.250072       1.70141E+38    1.70141E+38    1.70141E+38    

-7.955167      -8.010636      -8.634014      -9.251431      -9.995244      -10.45758      -10.24656      -9.708903      -8.780093      -7.370528      -5.125521      -2.521852      -.2046059      1.886873       3.203744       3.678327       3.990481       4.455542       5.144702       5.873648       1.70141E+38    1.70141E+38    1.70141E+38    

-7.456067      -7.288691      -7.609811      -8.115083      -8.76125       -9.389109      -9.354373      -8.796475      -7.756437      -6.366001      -4.45465       -2.185944      .08423918      2.273265       4.180801       5.596262       6.557377       7.033184       7.425805       7.769511       1.70141E+38    1.70141E+38    1.70141E+38    

-6.755354      -6.516304      -6.646739      -7.054386      -7.488197      -7.810208      -7.821314      -7.446601      -6.603516      -5.402063      -3.756475      -1.686287      .5587896       2.87934        5.264136       7.563167       9.344955       9.867407       9.651962       9.344276       1.70141E+38    1.70141E+38    1.70141E+38    

-6.142496      -5.910294      -5.990811      -6.379439      -6.752413      -6.949335      -6.879331      -6.498463      -5.790205      -4.820506      -3.379606      -1.27989       1.116998       3.613703       6.232868       8.830765       10.65256       11.33741       10.96376       10.18159       1.70141E+38    1.70141E+38    1.70141E+38    

-5.742949      -5.589641      -5.767529      -6.251897      -6.620975      -6.760483      -6.680779      -6.37069       -5.767627      -4.891799      -3.338455      -.8398979      1.817412       4.482821       7.295366       9.785821       11.15871       11.61812       11.31911       10.41033       1.70141E+38    1.70141E+38    1.70141E+38    

-5.902134      -5.948332      -6.278716      -6.739099      -7.082092      -7.16888       -7.171105      -6.961207      -6.305405      -4.954072      -2.863821      -.04455047     2.776437       5.631561       8.30006        10.24548       11.14826       11.25543       10.72506       9.988409       1.70141E+38    1.70141E+38    1.70141E+38    

-6.528212      -6.53798       -6.584406      -6.687284      -6.885376      -7.050018      -7.008514      -6.692568      -5.87018       -4.12112       -1.661579      1.026219       3.865097       7.161162       9.627062       10.55854       10.64049       10.30577       9.79228        9.312036       1.70141E+38    1.70141E+38    1.70141E+38    

-6.511686      -6.33516       -6.286689      -6.285985      -6.388603      -6.425305      -6.321911      -5.698646      -4.516879      -2.562097      -.2163451      2.217545       4.850466       7.873816       10.27045       10.89605       10.5377        9.88618        9.265048       8.894175       1.70141E+38    1.70141E+38    1.70141E+38    

-6.265663      -6.15671       -6.202471      -6.305802      -6.325692      -6.165092      -5.734131      -4.554148      -2.788106      -.7899495      1.394165       3.646279       5.758602       7.765313       9.390382       10.11033       10.19019       9.833374       9.263748       8.815845       1.70141E+38    1.70141E+38    1.70141E+38    

-6.251688      -6.359716      -6.577078      -6.658684      -6.354918      -5.716143      -4.655626      -3.038807      -1.106271      .9558554       3.198431       5.402192       6.856926       7.856826       8.565866       8.742045       8.960466       9.208397       9.064726       8.735237       1.70141E+38    1.70141E+38    1.70141E+38    

-6.684269      -7.001256      -7.151968      -6.794947      -5.978695      -4.792375      -3.228923      -1.434424      .559439        2.639805       4.786633       6.809658       7.735096       8.141405       8.2588         7.833708       7.696249       7.920236       8.117607       8.03931        1.70141E+38    1.70141E+38    1.70141E+38    

1.70141E+38    1.70141E+38    1.70141E+38    1.70141E+38    1.70141E+38    1.70141E+38    1.70141E+38    1.70141E+38    1.70141E+38    1.70141E+38    1.70141E+38    1.70141E+38    1.70141E+38    1.70141E+38    1.70141E+38    1.70141E+38    1.70141E+38    1.70141E+38    1.70141E+38    1.70141E+38    1.70141E+38    1.70141E+38    1.70141E+38    

1.70141E+38    1.70141E+38    1.70141E+38    1.70141E+38    1.70141E+38    1.70141E+38    1.70141E+38    1.70141E+38    1.70141E+38    1.70141E+38    1.70141E+38    1.70141E+38    1.70141E+38    1.70141E+38    1.70141E+38    1.70141E+38    1.70141E+38    1.70141E+38    1.70141E+38    1.70141E+38    1.70141E+38    1.70141E+38    1.70141E+38    

1.70141E+38    1.70141E+38    1.70141E+38    1.70141E+38    1.70141E+38    1.70141E+38    1.70141E+38    1.70141E+38    1.70141E+38    1.70141E+38    1.70141E+38    1.70141E+38    1.70141E+38    1.70141E+38    1.70141E+38    1.70141E+38    1.70141E+38    1.70141E+38    1.70141E+38    1.70141E+38    1.70141E+38    1.70141E+38    1.70141E+38    

1.70141E+38    1.70141E+38    1.70141E+38    1.70141E+38    1.70141E+38    1.70141E+38    1.70141E+38    1.70141E+38    1.70141E+38    1.70141E+38    1.70141E+38    1.70141E+38    1.70141E+38    1.70141E+38    1.70141E+38    1.70141E+38    1.70141E+38    1.70141E+38    1.70141E+38    1.70141E+38    1.70141E+38    1.70141E+38    1.70141E+38    

1.70141E+38    1.70141E+38    1.70141E+38    1.70141E+38    1.70141E+38    1.70141E+38    1.70141E+38    1.70141E+38    1.70141E+38    1.70141E+38    1.70141E+38    1.70141E+38    1.70141E+38    1.70141E+38    1.70141E+38    1.70141E+38    1.70141E+38    1.70141E+38    1.70141E+38    1.70141E+38    1.70141E+38    1.70141E+38    1.70141E+38    

1.70141E+38    1.70141E+38    1.70141E+38    1.70141E+38    1.70141E+38    1.70141E+38    1.70141E+38    1.70141E+38    1.70141E+38    1.70141E+38    1.70141E+38    1.70141E+38    1.70141E+38    1.70141E+38    1.70141E+38    1.70141E+38    1.70141E+38    1.70141E+38    1.70141E+38    1.70141E+38    1.70141E+38    1.70141E+38    1.70141E+38    

1.70141E+38    1.70141E+38    1.70141E+38    1.70141E+38    1.70141E+38    1.70141E+38    1.70141E+38    1.70141E+38    1.70141E+38    1.70141E+38    1.70141E+38    1.70141E+38    1.70141E+38    1.70141E+38    1.70141E+38    1.70141E+38    1.70141E+38    1.70141E+38    1.70141E+38    1.70141E+38    1.70141E+38    1.70141E+38    1.70141E+38    

1.70141E+38    1.70141E+38    1.70141E+38    1.70141E+38    1.70141E+38    1.70141E+38    1.70141E+38    1.70141E+38    1.70141E+38    1.70141E+38    1.70141E+38    1.70141E+38    1.70141E+38    1.70141E+38    1.70141E+38    1.70141E+38    1.70141E+38    1.70141E+38    1.70141E+38    1.70141E+38    1.70141E+38    1.70141E+38    1.70141E+38    

