py_wake/examples/data/ParqueFicticio/Ridge area   Sector 3   Height 200m   Weibull-k.grd
DSAA
23  33
 262878   265078
 6504214   6507414
 2.791016   3.037109
1.70141E+38    1.70141E+38    1.70141E+38    1.70141E+38    1.70141E+38    1.70141E+38    1.70141E+38    1.70141E+38    1.70141E+38    1.70141E+38    1.70141E+38    1.70141E+38    1.70141E+38    1.70141E+38    1.70141E+38    1.70141E+38    1.70141E+38    1.70141E+38    1.70141E+38    1.70141E+38    1.70141E+38    1.70141E+38    1.70141E+38    

1.70141E+38    1.70141E+38    1.70141E+38    1.70141E+38    1.70141E+38    1.70141E+38    1.70141E+38    1.70141E+38    1.70141E+38    1.70141E+38    1.70141E+38    1.70141E+38    1.70141E+38    1.70141E+38    1.70141E+38    1.70141E+38    1.70141E+38    1.70141E+38    1.70141E+38    1.70141E+38    1.70141E+38    1.70141E+38    1.70141E+38    

1.70141E+38    1.70141E+38    1.70141E+38    1.70141E+38    1.70141E+38    1.70141E+38    1.70141E+38    1.70141E+38    1.70141E+38    1.70141E+38    1.70141E+38    1.70141E+38    1.70141E+38    1.70141E+38    1.70141E+38    1.70141E+38    1.70141E+38    1.70141E+38    1.70141E+38    1.70141E+38    1.70141E+38    1.70141E+38    1.70141E+38    

1.70141E+38    1.70141E+38    1.70141E+38    1.70141E+38    1.70141E+38    1.70141E+38    1.70141E+38    1.70141E+38    1.70141E+38    1.70141E+38    1.70141E+38    1.70141E+38    1.70141E+38    1.70141E+38    1.70141E+38    1.70141E+38    1.70141E+38    1.70141E+38    1.70141E+38    1.70141E+38    1.70141E+38    1.70141E+38    1.70141E+38    

1.70141E+38    1.70141E+38    1.70141E+38    1.70141E+38    1.70141E+38    1.70141E+38    1.70141E+38    1.70141E+38    1.70141E+38    1.70141E+38    1.70141E+38    1.70141E+38    1.70141E+38    1.70141E+38    1.70141E+38    1.70141E+38    1.70141E+38    1.70141E+38    1.70141E+38    1.70141E+38    1.70141E+38    1.70141E+38    1.70141E+38    

2.998047       2.990234       2.978516       2.958984       2.943359       2.927734       2.912109       2.896484       2.876953       2.865234       2.861328       2.865234       2.880859       2.896484       2.865234       2.908203       2.935547       2.923828       2.861328       2.791016       1.70141E+38    1.70141E+38    1.70141E+38    

2.998047       2.990234       2.978516       2.962891       2.947266       2.931641       2.916016       2.900391       2.884766       2.869141       2.861328       2.869141       2.880859       2.904297       2.923828       2.935547       2.931641       2.923828       2.849609       2.791016       1.70141E+38    1.70141E+38    1.70141E+38    

2.998047       2.990234       2.978516       2.962891       2.947266       2.931641       2.912109       2.892578       2.876953       2.861328       2.857422       2.865234       2.880859       2.908203       2.935547       2.939453       2.935547       2.919922       2.861328       2.810547       1.70141E+38    1.70141E+38    1.70141E+38    

3.005859       2.998047       2.986328       2.974609       2.955078       2.939453       2.916016       2.892578       2.869141       2.853516       2.849609       2.861328       2.876953       2.912109       2.947266       2.955078       2.947266       2.927734       2.892578       2.845703       1.70141E+38    1.70141E+38    1.70141E+38    

3.013672       3.009766       2.998047       2.986328       2.974609       2.955078       2.939453       2.916016       2.892578       2.869141       2.857422       2.869141       2.888672       2.923828       2.962891       2.974609       2.966797       2.951172       2.912109       2.869141       1.70141E+38    1.70141E+38    1.70141E+38    

3.013672       3.013672       3.005859       2.994141       2.982422       2.970703       2.955078       2.935547       2.912109       2.892578       2.876953       2.880859       2.900391       2.939453       2.978516       2.974609       2.982422       2.955078       2.908203       2.873047       1.70141E+38    1.70141E+38    1.70141E+38    

3.009766       3.013672       3.009766       2.998047       2.986328       2.974609       2.958984       2.939453       2.919922       2.900391       2.888672       2.892578       2.908203       2.947266       2.958984       2.935547       2.939453       2.919922       2.896484       2.876953       1.70141E+38    1.70141E+38    1.70141E+38    

3.009766       3.017578       3.013672       3.001953       2.986328       2.974609       2.955078       2.935547       2.916016       2.896484       2.888672       2.892578       2.908203       2.947266       2.916016       2.884766       2.892578       2.896484       2.892578       2.888672       1.70141E+38    1.70141E+38    1.70141E+38    

3.017578       3.021484       3.025391       3.013672       2.998047       2.978516       2.958984       2.935547       2.916016       2.892578       2.884766       2.892578       2.908203       2.939453       2.896484       2.861328       2.865234       2.873047       2.880859       2.888672       1.70141E+38    1.70141E+38    1.70141E+38    

3.029297       3.029297       3.033203       3.025391       3.017578       2.998047       2.978516       2.955078       2.935547       2.912109       2.896484       2.896484       2.912109       2.939453       2.904297       2.853516       2.853516       2.857422       2.869141       2.888672       1.70141E+38    1.70141E+38    1.70141E+38    

3.033203       3.037109       3.037109       3.037109       3.029297       3.017578       2.998047       2.978516       2.955078       2.931641       2.916016       2.908203       2.916016       2.935547       2.939453       2.853516       2.845703       2.845703       2.865234       2.900391       1.70141E+38    1.70141E+38    1.70141E+38    

3.033203       3.033203       3.037109       3.037109       3.029297       3.017578       3.001953       2.982422       2.962891       2.939453       2.919922       2.912109       2.916016       2.931641       2.958984       2.876953       2.845703       2.849609       2.876953       2.927734       1.70141E+38    1.70141E+38    1.70141E+38    

3.025391       3.025391       3.025391       3.029297       3.021484       3.009766       2.994141       2.974609       2.955078       2.931641       2.912109       2.904297       2.908203       2.923828       2.947266       2.970703       2.904297       2.884766       2.904297       2.966797       1.70141E+38    1.70141E+38    1.70141E+38    

3.009766       3.009766       3.009766       3.009766       3.001953       2.994141       2.978516       2.958984       2.939453       2.916016       2.900391       2.896484       2.904297       2.916016       2.935547       2.962891       2.990234       3.001953       3.005859       3.005859       1.70141E+38    1.70141E+38    1.70141E+38    

2.998047       2.994141       2.994141       2.994141       2.986328       2.978516       2.962891       2.947266       2.927734       2.912109       2.896484       2.896484       2.896484       2.908203       2.927734       2.955078       2.974609       2.986328       2.990234       2.990234       1.70141E+38    1.70141E+38    1.70141E+38    

3.001953       2.998047       2.998047       2.994141       2.970703       2.955078       2.943359       2.935547       2.927734       2.919922       2.908203       2.900391       2.896484       2.900391       2.916016       2.943359       2.962891       2.978516       2.982422       2.986328       1.70141E+38    1.70141E+38    1.70141E+38    

2.966797       2.978516       2.974609       2.966797       2.947266       2.927734       2.908203       2.896484       2.888672       2.912109       2.919922       2.908203       2.900391       2.896484       2.908203       2.931641       2.951172       2.962891       2.974609       2.982422       1.70141E+38    1.70141E+38    1.70141E+38    

2.935547       2.947266       2.947266       2.939453       2.916016       2.888672       2.865234       2.861328       2.876953       2.912109       2.919922       2.908203       2.900391       2.900391       2.908203       2.923828       2.935547       2.947266       2.958984       2.966797       1.70141E+38    1.70141E+38    1.70141E+38    

2.916016       2.919922       2.919922       2.916016       2.904297       2.880859       2.857422       2.857422       2.884766       2.919922       2.908203       2.896484       2.892578       2.896484       2.908203       2.919922       2.927734       2.935547       2.939453       2.947266       1.70141E+38    1.70141E+38    1.70141E+38    

2.912109       2.908203       2.912109       2.919922       2.919922       2.908203       2.896484       2.892578       2.916016       2.900391       2.884766       2.873047       2.873047       2.880859       2.896484       2.916016       2.927734       2.931641       2.935547       2.939453       1.70141E+38    1.70141E+38    1.70141E+38    

1.70141E+38    1.70141E+38    1.70141E+38    1.70141E+38    1.70141E+38    1.70141E+38    1.70141E+38    1.70141E+38    1.70141E+38    1.70141E+38    1.70141E+38    1.70141E+38    1.70141E+38    1.70141E+38    1.70141E+38    1.70141E+38    1.70141E+38    1.70141E+38    1.70141E+38    1.70141E+38    1.70141E+38    1.70141E+38    1.70141E+38    

1.70141E+38    1.70141E+38    1.70141E+38    1.70141E+38    1.70141E+38    1.70141E+38    1.70141E+38    1.70141E+38    1.70141E+38    1.70141E+38    1.70141E+38    1.70141E+38    1.70141E+38    1.70141E+38    1.70141E+38    1.70141E+38    1.70141E+38    1.70141E+38    1.70141E+38    1.70141E+38    1.70141E+38    1.70141E+38    1.70141E+38    

1.70141E+38    1.70141E+38    1.70141E+38    1.70141E+38    1.70141E+38    1.70141E+38    1.70141E+38    1.70141E+38    1.70141E+38    1.70141E+38    1.70141E+38    1.70141E+38    1.70141E+38    1.70141E+38    1.70141E+38    1.70141E+38    1.70141E+38    1.70141E+38    1.70141E+38    1.70141E+38    1.70141E+38    1.70141E+38    1.70141E+38    

1.70141E+38    1.70141E+38    1.70141E+38    1.70141E+38    1.70141E+38    1.70141E+38    1.70141E+38    1.70141E+38    1.70141E+38    1.70141E+38    1.70141E+38    1.70141E+38    1.70141E+38    1.70141E+38    1.70141E+38    1.70141E+38    1.70141E+38    1.70141E+38    1.70141E+38    1.70141E+38    1.70141E+38    1.70141E+38    1.70141E+38    

1.70141E+38    1.70141E+38    1.70141E+38    1.70141E+38    1.70141E+38    1.70141E+38    1.70141E+38    1.70141E+38    1.70141E+38    1.70141E+38    1.70141E+38    1.70141E+38    1.70141E+38    1.70141E+38    1.70141E+38    1.70141E+38    1.70141E+38    1.70141E+38    1.70141E+38    1.70141E+38    1.70141E+38    1.70141E+38    1.70141E+38    

1.70141E+38    1.70141E+38    1.70141E+38    1.70141E+38    1.70141E+38    1.70141E+38    1.70141E+38    1.70141E+38    1.70141E+38    1.70141E+38    1.70141E+38    1.70141E+38    1.70141E+38    1.70141E+38    1.70141E+38    1.70141E+38    1.70141E+38    1.70141E+38    1.70141E+38    1.70141E+38    1.70141E+38    1.70141E+38    1.70141E+38    

1.70141E+38    1.70141E+38    1.70141E+38    1.70141E+38    1.70141E+38    1.70141E+38    1.70141E+38    1.70141E+38    1.70141E+38    1.70141E+38    1.70141E+38    1.70141E+38    1.70141E+38    1.70141E+38    1.70141E+38    1.70141E+38    1.70141E+38    1.70141E+38    1.70141E+38    1.70141E+38    1.70141E+38    1.70141E+38    1.70141E+38    

1.70141E+38    1.70141E+38    1.70141E+38    1.70141E+38    1.70141E+38    1.70141E+38    1.70141E+38    1.70141E+38    1.70141E+38    1.70141E+38    1.70141E+38    1.70141E+38    1.70141E+38    1.70141E+38    1.70141E+38    1.70141E+38    1.70141E+38    1.70141E+38    1.70141E+38    1.70141E+38    1.70141E+38    1.70141E+38    1.70141E+38    

