py_wake/examples/data/ParqueFicticio/Ridge area   Sector 2   Height 30m   Weibull-A.grd
DSAA
23  33
 262878   265078
 6504214   6507414
 .3528547   5.467969
1.70141E+38    1.70141E+38    1.70141E+38    1.70141E+38    1.70141E+38    1.70141E+38    1.70141E+38    1.70141E+38    1.70141E+38    1.70141E+38    1.70141E+38    1.70141E+38    1.70141E+38    1.70141E+38    1.70141E+38    1.70141E+38    1.70141E+38    1.70141E+38    1.70141E+38    1.70141E+38    1.70141E+38    1.70141E+38    1.70141E+38    

1.70141E+38    1.70141E+38    1.70141E+38    1.70141E+38    1.70141E+38    1.70141E+38    1.70141E+38    1.70141E+38    1.70141E+38    1.70141E+38    1.70141E+38    1.70141E+38    1.70141E+38    1.70141E+38    1.70141E+38    1.70141E+38    1.70141E+38    1.70141E+38    1.70141E+38    1.70141E+38    1.70141E+38    1.70141E+38    1.70141E+38    

1.70141E+38    1.70141E+38    1.70141E+38    1.70141E+38    1.70141E+38    1.70141E+38    1.70141E+38    1.70141E+38    1.70141E+38    1.70141E+38    1.70141E+38    1.70141E+38    1.70141E+38    1.70141E+38    1.70141E+38    1.70141E+38    1.70141E+38    1.70141E+38    1.70141E+38    1.70141E+38    1.70141E+38    1.70141E+38    1.70141E+38    

1.70141E+38    1.70141E+38    1.70141E+38    1.70141E+38    1.70141E+38    1.70141E+38    1.70141E+38    1.70141E+38    1.70141E+38    1.70141E+38    1.70141E+38    1.70141E+38    1.70141E+38    1.70141E+38    1.70141E+38    1.70141E+38    1.70141E+38    1.70141E+38    1.70141E+38    1.70141E+38    1.70141E+38    1.70141E+38    1.70141E+38    

1.70141E+38    1.70141E+38    1.70141E+38    1.70141E+38    1.70141E+38    1.70141E+38    1.70141E+38    1.70141E+38    1.70141E+38    1.70141E+38    1.70141E+38    1.70141E+38    1.70141E+38    1.70141E+38    1.70141E+38    1.70141E+38    1.70141E+38    1.70141E+38    1.70141E+38    1.70141E+38    1.70141E+38    1.70141E+38    1.70141E+38    

1.635157       1.636049       1.655952       1.708762       1.803146       1.984742       2.112099       2.366467       2.494092       2.791815       3.262348       3.500217       3.549523       3.017993       1.285251       1.391138       1.242895       1.340981       1.255539       1.123834       1.70141E+38    1.70141E+38    1.70141E+38    

1.657686       1.664085       1.674652       1.680193       1.727955       1.870007       2.150398       2.553908       2.9001         3.145863       3.466356       3.641244       3.427305       2.586913       1.387429       1.073577       1.094467       .6071338       .8344589       2.328936       1.70141E+38    1.70141E+38    1.70141E+38    

1.599359       1.727465       1.864409       1.797743       1.567975       1.465592       1.531478       1.887813       2.472214       3.005144       3.397568       3.518083       3.072402       2.209507       1.557207       .8886852       .604503        .5859015       1.601396       2.862044       1.70141E+38    1.70141E+38    1.70141E+38    

1.447685       1.627979       1.790895       1.811309       1.627866       1.436825       1.321557       1.437808       1.847922       2.403685       3.138345       3.521715       2.871066       2.044378       1.631876       1.148999       .5409029       .7644492       2.206606       3.245025       1.70141E+38    1.70141E+38    1.70141E+38    

1.218194       1.492985       1.691847       1.783192       1.747764       1.773109       1.875566       2.085542       2.295578       2.589402       3.101379       3.5327         3.161492       2.460748       1.819463       1.609556       1.292849       .8678915       2.272851       3.450809       1.70141E+38    1.70141E+38    1.70141E+38    

1.117652       1.38659        1.725421       2.032289       2.20038        2.355275       2.667181       3.118086       3.424706       3.516257       3.710876       3.990685       3.756028       3.008349       1.393501       1.840483       .7904444       1.077816       2.611887       3.826754       1.70141E+38    1.70141E+38    1.70141E+38    

1.284582       1.11783        1.66893        2.194201       2.597066       2.910635       3.164105       3.546616       3.812568       3.941504       4.091865       4.308189       4.13061        3.305442       1.190639       2.047574       1.153635       2.18314        3.71801        4.469282       1.70141E+38    1.70141E+38    1.70141E+38    

1.969421       1.052786       1.100251       1.636571       2.163897       2.454951       2.476106       2.783125       3.193522       3.544921       3.927159       4.288495       4.269044       3.653345       1.860943       2.642113       2.68041        4.403526       4.866557       4.958926       1.70141E+38    1.70141E+38    1.70141E+38    

2.651996       2.035513       1.159705       .9932145       1.032339       1.037155       1.644469       1.616128       1.997085       2.672867       3.574608       4.264897       4.343184       3.887667       3.376369       3.775512       4.921423       5.410495       5.466194       5.198338       1.70141E+38    1.70141E+38    1.70141E+38    

3.143965       2.777375       2.113623       1.955541       1.287108       1.461018       1.841739       1.980823       2.368664       2.861967       3.697984       4.473745       4.567237       4.337046       4.449263       5.036428       5.467969       5.46445        5.241347       4.99162        1.70141E+38    1.70141E+38    1.70141E+38    

3.532874       3.489325       3.12618        3.070607       2.787523       2.480271       2.751905       3.138285       3.648011       4.097767       4.53312        4.81778        4.880083       4.829153       5.015162       5.196609       4.976751       4.682469       4.421541       4.193375       1.70141E+38    1.70141E+38    1.70141E+38    

4.026596       4.068645       3.844573       3.645835       3.636305       3.723002       3.902869       4.054799       4.377416       4.613075       4.763627       4.878696       4.860178       5.022985       4.976744       4.529552       3.780785       3.516894       3.535563       3.560115       1.70141E+38    1.70141E+38    1.70141E+38    

3.873474       3.832075       3.431861       2.987337       3.241534       3.398671       3.656444       3.90056        4.094808       4.07932        4.169416       4.56421        4.872742       5.044744       4.878704       4.351828       3.082431       2.217384       3.038426       2.669817       1.70141E+38    1.70141E+38    1.70141E+38    

3.32842        2.738342       2.004895       1.808657       1.979346       2.096038       2.140857       2.085866       2.180735       2.136391       3.025311       4.35693        4.969507       4.960581       4.525959       4.011068       2.306389       2.420584       2.555857       2.668029       1.70141E+38    1.70141E+38    1.70141E+38    

2.16571        1.455958       1.132218       1.099438       1.227811       1.330619       .940943        .4194364       .3528547       1.236821       3.275574       4.64196        4.949075       4.73304        4.174155       3.735374       3.41755        1.758729       2.71845        2.493284       1.70141E+38    1.70141E+38    1.70141E+38    

1.692435       1.568116       2.083611       2.391947       2.377969       2.078735       1.739628       1.20249        .7943917       2.847473       4.537143       5.067322       4.939548       4.078681       3.56077        3.412939       3.394516       3.349205       3.32821        3.189366       1.70141E+38    1.70141E+38    1.70141E+38    

3.147966       3.460722       3.560074       3.662711       3.296259       3.042649       2.802468       3.096076       3.624149       4.595282       5.236399       5.281826       4.815225       3.976727       3.169559       2.856445       2.999393       3.238158       3.403197       3.39671        1.70141E+38    1.70141E+38    1.70141E+38    

3.853736       3.902201       3.411122       2.673227       2.119157       1.797128       2.153865       4.040006       4.871359       5.271671       5.370855       4.989977       4.532168       3.980467       3.484871       3.03719        2.456194       2.449167       2.852958       3.067123       1.70141E+38    1.70141E+38    1.70141E+38    

3.502707       3.045567       2.286205       1.591788       .9878464       1.249453       3.333443       4.694351       5.255945       5.290232       4.790626       4.210622       3.978597       3.760096       3.55921        3.401599       3.087902       2.363399       1.987445       2.240124       1.70141E+38    1.70141E+38    1.70141E+38    

2.524268       2.343917       2.32859        2.798165       3.403992       4.056324       4.735083       5.125701       5.095785       4.700587       4.150956       3.585269       3.453956       3.347393       3.168533       3.354316       3.366098       3.052178       2.597394       2.161513       1.70141E+38    1.70141E+38    1.70141E+38    

1.70141E+38    1.70141E+38    1.70141E+38    1.70141E+38    1.70141E+38    1.70141E+38    1.70141E+38    1.70141E+38    1.70141E+38    1.70141E+38    1.70141E+38    1.70141E+38    1.70141E+38    1.70141E+38    1.70141E+38    1.70141E+38    1.70141E+38    1.70141E+38    1.70141E+38    1.70141E+38    1.70141E+38    1.70141E+38    1.70141E+38    

1.70141E+38    1.70141E+38    1.70141E+38    1.70141E+38    1.70141E+38    1.70141E+38    1.70141E+38    1.70141E+38    1.70141E+38    1.70141E+38    1.70141E+38    1.70141E+38    1.70141E+38    1.70141E+38    1.70141E+38    1.70141E+38    1.70141E+38    1.70141E+38    1.70141E+38    1.70141E+38    1.70141E+38    1.70141E+38    1.70141E+38    

1.70141E+38    1.70141E+38    1.70141E+38    1.70141E+38    1.70141E+38    1.70141E+38    1.70141E+38    1.70141E+38    1.70141E+38    1.70141E+38    1.70141E+38    1.70141E+38    1.70141E+38    1.70141E+38    1.70141E+38    1.70141E+38    1.70141E+38    1.70141E+38    1.70141E+38    1.70141E+38    1.70141E+38    1.70141E+38    1.70141E+38    

1.70141E+38    1.70141E+38    1.70141E+38    1.70141E+38    1.70141E+38    1.70141E+38    1.70141E+38    1.70141E+38    1.70141E+38    1.70141E+38    1.70141E+38    1.70141E+38    1.70141E+38    1.70141E+38    1.70141E+38    1.70141E+38    1.70141E+38    1.70141E+38    1.70141E+38    1.70141E+38    1.70141E+38    1.70141E+38    1.70141E+38    

1.70141E+38    1.70141E+38    1.70141E+38    1.70141E+38    1.70141E+38    1.70141E+38    1.70141E+38    1.70141E+38    1.70141E+38    1.70141E+38    1.70141E+38    1.70141E+38    1.70141E+38    1.70141E+38    1.70141E+38    1.70141E+38    1.70141E+38    1.70141E+38    1.70141E+38    1.70141E+38    1.70141E+38    1.70141E+38    1.70141E+38    

1.70141E+38    1.70141E+38    1.70141E+38    1.70141E+38    1.70141E+38    1.70141E+38    1.70141E+38    1.70141E+38    1.70141E+38    1.70141E+38    1.70141E+38    1.70141E+38    1.70141E+38    1.70141E+38    1.70141E+38    1.70141E+38    1.70141E+38    1.70141E+38    1.70141E+38    1.70141E+38    1.70141E+38    1.70141E+38    1.70141E+38    

1.70141E+38    1.70141E+38    1.70141E+38    1.70141E+38    1.70141E+38    1.70141E+38    1.70141E+38    1.70141E+38    1.70141E+38    1.70141E+38    1.70141E+38    1.70141E+38    1.70141E+38    1.70141E+38    1.70141E+38    1.70141E+38    1.70141E+38    1.70141E+38    1.70141E+38    1.70141E+38    1.70141E+38    1.70141E+38    1.70141E+38    

1.70141E+38    1.70141E+38    1.70141E+38    1.70141E+38    1.70141E+38    1.70141E+38    1.70141E+38    1.70141E+38    1.70141E+38    1.70141E+38    1.70141E+38    1.70141E+38    1.70141E+38    1.70141E+38    1.70141E+38    1.70141E+38    1.70141E+38    1.70141E+38    1.70141E+38    1.70141E+38    1.70141E+38    1.70141E+38    1.70141E+38    

