py_wake/examples/data/ParqueFicticio/Ridge area   Sector 10   Height 200m   Weibull-k.grd
DSAA
23  33
 262878   265078
 6504214   6507414
 1.587891   2.619141
1.70141E+38    1.70141E+38    1.70141E+38    1.70141E+38    1.70141E+38    1.70141E+38    1.70141E+38    1.70141E+38    1.70141E+38    1.70141E+38    1.70141E+38    1.70141E+38    1.70141E+38    1.70141E+38    1.70141E+38    1.70141E+38    1.70141E+38    1.70141E+38    1.70141E+38    1.70141E+38    1.70141E+38    1.70141E+38    1.70141E+38    

1.70141E+38    1.70141E+38    1.70141E+38    1.70141E+38    1.70141E+38    1.70141E+38    1.70141E+38    1.70141E+38    1.70141E+38    1.70141E+38    1.70141E+38    1.70141E+38    1.70141E+38    1.70141E+38    1.70141E+38    1.70141E+38    1.70141E+38    1.70141E+38    1.70141E+38    1.70141E+38    1.70141E+38    1.70141E+38    1.70141E+38    

1.70141E+38    1.70141E+38    1.70141E+38    1.70141E+38    1.70141E+38    1.70141E+38    1.70141E+38    1.70141E+38    1.70141E+38    1.70141E+38    1.70141E+38    1.70141E+38    1.70141E+38    1.70141E+38    1.70141E+38    1.70141E+38    1.70141E+38    1.70141E+38    1.70141E+38    1.70141E+38    1.70141E+38    1.70141E+38    1.70141E+38    

1.70141E+38    1.70141E+38    1.70141E+38    1.70141E+38    1.70141E+38    1.70141E+38    1.70141E+38    1.70141E+38    1.70141E+38    1.70141E+38    1.70141E+38    1.70141E+38    1.70141E+38    1.70141E+38    1.70141E+38    1.70141E+38    1.70141E+38    1.70141E+38    1.70141E+38    1.70141E+38    1.70141E+38    1.70141E+38    1.70141E+38    

1.70141E+38    1.70141E+38    1.70141E+38    1.70141E+38    1.70141E+38    1.70141E+38    1.70141E+38    1.70141E+38    1.70141E+38    1.70141E+38    1.70141E+38    1.70141E+38    1.70141E+38    1.70141E+38    1.70141E+38    1.70141E+38    1.70141E+38    1.70141E+38    1.70141E+38    1.70141E+38    1.70141E+38    1.70141E+38    1.70141E+38    

2.384766       2.384766       2.380859       2.384766       2.384766       2.384766       2.384766       2.384766       2.388672       2.392578       2.388672       2.380859       2.373047       2.373047       2.373047       2.361328       2.236328       2.052734       2.138672       2.271484       1.70141E+38    1.70141E+38    1.70141E+38    

2.384766       2.384766       2.384766       2.388672       2.388672       2.388672       2.388672       2.388672       2.392578       2.392578       2.388672       2.384766       2.380859       2.376953       2.376953       2.349609       2.181641       2.158203       2.298828       2.341797       1.70141E+38    1.70141E+38    1.70141E+38    

2.388672       2.388672       2.388672       2.388672       2.388672       2.388672       2.388672       2.388672       2.392578       2.392578       2.388672       2.380859       2.376953       2.373047       2.373047       2.361328       2.267578       2.306641       2.345703       2.357422       1.70141E+38    1.70141E+38    1.70141E+38    

2.388672       2.388672       2.388672       2.388672       2.388672       2.388672       2.388672       2.388672       2.392578       2.384766       2.380859       2.373047       2.369141       2.361328       2.357422       2.361328       2.111328       2.259766       2.365234       2.369141       1.70141E+38    1.70141E+38    1.70141E+38    

2.388672       2.388672       2.388672       2.392578       2.392578       2.392578       2.392578       2.392578       2.392578       2.380859       2.373047       2.369141       2.361328       2.353516       2.345703       2.345703       2.349609       2.365234       2.369141       2.369141       1.70141E+38    1.70141E+38    1.70141E+38    

2.388672       2.388672       2.392578       2.392578       2.392578       2.392578       2.392578       2.392578       2.396484       2.388672       2.376953       2.369141       2.361328       2.357422       2.349609       2.345703       2.353516       2.369141       2.373047       2.376953       1.70141E+38    1.70141E+38    1.70141E+38    

2.388672       2.388672       2.388672       2.392578       2.392578       2.396484       2.396484       2.396484       2.396484       2.392578       2.380859       2.376953       2.369141       2.361328       2.361328       2.361328       2.369141       2.376953       2.376953       2.380859       1.70141E+38    1.70141E+38    1.70141E+38    

2.388672       2.388672       2.388672       2.392578       2.392578       2.396484       2.396484       2.396484       2.396484       2.392578       2.384766       2.376953       2.373047       2.369141       2.369141       2.373047       2.380859       2.384766       2.384766       2.384766       1.70141E+38    1.70141E+38    1.70141E+38    

2.388672       2.388672       2.388672       2.388672       2.392578       2.396484       2.396484       2.396484       2.392578       2.388672       2.380859       2.376953       2.373047       2.373047       2.376953       2.380859       2.384766       2.384766       2.388672       2.392578       1.70141E+38    1.70141E+38    1.70141E+38    

2.392578       2.388672       2.388672       2.388672       2.392578       2.392578       2.396484       2.392578       2.388672       2.380859       2.376953       2.373047       2.373047       2.373047       2.376953       2.380859       2.384766       2.388672       2.392578       2.396484       1.70141E+38    1.70141E+38    1.70141E+38    

2.388672       2.388672       2.388672       2.388672       2.392578       2.392578       2.392578       2.384766       2.380859       2.376953       2.373047       2.373047       2.373047       2.373047       2.376953       2.380859       2.384766       2.388672       2.392578       2.400391       1.70141E+38    1.70141E+38    1.70141E+38    

2.388672       2.388672       2.388672       2.388672       2.392578       2.392578       2.388672       2.380859       2.376953       2.373047       2.373047       2.369141       2.369141       2.369141       2.376953       2.380859       2.384766       2.388672       2.392578       2.400391       1.70141E+38    1.70141E+38    1.70141E+38    

2.388672       2.388672       2.388672       2.388672       2.392578       2.388672       2.380859       2.373047       2.369141       2.369141       2.365234       2.365234       2.365234       2.365234       2.373047       2.376953       2.384766       2.404297       2.353516       2.302734       1.70141E+38    1.70141E+38    1.70141E+38    

2.388672       2.388672       2.388672       2.388672       2.384766       2.380859       2.373047       2.369141       2.365234       2.357422       2.353516       2.353516       2.353516       2.357422       2.365234       2.369141       2.376953       2.396484       1.916016       1.587891       1.70141E+38    1.70141E+38    1.70141E+38    

2.380859       2.384766       2.384766       2.376953       2.373047       2.369141       2.365234       2.357422       2.353516       2.345703       2.337891       2.341797       2.345703       2.349609       2.357422       2.361328       2.373047       2.361328       2.373047       2.341797       1.70141E+38    1.70141E+38    1.70141E+38    

2.376953       2.380859       2.376953       2.376953       2.373047       2.369141       2.361328       2.353516       2.341797       2.333984       2.330078       2.333984       2.337891       2.341797       2.349609       2.353516       2.333984       2.279297       2.310547       2.341797       1.70141E+38    1.70141E+38    1.70141E+38    

2.376953       2.376953       2.373047       2.373047       2.373047       2.365234       2.357422       2.345703       2.333984       2.326172       2.326172       2.333984       2.337891       2.341797       2.349609       2.345703       2.162109       2.001953       2.033203       2.134766       1.70141E+38    1.70141E+38    1.70141E+38    

2.369141       2.369141       2.369141       2.369141       2.365234       2.361328       2.345703       2.333984       2.326172       2.326172       2.326172       2.330078       2.341797       2.349609       2.357422       2.365234       2.369141       1.607422       2.619141       2.162109       1.70141E+38    1.70141E+38    1.70141E+38    

2.365234       2.365234       2.365234       2.361328       2.357422       2.345703       2.333984       2.326172       2.322266       2.322266       2.326172       2.330078       2.341797       2.357422       2.369141       2.376953       2.380859       2.376953       2.400391       2.404297       1.70141E+38    1.70141E+38    1.70141E+38    

2.357422       2.361328       2.357422       2.353516       2.345703       2.337891       2.326172       2.322266       2.318359       2.322266       2.330078       2.337891       2.345703       2.357422       2.373047       2.384766       2.392578       2.396484       2.392578       2.392578       1.70141E+38    1.70141E+38    1.70141E+38    

1.70141E+38    1.70141E+38    1.70141E+38    1.70141E+38    1.70141E+38    1.70141E+38    1.70141E+38    1.70141E+38    1.70141E+38    1.70141E+38    1.70141E+38    1.70141E+38    1.70141E+38    1.70141E+38    1.70141E+38    1.70141E+38    1.70141E+38    1.70141E+38    1.70141E+38    1.70141E+38    1.70141E+38    1.70141E+38    1.70141E+38    

1.70141E+38    1.70141E+38    1.70141E+38    1.70141E+38    1.70141E+38    1.70141E+38    1.70141E+38    1.70141E+38    1.70141E+38    1.70141E+38    1.70141E+38    1.70141E+38    1.70141E+38    1.70141E+38    1.70141E+38    1.70141E+38    1.70141E+38    1.70141E+38    1.70141E+38    1.70141E+38    1.70141E+38    1.70141E+38    1.70141E+38    

1.70141E+38    1.70141E+38    1.70141E+38    1.70141E+38    1.70141E+38    1.70141E+38    1.70141E+38    1.70141E+38    1.70141E+38    1.70141E+38    1.70141E+38    1.70141E+38    1.70141E+38    1.70141E+38    1.70141E+38    1.70141E+38    1.70141E+38    1.70141E+38    1.70141E+38    1.70141E+38    1.70141E+38    1.70141E+38    1.70141E+38    

1.70141E+38    1.70141E+38    1.70141E+38    1.70141E+38    1.70141E+38    1.70141E+38    1.70141E+38    1.70141E+38    1.70141E+38    1.70141E+38    1.70141E+38    1.70141E+38    1.70141E+38    1.70141E+38    1.70141E+38    1.70141E+38    1.70141E+38    1.70141E+38    1.70141E+38    1.70141E+38    1.70141E+38    1.70141E+38    1.70141E+38    

1.70141E+38    1.70141E+38    1.70141E+38    1.70141E+38    1.70141E+38    1.70141E+38    1.70141E+38    1.70141E+38    1.70141E+38    1.70141E+38    1.70141E+38    1.70141E+38    1.70141E+38    1.70141E+38    1.70141E+38    1.70141E+38    1.70141E+38    1.70141E+38    1.70141E+38    1.70141E+38    1.70141E+38    1.70141E+38    1.70141E+38    

1.70141E+38    1.70141E+38    1.70141E+38    1.70141E+38    1.70141E+38    1.70141E+38    1.70141E+38    1.70141E+38    1.70141E+38    1.70141E+38    1.70141E+38    1.70141E+38    1.70141E+38    1.70141E+38    1.70141E+38    1.70141E+38    1.70141E+38    1.70141E+38    1.70141E+38    1.70141E+38    1.70141E+38    1.70141E+38    1.70141E+38    

1.70141E+38    1.70141E+38    1.70141E+38    1.70141E+38    1.70141E+38    1.70141E+38    1.70141E+38    1.70141E+38    1.70141E+38    1.70141E+38    1.70141E+38    1.70141E+38    1.70141E+38    1.70141E+38    1.70141E+38    1.70141E+38    1.70141E+38    1.70141E+38    1.70141E+38    1.70141E+38    1.70141E+38    1.70141E+38    1.70141E+38    

1.70141E+38    1.70141E+38    1.70141E+38    1.70141E+38    1.70141E+38    1.70141E+38    1.70141E+38    1.70141E+38    1.70141E+38    1.70141E+38    1.70141E+38    1.70141E+38    1.70141E+38    1.70141E+38    1.70141E+38    1.70141E+38    1.70141E+38    1.70141E+38    1.70141E+38    1.70141E+38    1.70141E+38    1.70141E+38    1.70141E+38    

