py_wake/examples/data/ParqueFicticio/Ridge area   Sector 6   Height 30m   Flow inclination.grd
DSAA
23  33
 262878   265078
 6504214   6507414
-16.26139   22.03828
1.70141E+38    1.70141E+38    1.70141E+38    1.70141E+38    1.70141E+38    1.70141E+38    1.70141E+38    1.70141E+38    1.70141E+38    1.70141E+38    1.70141E+38    1.70141E+38    1.70141E+38    1.70141E+38    1.70141E+38    1.70141E+38    1.70141E+38    1.70141E+38    1.70141E+38    1.70141E+38    1.70141E+38    1.70141E+38    1.70141E+38    

1.70141E+38    1.70141E+38    1.70141E+38    1.70141E+38    1.70141E+38    1.70141E+38    1.70141E+38    1.70141E+38    1.70141E+38    1.70141E+38    1.70141E+38    1.70141E+38    1.70141E+38    1.70141E+38    1.70141E+38    1.70141E+38    1.70141E+38    1.70141E+38    1.70141E+38    1.70141E+38    1.70141E+38    1.70141E+38    1.70141E+38    

1.70141E+38    1.70141E+38    1.70141E+38    1.70141E+38    1.70141E+38    1.70141E+38    1.70141E+38    1.70141E+38    1.70141E+38    1.70141E+38    1.70141E+38    1.70141E+38    1.70141E+38    1.70141E+38    1.70141E+38    1.70141E+38    1.70141E+38    1.70141E+38    1.70141E+38    1.70141E+38    1.70141E+38    1.70141E+38    1.70141E+38    

1.70141E+38    1.70141E+38    1.70141E+38    1.70141E+38    1.70141E+38    1.70141E+38    1.70141E+38    1.70141E+38    1.70141E+38    1.70141E+38    1.70141E+38    1.70141E+38    1.70141E+38    1.70141E+38    1.70141E+38    1.70141E+38    1.70141E+38    1.70141E+38    1.70141E+38    1.70141E+38    1.70141E+38    1.70141E+38    1.70141E+38    

1.70141E+38    1.70141E+38    1.70141E+38    1.70141E+38    1.70141E+38    1.70141E+38    1.70141E+38    1.70141E+38    1.70141E+38    1.70141E+38    1.70141E+38    1.70141E+38    1.70141E+38    1.70141E+38    1.70141E+38    1.70141E+38    1.70141E+38    1.70141E+38    1.70141E+38    1.70141E+38    1.70141E+38    1.70141E+38    1.70141E+38    

.4782223       -1.016073      -2.330686      -2.441143      -1.757895      .05637369      3.538784       6.590529       8.280876       7.540237       9.708145       10.43473       10.9134        11.88658       10.19693       8.855473       7.734129       3.696874       9.059896       10.28268       1.70141E+38    1.70141E+38    1.70141E+38    

-.06885807     1.029988       .3273259       -3.194793      -5.753529      -6.663445      -6.222962      -4.456831      -1.033377      1.960989       5.875754       8.891302       11.9451        13.97283       14.18581       7.75022        7.058715       6.089815       8.016902       8.001882       1.70141E+38    1.70141E+38    1.70141E+38    

-2.095904      -1.845074      .232285        .09074719      -3.257082      -5.980081      -7.48442       -8.026918      -7.262372      -5.127633      .3322809       7.485198       12.40502       14.91523       19.54428       13.76542       7.279366       7.626568       8.142297       8.128193       1.70141E+38    1.70141E+38    1.70141E+38    

-2.722531      -4.082644      -3.887055      -1.403388      -.4785381      -.61317        -2.309297      -4.122962      -5.024067      -4.648454      -1.894114      6.401346       14.57586       18.25325       20.83127       20.15791       13.35885       7.086564       5.998541       8.28336        1.70141E+38    1.70141E+38    1.70141E+38    

-.5732195      -3.545028      -2.819084      -.671051       .6576775       1.188895       2.95578        5.133888       5.752603       3.819564       2.663221       7.693179       15.52542       21.04241       22.03828       20.57096       15.74893       13.44142       6.201454       8.40694        1.70141E+38    1.70141E+38    1.70141E+38    

4.528426       -1.728501      -4.077959      -2.415826      .4382968       1.283636       .8605521       2.049925       5.307931       7.255105       6.480626       8.842502       14.22073       17.95708       17.76784       16.58125       18.23895       14.68427       11.20777       11.05591       1.70141E+38    1.70141E+38    1.70141E+38    

10.67651       2.473591       -3.952197      -5.612484      -5.424712      -4.390814      -5.598716      -6.777325      -4.467062      -.6948314      2.696877       7.097521       12.18947       15.54351       15.93278       14.96218       15.20572       16.37803       15.1366        13.46136       1.70141E+38    1.70141E+38    1.70141E+38    

14.33538       10.29833       -1.618051      -6.587882      -8.328614      -9.460615      -11.00806      -11.6764       -10.65212      -7.928448      -3.705563      3.043597       10.97159       15.53516       15.56107       12.76284       11.12402       11.88829       12.23076       13.0012        1.70141E+38    1.70141E+38    1.70141E+38    

12.13453       15.23169       7.539486       -1.166637      -7.871368      -8.373306      -10.86927      -11.6445       -10.54792      -8.603237      -5.247633      1.579864       9.953852       15.91294       15.47289       10.45946       5.561536       4.344202       5.004871       7.705648       1.70141E+38    1.70141E+38    1.70141E+38    

6.640063       14.17386       12.69594       9.021689       3.815783       .7549374       -2.411773      -2.552878      -2.090987      -1.857644      -1.643313      1.53757        8.75763        15.77074       14.19298       7.471343       .2792911       -3.936966      -3.880664      -1.411022      1.70141E+38    1.70141E+38    1.70141E+38    

2.250352       9.424083       10.95737       7.872357       9.37851        7.402495       3.359402       1.065433       .4757077       .3745987       -.2396087      1.289271       6.423754       11.85859       11.72665       4.742166       -4.053753      -7.790186      -7.765239      -6.879254      1.70141E+38    1.70141E+38    1.70141E+38    

-4.691471      .1695021       1.567537       -.5043191      .6859394       1.904192       .5099664       -1.671853      -3.837784      -5.286755      -5.740187      -2.861247      1.524862       7.571858       10.19685       5.730011       -3.695616      -7.582313      -7.361654      -7.325163      1.70141E+38    1.70141E+38    1.70141E+38    

-10.72683      -8.641487      -7.793621      -10.61498      -9.81985       -8.945284      -8.705629      -9.383689      -10.02501      -10.96792      -11.1455       -7.12335       -.7437394      4.150212       7.759661       7.0374         2.114672       -5.285868      -6.633455      -4.822374      1.70141E+38    1.70141E+38    1.70141E+38    

-11.74986      -9.589028      -7.400141      -10.85432      -13.59504      -13.50513      -12.87646      -13.4685       -13.975        -13.9031       -12.56342      -8.149331      -3.695655      .8607099       4.881018       5.795837       4.645542       2.233065       -6.755608      -16.26139      1.70141E+38    1.70141E+38    1.70141E+38    

-9.035198      -7.769744      -11.25146      -11.62543      -12.61118      -11.00679      -10.92591      -11.16771      -13.66816      -9.628154      -7.342093      -5.384831      -1.91177       -.846118       .792838        3.913763       5.986104       6.604409       1.095205       -9.583708      1.70141E+38    1.70141E+38    1.70141E+38    

-5.879691      -6.606004      -4.124629      -.8587987      -.07843172     -.9517489      -2.055985      -2.584394      -3.265541      -3.41866       -2.976996      -1.631164      1.408931       1.530597       -2.000336      -1.456033      1.20594        4.308943       4.613927       4.741899       1.70141E+38    1.70141E+38    1.70141E+38    

-3.986109      -2.560077      -2.987572      -5.23399       -5.192072      -5.433712      -4.953493      -1.368695      .3000494       -2.377349      -4.176916      -2.316297      2.113783       7.709867       8.809874       4.882882       -.071551       -.3413836      1.110585       2.628468       1.70141E+38    1.70141E+38    1.70141E+38    

-7.741589      -8.571838      -9.886716      -11.23575      -11.46801      -9.253072      -7.83465       -5.859991      -3.834167      -4.001719      -5.426505      -6.908592      -4.527489      2.67512        7.249223       8.773066       6.239701       -.06035614     -1.482782      -1.245836      1.70141E+38    1.70141E+38    1.70141E+38    

-12.98069      -12.49494      -11.54447      -8.649996      -6.120725      -3.638382      -3.674124      -5.345794      -7.562676      -8.049802      -7.091465      -9.167954      -9.898166      -6.345776      -2.438687      5.114999       13.71438       9.456412       3.316251       .1406345       1.70141E+38    1.70141E+38    1.70141E+38    

-12.68428      -9.904367      -7.38354       -4.799458      -2.950198      -2.237886      -2.939977      -5.218189      -8.5743        -9.132816      -6.417575      -3.481086      -4.478818      -9.859921      -9.836946      -6.384041      4.135537       12.5391        7.539303       6.710746       1.70141E+38    1.70141E+38    1.70141E+38    

1.70141E+38    1.70141E+38    1.70141E+38    1.70141E+38    1.70141E+38    1.70141E+38    1.70141E+38    1.70141E+38    1.70141E+38    1.70141E+38    1.70141E+38    1.70141E+38    1.70141E+38    1.70141E+38    1.70141E+38    1.70141E+38    1.70141E+38    1.70141E+38    1.70141E+38    1.70141E+38    1.70141E+38    1.70141E+38    1.70141E+38    

1.70141E+38    1.70141E+38    1.70141E+38    1.70141E+38    1.70141E+38    1.70141E+38    1.70141E+38    1.70141E+38    1.70141E+38    1.70141E+38    1.70141E+38    1.70141E+38    1.70141E+38    1.70141E+38    1.70141E+38    1.70141E+38    1.70141E+38    1.70141E+38    1.70141E+38    1.70141E+38    1.70141E+38    1.70141E+38    1.70141E+38    

1.70141E+38    1.70141E+38    1.70141E+38    1.70141E+38    1.70141E+38    1.70141E+38    1.70141E+38    1.70141E+38    1.70141E+38    1.70141E+38    1.70141E+38    1.70141E+38    1.70141E+38    1.70141E+38    1.70141E+38    1.70141E+38    1.70141E+38    1.70141E+38    1.70141E+38    1.70141E+38    1.70141E+38    1.70141E+38    1.70141E+38    

1.70141E+38    1.70141E+38    1.70141E+38    1.70141E+38    1.70141E+38    1.70141E+38    1.70141E+38    1.70141E+38    1.70141E+38    1.70141E+38    1.70141E+38    1.70141E+38    1.70141E+38    1.70141E+38    1.70141E+38    1.70141E+38    1.70141E+38    1.70141E+38    1.70141E+38    1.70141E+38    1.70141E+38    1.70141E+38    1.70141E+38    

1.70141E+38    1.70141E+38    1.70141E+38    1.70141E+38    1.70141E+38    1.70141E+38    1.70141E+38    1.70141E+38    1.70141E+38    1.70141E+38    1.70141E+38    1.70141E+38    1.70141E+38    1.70141E+38    1.70141E+38    1.70141E+38    1.70141E+38    1.70141E+38    1.70141E+38    1.70141E+38    1.70141E+38    1.70141E+38    1.70141E+38    

1.70141E+38    1.70141E+38    1.70141E+38    1.70141E+38    1.70141E+38    1.70141E+38    1.70141E+38    1.70141E+38    1.70141E+38    1.70141E+38    1.70141E+38    1.70141E+38    1.70141E+38    1.70141E+38    1.70141E+38    1.70141E+38    1.70141E+38    1.70141E+38    1.70141E+38    1.70141E+38    1.70141E+38    1.70141E+38    1.70141E+38    

1.70141E+38    1.70141E+38    1.70141E+38    1.70141E+38    1.70141E+38    1.70141E+38    1.70141E+38    1.70141E+38    1.70141E+38    1.70141E+38    1.70141E+38    1.70141E+38    1.70141E+38    1.70141E+38    1.70141E+38    1.70141E+38    1.70141E+38    1.70141E+38    1.70141E+38    1.70141E+38    1.70141E+38    1.70141E+38    1.70141E+38    

1.70141E+38    1.70141E+38    1.70141E+38    1.70141E+38    1.70141E+38    1.70141E+38    1.70141E+38    1.70141E+38    1.70141E+38    1.70141E+38    1.70141E+38    1.70141E+38    1.70141E+38    1.70141E+38    1.70141E+38    1.70141E+38    1.70141E+38    1.70141E+38    1.70141E+38    1.70141E+38    1.70141E+38    1.70141E+38    1.70141E+38    

