py_wake/examples/data/ParqueFicticio/Ridge area   Sector 4   Height 200m   Weibull-A.grd
DSAA
23  33
 262878   265078
 6504214   6507414
 7.377243   12.81289
1.70141E+38    1.70141E+38    1.70141E+38    1.70141E+38    1.70141E+38    1.70141E+38    1.70141E+38    1.70141E+38    1.70141E+38    1.70141E+38    1.70141E+38    1.70141E+38    1.70141E+38    1.70141E+38    1.70141E+38    1.70141E+38    1.70141E+38    1.70141E+38    1.70141E+38    1.70141E+38    1.70141E+38    1.70141E+38    1.70141E+38    

1.70141E+38    1.70141E+38    1.70141E+38    1.70141E+38    1.70141E+38    1.70141E+38    1.70141E+38    1.70141E+38    1.70141E+38    1.70141E+38    1.70141E+38    1.70141E+38    1.70141E+38    1.70141E+38    1.70141E+38    1.70141E+38    1.70141E+38    1.70141E+38    1.70141E+38    1.70141E+38    1.70141E+38    1.70141E+38    1.70141E+38    

1.70141E+38    1.70141E+38    1.70141E+38    1.70141E+38    1.70141E+38    1.70141E+38    1.70141E+38    1.70141E+38    1.70141E+38    1.70141E+38    1.70141E+38    1.70141E+38    1.70141E+38    1.70141E+38    1.70141E+38    1.70141E+38    1.70141E+38    1.70141E+38    1.70141E+38    1.70141E+38    1.70141E+38    1.70141E+38    1.70141E+38    

1.70141E+38    1.70141E+38    1.70141E+38    1.70141E+38    1.70141E+38    1.70141E+38    1.70141E+38    1.70141E+38    1.70141E+38    1.70141E+38    1.70141E+38    1.70141E+38    1.70141E+38    1.70141E+38    1.70141E+38    1.70141E+38    1.70141E+38    1.70141E+38    1.70141E+38    1.70141E+38    1.70141E+38    1.70141E+38    1.70141E+38    

1.70141E+38    1.70141E+38    1.70141E+38    1.70141E+38    1.70141E+38    1.70141E+38    1.70141E+38    1.70141E+38    1.70141E+38    1.70141E+38    1.70141E+38    1.70141E+38    1.70141E+38    1.70141E+38    1.70141E+38    1.70141E+38    1.70141E+38    1.70141E+38    1.70141E+38    1.70141E+38    1.70141E+38    1.70141E+38    1.70141E+38    

8.546253       8.692477       8.93014        9.282052       9.673073       10.07517       10.44507       10.89124       11.35419       11.82546       12.17128       12.31329       12.20323       11.7778        11.00656       10.22226       9.645103       9.436485       9.708642       10.25436       1.70141E+38    1.70141E+38    1.70141E+38    

8.417866       8.620798       8.833344       9.131215       9.523857       9.953485       10.41909       10.96084       11.48102       11.94786       12.28981       12.40352       12.21548       11.62888       10.72014       9.941986       9.491163       9.522446       10.05616       10.61905       1.70141E+38    1.70141E+38    1.70141E+38    

7.980208       8.376185       8.772961       9.02983        9.292274       9.670726       10.18796       10.79866       11.41777       11.96392       12.34601       12.45096       12.20954       11.50982       10.56402       9.83866        9.510975       9.754127       10.40541       10.88196       1.70141E+38    1.70141E+38    1.70141E+38    

7.522929       7.960281       8.495706       8.898116       9.217356       9.611311       10.11285       10.69846       11.31083       11.90619       12.35406       12.46992       12.21219       11.48537       10.59335       9.961286       9.677566       10.00663       10.67855       11.06539       1.70141E+38    1.70141E+38    1.70141E+38    

7.377243       7.803841       8.412598       8.923681       9.318596       9.812368       10.3629        10.94204       11.44646       11.93154       12.34706       12.47771       12.25095       11.63039       10.81867       10.20042       9.977926       10.28219       10.84952       11.1831        1.70141E+38    1.70141E+38    1.70141E+38    

7.600044       7.778207       8.428626       9.089891       9.577909       10.04576       10.56467       11.1275        11.61209       12.01482       12.35654       12.49076       12.30878       11.77989       10.99901       10.38493       10.32421       10.66503       11.05922       11.28109       1.70141E+38    1.70141E+38    1.70141E+38    

8.006266       7.708352       8.237201       9.053926       9.679723       10.19194       10.63187       11.13285       11.60878       12.02528       12.36194       12.51151       12.36792       11.85665       11.0797        10.59107       10.75751       11.07791       11.30394       11.3643        1.70141E+38    1.70141E+38    1.70141E+38    

8.797128       8.184928       7.987586       8.647738       9.375417       9.925271       10.37091       10.88411       11.43136       11.93          12.34112       12.53836       12.43084       11.94713       11.2042        10.87607       11.11671       11.35803       11.45065       11.38653       1.70141E+38    1.70141E+38    1.70141E+38    

9.425787       9.067059       8.498712       8.63249        8.915345       9.494283       10.06887       10.57428       11.16176       11.77164       12.30433       12.56565       12.4996        12.0744        11.43338       11.19952       11.3269        11.44358       11.45457       11.3213        1.70141E+38    1.70141E+38    1.70141E+38    

9.764536       9.646418       9.342326       9.437375       9.418635       9.658851       10.19664       10.72046       11.25138       11.78674       12.30793       12.59552       12.57575       12.25767       11.75772       11.4431        11.34163       11.33366       11.28785       11.13177       1.70141E+38    1.70141E+38    1.70141E+38    

9.968674       10.02025       9.906262       9.967441       10.04241       10.15669       10.52647       10.9866        11.48088       11.94758       12.36981       12.62886       12.6514        12.43434       12.0273        11.54501       11.17909       11.02301       10.93399       10.7669        1.70141E+38    1.70141E+38    1.70141E+38    

10.10969       10.22611       10.19155       10.22289       10.38684       10.59393       10.8674        11.20065       11.60214       12.01127       12.39711       12.6614        12.71878       12.55481       12.17047       11.54467       10.87523       10.50145       10.3943        10.29579       1.70141E+38    1.70141E+38    1.70141E+38    

10.05596       10.19534       10.16566       10.15245       10.394         10.64887       10.93433       11.24978       11.60353       11.97086       12.3734        12.69408       12.7789        12.6223        12.22019       11.56507       10.7834        10.16474       9.885027       9.83037        1.70141E+38    1.70141E+38    1.70141E+38    

9.891911       9.95913        9.876181       9.887068       10.14928       10.46278       10.7749        11.07478       11.42321       11.81934       12.33408       12.73719       12.81289       12.62428       12.16388       11.44861       10.70841       10.06731       9.604883       9.450066       1.70141E+38    1.70141E+38    1.70141E+38    

9.552499       9.585597       9.63234        9.73068        9.955453       10.29701       10.56905       10.86596       11.29033       11.86402       12.42313       12.76832       12.79542       12.53817       12.00759       11.29218       10.58649       9.997428       9.587435       9.329318       1.70141E+38    1.70141E+38    1.70141E+38    

9.380351       9.601057       9.858285       10.10084       10.28455       10.49274       10.77007       11.08891       11.5206        12.08289       12.53588       12.74233       12.69425       12.33024       11.68484       11.05559       10.55567       10.17263       9.860861       9.582158       1.70141E+38    1.70141E+38    1.70141E+38    

9.651594       9.943871       10.14516       10.35161       10.50778       10.72722       10.99776       11.39068       11.81396       12.2534        12.55066       12.64832       12.52148       12.07517       11.32414       10.7016        10.35562       10.14867       10.0059        9.812402       1.70141E+38    1.70141E+38    1.70141E+38    

9.73436        9.968205       10.08502       10.19255       10.36501       10.64632       11.03523       11.55855       12.01194       12.32146       12.47281       12.46472       12.27882       11.85936       11.22669       10.65489       10.20933       9.942363       9.84198        9.766555       1.70141E+38    1.70141E+38    1.70141E+38    

9.528457       9.698489       9.813407       9.999994       10.31258       10.71595       11.21812       11.71065       12.07037       12.27447       12.29497       12.15114       11.92045       11.5721        11.16065       10.81438       10.43013       9.988694       9.687301       9.54108        1.70141E+38    1.70141E+38    1.70141E+38    

9.04257        9.363117       9.692351       10.12574       10.58381       11.0554        11.50325       11.8269        12.03249       12.10383       12.01975       11.74473       11.46932       11.17428       10.88989       10.77601       10.62346       10.30562       9.913632       9.600481       1.70141E+38    1.70141E+38    1.70141E+38    

1.70141E+38    1.70141E+38    1.70141E+38    1.70141E+38    1.70141E+38    1.70141E+38    1.70141E+38    1.70141E+38    1.70141E+38    1.70141E+38    1.70141E+38    1.70141E+38    1.70141E+38    1.70141E+38    1.70141E+38    1.70141E+38    1.70141E+38    1.70141E+38    1.70141E+38    1.70141E+38    1.70141E+38    1.70141E+38    1.70141E+38    

1.70141E+38    1.70141E+38    1.70141E+38    1.70141E+38    1.70141E+38    1.70141E+38    1.70141E+38    1.70141E+38    1.70141E+38    1.70141E+38    1.70141E+38    1.70141E+38    1.70141E+38    1.70141E+38    1.70141E+38    1.70141E+38    1.70141E+38    1.70141E+38    1.70141E+38    1.70141E+38    1.70141E+38    1.70141E+38    1.70141E+38    

1.70141E+38    1.70141E+38    1.70141E+38    1.70141E+38    1.70141E+38    1.70141E+38    1.70141E+38    1.70141E+38    1.70141E+38    1.70141E+38    1.70141E+38    1.70141E+38    1.70141E+38    1.70141E+38    1.70141E+38    1.70141E+38    1.70141E+38    1.70141E+38    1.70141E+38    1.70141E+38    1.70141E+38    1.70141E+38    1.70141E+38    

1.70141E+38    1.70141E+38    1.70141E+38    1.70141E+38    1.70141E+38    1.70141E+38    1.70141E+38    1.70141E+38    1.70141E+38    1.70141E+38    1.70141E+38    1.70141E+38    1.70141E+38    1.70141E+38    1.70141E+38    1.70141E+38    1.70141E+38    1.70141E+38    1.70141E+38    1.70141E+38    1.70141E+38    1.70141E+38    1.70141E+38    

1.70141E+38    1.70141E+38    1.70141E+38    1.70141E+38    1.70141E+38    1.70141E+38    1.70141E+38    1.70141E+38    1.70141E+38    1.70141E+38    1.70141E+38    1.70141E+38    1.70141E+38    1.70141E+38    1.70141E+38    1.70141E+38    1.70141E+38    1.70141E+38    1.70141E+38    1.70141E+38    1.70141E+38    1.70141E+38    1.70141E+38    

1.70141E+38    1.70141E+38    1.70141E+38    1.70141E+38    1.70141E+38    1.70141E+38    1.70141E+38    1.70141E+38    1.70141E+38    1.70141E+38    1.70141E+38    1.70141E+38    1.70141E+38    1.70141E+38    1.70141E+38    1.70141E+38    1.70141E+38    1.70141E+38    1.70141E+38    1.70141E+38    1.70141E+38    1.70141E+38    1.70141E+38    

1.70141E+38    1.70141E+38    1.70141E+38    1.70141E+38    1.70141E+38    1.70141E+38    1.70141E+38    1.70141E+38    1.70141E+38    1.70141E+38    1.70141E+38    1.70141E+38    1.70141E+38    1.70141E+38    1.70141E+38    1.70141E+38    1.70141E+38    1.70141E+38    1.70141E+38    1.70141E+38    1.70141E+38    1.70141E+38    1.70141E+38    

1.70141E+38    1.70141E+38    1.70141E+38    1.70141E+38    1.70141E+38    1.70141E+38    1.70141E+38    1.70141E+38    1.70141E+38    1.70141E+38    1.70141E+38    1.70141E+38    1.70141E+38    1.70141E+38    1.70141E+38    1.70141E+38    1.70141E+38    1.70141E+38    1.70141E+38    1.70141E+38    1.70141E+38    1.70141E+38    1.70141E+38    

