py_wake/examples/data/ParqueFicticio/Ridge area   Sector 7   Height 30m   Turbulence intensity.grd
DSAA
23  33
 262878   265078
 6504214   6507414
 12.05721   100
1.70141E+38    1.70141E+38    1.70141E+38    1.70141E+38    1.70141E+38    1.70141E+38    1.70141E+38    1.70141E+38    1.70141E+38    1.70141E+38    1.70141E+38    1.70141E+38    1.70141E+38    1.70141E+38    1.70141E+38    1.70141E+38    1.70141E+38    1.70141E+38    1.70141E+38    1.70141E+38    1.70141E+38    1.70141E+38    1.70141E+38    

1.70141E+38    1.70141E+38    1.70141E+38    1.70141E+38    1.70141E+38    1.70141E+38    1.70141E+38    1.70141E+38    1.70141E+38    1.70141E+38    1.70141E+38    1.70141E+38    1.70141E+38    1.70141E+38    1.70141E+38    1.70141E+38    1.70141E+38    1.70141E+38    1.70141E+38    1.70141E+38    1.70141E+38    1.70141E+38    1.70141E+38    

1.70141E+38    1.70141E+38    1.70141E+38    1.70141E+38    1.70141E+38    1.70141E+38    1.70141E+38    1.70141E+38    1.70141E+38    1.70141E+38    1.70141E+38    1.70141E+38    1.70141E+38    1.70141E+38    1.70141E+38    1.70141E+38    1.70141E+38    1.70141E+38    1.70141E+38    1.70141E+38    1.70141E+38    1.70141E+38    1.70141E+38    

1.70141E+38    1.70141E+38    1.70141E+38    1.70141E+38    1.70141E+38    1.70141E+38    1.70141E+38    1.70141E+38    1.70141E+38    1.70141E+38    1.70141E+38    1.70141E+38    1.70141E+38    1.70141E+38    1.70141E+38    1.70141E+38    1.70141E+38    1.70141E+38    1.70141E+38    1.70141E+38    1.70141E+38    1.70141E+38    1.70141E+38    

1.70141E+38    1.70141E+38    1.70141E+38    1.70141E+38    1.70141E+38    1.70141E+38    1.70141E+38    1.70141E+38    1.70141E+38    1.70141E+38    1.70141E+38    1.70141E+38    1.70141E+38    1.70141E+38    1.70141E+38    1.70141E+38    1.70141E+38    1.70141E+38    1.70141E+38    1.70141E+38    1.70141E+38    1.70141E+38    1.70141E+38    

16.78645       16.46573       15.68205       14.92764       14.5879        14.51096       14.76375       15.2548        15.70119       15.91403       16.21164       16.2601        16.02867       16.26094       17.06503       36.43304       50.75519       69.97591       44.46461       20.71108       1.70141E+38    1.70141E+38    1.70141E+38    

15.87218       16.33216       16.68124       15.95363       15.29074       15.00841       14.74017       14.54414       14.1994        14.3942        15.05527       15.44358       15.87236       17.45409       44.07775       49.53521       65.83594       67.35073       27.05502       18.77436       1.70141E+38    1.70141E+38    1.70141E+38    

15.62458       15.3355        15.59838       16.45283       17.92251       19.42773       20.09813       19.04171       16.53716       15.2333        15.0104        15.59882       16.59054       20.62616       50.60349       48.22101       51.82352       48.24827       20.19955       18.10847       1.70141E+38    1.70141E+38    1.70141E+38    

16.29387       15.72144       15.54187       16.04004       17.84273       21.40983       26.19801       29.40242       26.36324       20.47038       16.57757       15.77199       17.80813       25.6176        62.49289       47.3924        44.24667       39.07901       17.84495       17.19647       1.70141E+38    1.70141E+38    1.70141E+38    

18.25027       16.81475       16.26518       16.58132       17.7694        18.98528       20.65031       22.64268       24.30268       22.73111       18.6204        16.59504       17.50776       37.90574       48.30074       45.71904       43.97415       29.39763       17.6808        16.73912       1.70141E+38    1.70141E+38    1.70141E+38    

19.8312        18.4987        15.97049       15.21426       15.70065       16.27112       16.39719       16.36514       16.62694       17.03335       16.28484       15.42801       15.69727       16.48264       40.52952       45.30977       46.22986       21.0598        17.81052       16.1058        1.70141E+38    1.70141E+38    1.70141E+38    

20.41828       22.21248       18.53429       15.42195       14.4623        14.23321       14.51907       14.58424       14.47128       14.05339       13.92149       14.06815       14.48503       15.61034       29.29141       42.488         30.30602       18.28178       16.317         14.83704       1.70141E+38    1.70141E+38    1.70141E+38    

18.87909       23.63027       27.78139       23.43083       19.58167       18.59038       18.9306        18.77088       16.99492       15.22031       14.0122        13.74551       14.03902       15.17193       23.72876       27.35969       17.77705       14.73872       13.91413       13.3749        1.70141E+38    1.70141E+38    1.70141E+38    

16.06884       19.06955       26.74174       33.72923       46.2535        44.15489       38.98887       42.55112       35.02063       22.44446       16.10589       14.29104       14.09624       14.96959       16.89259       16.00084       13.65052       12.95305       12.61839       12.12937       1.70141E+38    1.70141E+38    1.70141E+38    

14.38515       15.88729       19.10984       22.64223       32.46754       41.03502       34.32069       30.8958        28.35757       23.97567       17.60479       14.22697       13.53489       14.10482       14.07571       13.49555       13.1927        13.44492       13.31843       12.3858        1.70141E+38    1.70141E+38    1.70141E+38    

13.259         13.77682       14.98326       15.87895       18.87428       24.61116       23.64697       20.84865       18.34254       16.37174       14.39766       13.06555       12.56683       12.90261       13.25712       13.89108       15.38363       17.68267       17.84864       16.28665       1.70141E+38    1.70141E+38    1.70141E+38    

12.05721       12.37546       12.84975       13.22509       13.92535       15.28029       15.94903       15.9736        15.12473       14.08735       13.05306       12.4398        12.42642       12.41175       13.2168        15.44821       26.62673       63.95668       55.34664       36.61186       1.70141E+38    1.70141E+38    1.70141E+38    

13.3604        13.41469       14.15593       15.53787       15.37054       15.85028       15.67052       15.43235       15.28256       15.29106       14.70968       13.46428       12.69581       12.4869        12.91507       15.34089       26.58017       81.99183       97.0591        82.85976       1.70141E+38    1.70141E+38    1.70141E+38    

18.02726       32.24747       82.87546       75.61764       49.6813        33.08151       26.79315       28.03483       29.92875       32.41499       24.39999       16.15727       13.22808       12.68939       13.73536       18.12963       26.60083       59.47816       100            100            1.70141E+38    1.70141E+38    1.70141E+38    

43.8577        94.16437       87.79141       100            100            94.20674       93.73949       100            78.25076       40.43828       26.85538       17.393         14.60663       13.9342        14.96711       18.97939       30.63234       55.22816       85.28095       100            1.70141E+38    1.70141E+38    1.70141E+38    

58.39607       72.7681        56.92739       48.14943       50.43693       50.61317       47.16743       48.08937       41.30004       26.44866       19.25852       16.01468       15.54052       19.27362       23.78591       25.43696       28.48241       51.44248       57.42167       69.42031       1.70141E+38    1.70141E+38    1.70141E+38    

27.92949       26.92812       23.94592       22.77493       25.6139        26.468         26.36783       25.34926       24.4593        19.01572       15.56752       14.48998       15.34258       32.40944       50.56335       53.45086       45.16804       41.73488       42.57835       46.12842       1.70141E+38    1.70141E+38    1.70141E+38    

21.05747       21.25475       22.09846       25.54889       31.43033       31.87064       27.4701        21.44897       17.69748       15.91615       15.19267       14.95274       15.07838       25.60005       35.96249       45.37989       55.672         53.38896       45.59453       43.33838       1.70141E+38    1.70141E+38    1.70141E+38    

22.43693       25.02165       28.68649       33.12024       37.23759       35.12433       26.70742       19.38589       16.456         15.753         16.71433       19.13447       18.886         20.67172       43.28299       30.69655       34.35734       45.58419       53.73561       53.64884       1.70141E+38    1.70141E+38    1.70141E+38    

33.38405       34.39198       32.19537       27.94716       26.55124       24.18995       19.86975       17.70115       17.11452       18.10793       22.41471       53.93388       68.74577       37.25194       43.04528       35.23988       35.42814       44.16611       38.11715       48.47726       1.70141E+38    1.70141E+38    1.70141E+38    

1.70141E+38    1.70141E+38    1.70141E+38    1.70141E+38    1.70141E+38    1.70141E+38    1.70141E+38    1.70141E+38    1.70141E+38    1.70141E+38    1.70141E+38    1.70141E+38    1.70141E+38    1.70141E+38    1.70141E+38    1.70141E+38    1.70141E+38    1.70141E+38    1.70141E+38    1.70141E+38    1.70141E+38    1.70141E+38    1.70141E+38    

1.70141E+38    1.70141E+38    1.70141E+38    1.70141E+38    1.70141E+38    1.70141E+38    1.70141E+38    1.70141E+38    1.70141E+38    1.70141E+38    1.70141E+38    1.70141E+38    1.70141E+38    1.70141E+38    1.70141E+38    1.70141E+38    1.70141E+38    1.70141E+38    1.70141E+38    1.70141E+38    1.70141E+38    1.70141E+38    1.70141E+38    

1.70141E+38    1.70141E+38    1.70141E+38    1.70141E+38    1.70141E+38    1.70141E+38    1.70141E+38    1.70141E+38    1.70141E+38    1.70141E+38    1.70141E+38    1.70141E+38    1.70141E+38    1.70141E+38    1.70141E+38    1.70141E+38    1.70141E+38    1.70141E+38    1.70141E+38    1.70141E+38    1.70141E+38    1.70141E+38    1.70141E+38    

1.70141E+38    1.70141E+38    1.70141E+38    1.70141E+38    1.70141E+38    1.70141E+38    1.70141E+38    1.70141E+38    1.70141E+38    1.70141E+38    1.70141E+38    1.70141E+38    1.70141E+38    1.70141E+38    1.70141E+38    1.70141E+38    1.70141E+38    1.70141E+38    1.70141E+38    1.70141E+38    1.70141E+38    1.70141E+38    1.70141E+38    

1.70141E+38    1.70141E+38    1.70141E+38    1.70141E+38    1.70141E+38    1.70141E+38    1.70141E+38    1.70141E+38    1.70141E+38    1.70141E+38    1.70141E+38    1.70141E+38    1.70141E+38    1.70141E+38    1.70141E+38    1.70141E+38    1.70141E+38    1.70141E+38    1.70141E+38    1.70141E+38    1.70141E+38    1.70141E+38    1.70141E+38    

1.70141E+38    1.70141E+38    1.70141E+38    1.70141E+38    1.70141E+38    1.70141E+38    1.70141E+38    1.70141E+38    1.70141E+38    1.70141E+38    1.70141E+38    1.70141E+38    1.70141E+38    1.70141E+38    1.70141E+38    1.70141E+38    1.70141E+38    1.70141E+38    1.70141E+38    1.70141E+38    1.70141E+38    1.70141E+38    1.70141E+38    

1.70141E+38    1.70141E+38    1.70141E+38    1.70141E+38    1.70141E+38    1.70141E+38    1.70141E+38    1.70141E+38    1.70141E+38    1.70141E+38    1.70141E+38    1.70141E+38    1.70141E+38    1.70141E+38    1.70141E+38    1.70141E+38    1.70141E+38    1.70141E+38    1.70141E+38    1.70141E+38    1.70141E+38    1.70141E+38    1.70141E+38    

1.70141E+38    1.70141E+38    1.70141E+38    1.70141E+38    1.70141E+38    1.70141E+38    1.70141E+38    1.70141E+38    1.70141E+38    1.70141E+38    1.70141E+38    1.70141E+38    1.70141E+38    1.70141E+38    1.70141E+38    1.70141E+38    1.70141E+38    1.70141E+38    1.70141E+38    1.70141E+38    1.70141E+38    1.70141E+38    1.70141E+38    

