py_wake/examples/data/ParqueFicticio/Ridge area   Sector 2   Height 200m   Weibull-k.grd
DSAA
23  33
 262878   265078
 6504214   6507414
 2.294922   2.431641
1.70141E+38    1.70141E+38    1.70141E+38    1.70141E+38    1.70141E+38    1.70141E+38    1.70141E+38    1.70141E+38    1.70141E+38    1.70141E+38    1.70141E+38    1.70141E+38    1.70141E+38    1.70141E+38    1.70141E+38    1.70141E+38    1.70141E+38    1.70141E+38    1.70141E+38    1.70141E+38    1.70141E+38    1.70141E+38    1.70141E+38    

1.70141E+38    1.70141E+38    1.70141E+38    1.70141E+38    1.70141E+38    1.70141E+38    1.70141E+38    1.70141E+38    1.70141E+38    1.70141E+38    1.70141E+38    1.70141E+38    1.70141E+38    1.70141E+38    1.70141E+38    1.70141E+38    1.70141E+38    1.70141E+38    1.70141E+38    1.70141E+38    1.70141E+38    1.70141E+38    1.70141E+38    

1.70141E+38    1.70141E+38    1.70141E+38    1.70141E+38    1.70141E+38    1.70141E+38    1.70141E+38    1.70141E+38    1.70141E+38    1.70141E+38    1.70141E+38    1.70141E+38    1.70141E+38    1.70141E+38    1.70141E+38    1.70141E+38    1.70141E+38    1.70141E+38    1.70141E+38    1.70141E+38    1.70141E+38    1.70141E+38    1.70141E+38    

1.70141E+38    1.70141E+38    1.70141E+38    1.70141E+38    1.70141E+38    1.70141E+38    1.70141E+38    1.70141E+38    1.70141E+38    1.70141E+38    1.70141E+38    1.70141E+38    1.70141E+38    1.70141E+38    1.70141E+38    1.70141E+38    1.70141E+38    1.70141E+38    1.70141E+38    1.70141E+38    1.70141E+38    1.70141E+38    1.70141E+38    

1.70141E+38    1.70141E+38    1.70141E+38    1.70141E+38    1.70141E+38    1.70141E+38    1.70141E+38    1.70141E+38    1.70141E+38    1.70141E+38    1.70141E+38    1.70141E+38    1.70141E+38    1.70141E+38    1.70141E+38    1.70141E+38    1.70141E+38    1.70141E+38    1.70141E+38    1.70141E+38    1.70141E+38    1.70141E+38    1.70141E+38    

2.423828       2.423828       2.423828       2.423828       2.423828       2.423828       2.412109       2.380859       2.353516       2.337891       2.326172       2.322266       2.322266       2.326172       2.333984       2.345703       2.353516       2.337891       2.322266       2.314453       1.70141E+38    1.70141E+38    1.70141E+38    

2.423828       2.423828       2.423828       2.423828       2.423828       2.400391       2.380859       2.361328       2.345703       2.333984       2.330078       2.326172       2.330078       2.333984       2.337891       2.345703       2.353516       2.333984       2.314453       2.310547       1.70141E+38    1.70141E+38    1.70141E+38    

2.423828       2.423828       2.423828       2.423828       2.416016       2.384766       2.361328       2.345703       2.333984       2.326172       2.326172       2.330078       2.333984       2.341797       2.345703       2.337891       2.349609       2.330078       2.314453       2.310547       1.70141E+38    1.70141E+38    1.70141E+38    

2.423828       2.423828       2.423828       2.423828       2.419922       2.388672       2.365234       2.341797       2.326172       2.322266       2.322266       2.330078       2.333984       2.345703       2.353516       2.341797       2.345703       2.330078       2.322266       2.318359       1.70141E+38    1.70141E+38    1.70141E+38    

2.423828       2.423828       2.423828       2.423828       2.419922       2.396484       2.373047       2.353516       2.333984       2.326172       2.322266       2.330078       2.333984       2.345703       2.357422       2.361328       2.353516       2.341797       2.330078       2.326172       1.70141E+38    1.70141E+38    1.70141E+38    

2.423828       2.423828       2.423828       2.416016       2.396484       2.380859       2.365234       2.353516       2.341797       2.333984       2.330078       2.330078       2.337891       2.349609       2.365234       2.373047       2.369141       2.357422       2.341797       2.341797       1.70141E+38    1.70141E+38    1.70141E+38    

2.423828       2.423828       2.408203       2.384766       2.369141       2.357422       2.349609       2.341797       2.337891       2.333984       2.330078       2.333984       2.337891       2.349609       2.365234       2.376953       2.376953       2.369141       2.361328       2.361328       1.70141E+38    1.70141E+38    1.70141E+38    

2.423828       2.423828       2.396484       2.365234       2.345703       2.337891       2.330078       2.326172       2.326172       2.326172       2.326172       2.330078       2.333984       2.341797       2.353516       2.361328       2.369141       2.373047       2.380859       2.392578       1.70141E+38    1.70141E+38    1.70141E+38    

2.423828       2.423828       2.404297       2.373047       2.349609       2.333984       2.322266       2.318359       2.318359       2.318359       2.322266       2.326172       2.330078       2.333984       2.337891       2.341797       2.357422       2.376953       2.396484       2.427734       1.70141E+38    1.70141E+38    1.70141E+38    

2.423828       2.423828       2.423828       2.400391       2.384766       2.361328       2.341797       2.333984       2.326172       2.322266       2.322266       2.322266       2.326172       2.326172       2.326172       2.333984       2.345703       2.373047       2.408203       2.431641       1.70141E+38    1.70141E+38    1.70141E+38    

2.423828       2.423828       2.423828       2.423828       2.408203       2.388672       2.357422       2.341797       2.330078       2.326172       2.322266       2.322266       2.326172       2.326172       2.326172       2.326172       2.337891       2.361328       2.404297       2.431641       1.70141E+38    1.70141E+38    1.70141E+38    

2.423828       2.423828       2.423828       2.416016       2.400391       2.380859       2.357422       2.337891       2.326172       2.322266       2.322266       2.322266       2.322266       2.322266       2.326172       2.326172       2.333984       2.349609       2.384766       2.423828       1.70141E+38    1.70141E+38    1.70141E+38    

2.388672       2.396484       2.396484       2.392578       2.380859       2.361328       2.345703       2.330078       2.318359       2.314453       2.314453       2.314453       2.318359       2.322266       2.330078       2.333984       2.345703       2.353516       2.369141       2.408203       1.70141E+38    1.70141E+38    1.70141E+38    

2.357422       2.365234       2.369141       2.361328       2.353516       2.341797       2.330078       2.318359       2.310547       2.306641       2.306641       2.310547       2.314453       2.322266       2.333984       2.349609       2.369141       2.380859       2.376953       2.384766       1.70141E+38    1.70141E+38    1.70141E+38    

2.345703       2.349609       2.353516       2.349609       2.341797       2.333984       2.326172       2.318359       2.310547       2.306641       2.302734       2.306641       2.310547       2.322266       2.337891       2.369141       2.400391       2.419922       2.412109       2.392578       1.70141E+38    1.70141E+38    1.70141E+38    

2.345703       2.349609       2.349609       2.349609       2.345703       2.337891       2.330078       2.322266       2.310547       2.306641       2.306641       2.306641       2.310547       2.318359       2.341797       2.388672       2.423828       2.423828       2.423828       2.423828       1.70141E+38    1.70141E+38    1.70141E+38    

2.345703       2.345703       2.349609       2.349609       2.341797       2.337891       2.326172       2.318359       2.310547       2.306641       2.306641       2.310547       2.314453       2.326172       2.353516       2.408203       2.423828       2.423828       2.423828       2.423828       1.70141E+38    1.70141E+38    1.70141E+38    

2.337891       2.341797       2.341797       2.341797       2.337891       2.326172       2.318359       2.310547       2.306641       2.302734       2.306641       2.310547       2.322266       2.345703       2.384766       2.423828       2.423828       2.423828       2.423828       2.423828       1.70141E+38    1.70141E+38    1.70141E+38    

2.330078       2.333984       2.337891       2.337891       2.330078       2.314453       2.306641       2.298828       2.298828       2.298828       2.302734       2.310547       2.330078       2.361328       2.416016       2.423828       2.423828       2.423828       2.423828       2.423828       1.70141E+38    1.70141E+38    1.70141E+38    

2.322266       2.330078       2.330078       2.326172       2.318359       2.306641       2.298828       2.294922       2.294922       2.294922       2.298828       2.306641       2.330078       2.369141       2.423828       2.423828       2.423828       2.423828       2.423828       2.423828       1.70141E+38    1.70141E+38    1.70141E+38    

1.70141E+38    1.70141E+38    1.70141E+38    1.70141E+38    1.70141E+38    1.70141E+38    1.70141E+38    1.70141E+38    1.70141E+38    1.70141E+38    1.70141E+38    1.70141E+38    1.70141E+38    1.70141E+38    1.70141E+38    1.70141E+38    1.70141E+38    1.70141E+38    1.70141E+38    1.70141E+38    1.70141E+38    1.70141E+38    1.70141E+38    

1.70141E+38    1.70141E+38    1.70141E+38    1.70141E+38    1.70141E+38    1.70141E+38    1.70141E+38    1.70141E+38    1.70141E+38    1.70141E+38    1.70141E+38    1.70141E+38    1.70141E+38    1.70141E+38    1.70141E+38    1.70141E+38    1.70141E+38    1.70141E+38    1.70141E+38    1.70141E+38    1.70141E+38    1.70141E+38    1.70141E+38    

1.70141E+38    1.70141E+38    1.70141E+38    1.70141E+38    1.70141E+38    1.70141E+38    1.70141E+38    1.70141E+38    1.70141E+38    1.70141E+38    1.70141E+38    1.70141E+38    1.70141E+38    1.70141E+38    1.70141E+38    1.70141E+38    1.70141E+38    1.70141E+38    1.70141E+38    1.70141E+38    1.70141E+38    1.70141E+38    1.70141E+38    

1.70141E+38    1.70141E+38    1.70141E+38    1.70141E+38    1.70141E+38    1.70141E+38    1.70141E+38    1.70141E+38    1.70141E+38    1.70141E+38    1.70141E+38    1.70141E+38    1.70141E+38    1.70141E+38    1.70141E+38    1.70141E+38    1.70141E+38    1.70141E+38    1.70141E+38    1.70141E+38    1.70141E+38    1.70141E+38    1.70141E+38    

1.70141E+38    1.70141E+38    1.70141E+38    1.70141E+38    1.70141E+38    1.70141E+38    1.70141E+38    1.70141E+38    1.70141E+38    1.70141E+38    1.70141E+38    1.70141E+38    1.70141E+38    1.70141E+38    1.70141E+38    1.70141E+38    1.70141E+38    1.70141E+38    1.70141E+38    1.70141E+38    1.70141E+38    1.70141E+38    1.70141E+38    

1.70141E+38    1.70141E+38    1.70141E+38    1.70141E+38    1.70141E+38    1.70141E+38    1.70141E+38    1.70141E+38    1.70141E+38    1.70141E+38    1.70141E+38    1.70141E+38    1.70141E+38    1.70141E+38    1.70141E+38    1.70141E+38    1.70141E+38    1.70141E+38    1.70141E+38    1.70141E+38    1.70141E+38    1.70141E+38    1.70141E+38    

1.70141E+38    1.70141E+38    1.70141E+38    1.70141E+38    1.70141E+38    1.70141E+38    1.70141E+38    1.70141E+38    1.70141E+38    1.70141E+38    1.70141E+38    1.70141E+38    1.70141E+38    1.70141E+38    1.70141E+38    1.70141E+38    1.70141E+38    1.70141E+38    1.70141E+38    1.70141E+38    1.70141E+38    1.70141E+38    1.70141E+38    

1.70141E+38    1.70141E+38    1.70141E+38    1.70141E+38    1.70141E+38    1.70141E+38    1.70141E+38    1.70141E+38    1.70141E+38    1.70141E+38    1.70141E+38    1.70141E+38    1.70141E+38    1.70141E+38    1.70141E+38    1.70141E+38    1.70141E+38    1.70141E+38    1.70141E+38    1.70141E+38    1.70141E+38    1.70141E+38    1.70141E+38    

