py_wake/examples/data/ParqueFicticio/Ridge area   Sector 8   Height 30m   Mean speed.grd
DSAA
23  33
 262878   265078
 6504214   6507414
 .4127989   7.513526
1.70141E+38    1.70141E+38    1.70141E+38    1.70141E+38    1.70141E+38    1.70141E+38    1.70141E+38    1.70141E+38    1.70141E+38    1.70141E+38    1.70141E+38    1.70141E+38    1.70141E+38    1.70141E+38    1.70141E+38    1.70141E+38    1.70141E+38    1.70141E+38    1.70141E+38    1.70141E+38    1.70141E+38    1.70141E+38    1.70141E+38    

1.70141E+38    1.70141E+38    1.70141E+38    1.70141E+38    1.70141E+38    1.70141E+38    1.70141E+38    1.70141E+38    1.70141E+38    1.70141E+38    1.70141E+38    1.70141E+38    1.70141E+38    1.70141E+38    1.70141E+38    1.70141E+38    1.70141E+38    1.70141E+38    1.70141E+38    1.70141E+38    1.70141E+38    1.70141E+38    1.70141E+38    

1.70141E+38    1.70141E+38    1.70141E+38    1.70141E+38    1.70141E+38    1.70141E+38    1.70141E+38    1.70141E+38    1.70141E+38    1.70141E+38    1.70141E+38    1.70141E+38    1.70141E+38    1.70141E+38    1.70141E+38    1.70141E+38    1.70141E+38    1.70141E+38    1.70141E+38    1.70141E+38    1.70141E+38    1.70141E+38    1.70141E+38    

1.70141E+38    1.70141E+38    1.70141E+38    1.70141E+38    1.70141E+38    1.70141E+38    1.70141E+38    1.70141E+38    1.70141E+38    1.70141E+38    1.70141E+38    1.70141E+38    1.70141E+38    1.70141E+38    1.70141E+38    1.70141E+38    1.70141E+38    1.70141E+38    1.70141E+38    1.70141E+38    1.70141E+38    1.70141E+38    1.70141E+38    

1.70141E+38    1.70141E+38    1.70141E+38    1.70141E+38    1.70141E+38    1.70141E+38    1.70141E+38    1.70141E+38    1.70141E+38    1.70141E+38    1.70141E+38    1.70141E+38    1.70141E+38    1.70141E+38    1.70141E+38    1.70141E+38    1.70141E+38    1.70141E+38    1.70141E+38    1.70141E+38    1.70141E+38    1.70141E+38    1.70141E+38    

3.936403       3.976771       4.183955       4.54951        4.881842       5.139731       5.205359       5.323751       5.41983        5.746195       6.194261       6.504444       6.548002       5.625119       3.289721       1.213154       1.182523       1.074887       2.068498       3.529791       1.70141E+38    1.70141E+38    1.70141E+38    

4.126708       4.07446        4.14616        4.470725       4.831206       5.112821       5.409731       5.700795       5.927036       6.137279       6.387517       6.613216       6.297586       2.102465       1.098196       1.402153       1.329905       1.238066       2.303002       4.580883       1.70141E+38    1.70141E+38    1.70141E+38    

4.176286       4.320381       4.451444       4.501416       4.460561       4.510327       4.621351       4.886947       5.330268       5.756164       6.140462       6.383664       5.771667       2.55008        .9180648       1.945758       1.888433       1.8252         2.887356       5.40243        1.70141E+38    1.70141E+38    1.70141E+38    

4.09989        4.273981       4.437201       4.450264       4.371299       4.301506       4.242422       4.265072       4.490227       4.912029       5.67706        6.20846        5.36796        1.853433       .5325782       1.480017       1.82574        2.244171       3.749005       5.861777       1.70141E+38    1.70141E+38    1.70141E+38    

3.943201       4.182115       4.350305       4.385913       4.420171       4.569767       4.66504        4.861772       4.988379       5.142832       5.541681       6.029915       5.551405       2.590155       .4794573       .8954656       2.065108       2.066411       4.746737       6.013244       1.70141E+38    1.70141E+38    1.70141E+38    

4.024436       4.311965       4.605195       4.889589       5.070037       5.31426        5.587761       5.892627       6.15684        6.191114       6.195458       6.420471       6.104194       4.339548       .972792        1.746544       1.75748        2.512902       5.002707       6.330035       1.70141E+38    1.70141E+38    1.70141E+38    

4.30922        4.36499        4.748824       5.293585       5.766006       6.130067       6.351467       6.492693       6.604505       6.612733       6.627397       6.691515       6.342284       4.649225       1.66295        1.634172       1.582374       3.945757       5.849952       6.934178       1.70141E+38    1.70141E+38    1.70141E+38    

4.781412       4.481633       4.411666       4.721169       5.113582       5.311696       5.313644       5.458994       5.715823       5.981705       6.287457       6.572426       6.377232       4.875477       1.81655        1.672899       3.818196       6.005115       7.008986       7.175223       1.70141E+38    1.70141E+38    1.70141E+38    

5.318312       5.085481       4.464569       4.215667       3.925704       3.804039       3.937483       3.710121       3.872835       4.612608       5.599883       6.406398       6.397635       5.038035       2.494667       3.95828        6.175568       7.275747       7.513526       7.083831       1.70141E+38    1.70141E+38    1.70141E+38    

5.724531       5.551825       5.020532       4.948049       4.449777       4.016411       4.24988        4.542058       4.75754        4.920992       5.602104       6.582812       6.621813       5.842306       4.819021       5.881784       6.698254       6.990491       6.82279        6.449299       1.70141E+38    1.70141E+38    1.70141E+38    

6.214821       6.229918       5.942805       5.950415       5.641896       5.292556       5.453809       5.818764       6.211508       6.508625       6.780818       6.988118       7.002697       6.696481       6.354348       5.860003       5.46159        5.374939       5.183971       4.872701       1.70141E+38    1.70141E+38    1.70141E+38    

6.934307       7.001732       6.839158       6.703331       6.674113       6.731943       6.855878       6.921593       7.046801       7.07019        7.036572       7.031111       6.861347       6.950386       6.43484        4.956161       3.468187       2.344316       2.347148       2.541095       1.70141E+38    1.70141E+38    1.70141E+38    

6.652913       6.66605        6.234681       5.73927        6.194345       6.435496       6.637715       6.648454       6.483786       6.215024       6.088726       6.42407        6.752236       6.882491       6.303837       4.722072       3.242362       1.358579       1.318677       1.175747       1.70141E+38    1.70141E+38    1.70141E+38    

5.685269       5.008075       2.699579       1.497907       2.104684       3.14864        3.908014       3.766824       3.310008       2.87004        3.639064       5.726436       6.714283       6.584359       5.571334       2.14737        2.627239       1.450588       .8467801       .8463883       1.70141E+38    1.70141E+38    1.70141E+38    

3.747028       .7189074       .7861606       .858684        .6835818       1.594713       1.692251       1.644702       1.700437       2.670435       4.047178       5.888711       6.236238       5.554852       4.36676        2.544167       1.969476       1.358541       .5963929       .4127989       1.70141E+38    1.70141E+38    1.70141E+38    

3.069798       2.815567       3.545672       4.117507       3.936915       3.287444       2.860313       2.674866       2.885612       4.121646       5.770087       6.568495       5.996464       3.522115       2.007138       1.987713       2.193435       2.265976       1.49364        .9752065       1.70141E+38    1.70141E+38    1.70141E+38    

5.169862       5.69413        6.071217       6.326653       5.960605       5.249887       4.407497       4.342587       4.703663       5.758181       6.700523       6.652517       5.706247       3.270607       1.920982       1.906773       2.24513        2.605658       3.110401       2.834132       1.70141E+38    1.70141E+38    1.70141E+38    

6.147775       6.161651       5.74904        5.117791       4.723565       4.476766       4.342866       5.132542       6.272547       6.715467       6.437182       5.585784       4.774535       2.917707       3.612672       2.491915       1.967207       2.048341       2.705257       3.355427       1.70141E+38    1.70141E+38    1.70141E+38    

5.356933       4.782986       4.130672       3.715535       3.826592       4.195414       4.967773       6.092673       6.808732       6.564692       4.955888       2.486811       2.325726       2.055515       6.457244       5.853699       4.706115       3.057367       2.540114       2.638064       1.70141E+38    1.70141E+38    1.70141E+38    

3.871542       3.547729       3.514482       4.286898       5.190342       5.983227       6.656712       6.867173       6.519217       5.669566       2.669286       2.521188       2.69932        2.10182        1.349223       1.499769       2.186743       1.64906        4.060113       3.195681       1.70141E+38    1.70141E+38    1.70141E+38    

1.70141E+38    1.70141E+38    1.70141E+38    1.70141E+38    1.70141E+38    1.70141E+38    1.70141E+38    1.70141E+38    1.70141E+38    1.70141E+38    1.70141E+38    1.70141E+38    1.70141E+38    1.70141E+38    1.70141E+38    1.70141E+38    1.70141E+38    1.70141E+38    1.70141E+38    1.70141E+38    1.70141E+38    1.70141E+38    1.70141E+38    

1.70141E+38    1.70141E+38    1.70141E+38    1.70141E+38    1.70141E+38    1.70141E+38    1.70141E+38    1.70141E+38    1.70141E+38    1.70141E+38    1.70141E+38    1.70141E+38    1.70141E+38    1.70141E+38    1.70141E+38    1.70141E+38    1.70141E+38    1.70141E+38    1.70141E+38    1.70141E+38    1.70141E+38    1.70141E+38    1.70141E+38    

1.70141E+38    1.70141E+38    1.70141E+38    1.70141E+38    1.70141E+38    1.70141E+38    1.70141E+38    1.70141E+38    1.70141E+38    1.70141E+38    1.70141E+38    1.70141E+38    1.70141E+38    1.70141E+38    1.70141E+38    1.70141E+38    1.70141E+38    1.70141E+38    1.70141E+38    1.70141E+38    1.70141E+38    1.70141E+38    1.70141E+38    

1.70141E+38    1.70141E+38    1.70141E+38    1.70141E+38    1.70141E+38    1.70141E+38    1.70141E+38    1.70141E+38    1.70141E+38    1.70141E+38    1.70141E+38    1.70141E+38    1.70141E+38    1.70141E+38    1.70141E+38    1.70141E+38    1.70141E+38    1.70141E+38    1.70141E+38    1.70141E+38    1.70141E+38    1.70141E+38    1.70141E+38    

1.70141E+38    1.70141E+38    1.70141E+38    1.70141E+38    1.70141E+38    1.70141E+38    1.70141E+38    1.70141E+38    1.70141E+38    1.70141E+38    1.70141E+38    1.70141E+38    1.70141E+38    1.70141E+38    1.70141E+38    1.70141E+38    1.70141E+38    1.70141E+38    1.70141E+38    1.70141E+38    1.70141E+38    1.70141E+38    1.70141E+38    

1.70141E+38    1.70141E+38    1.70141E+38    1.70141E+38    1.70141E+38    1.70141E+38    1.70141E+38    1.70141E+38    1.70141E+38    1.70141E+38    1.70141E+38    1.70141E+38    1.70141E+38    1.70141E+38    1.70141E+38    1.70141E+38    1.70141E+38    1.70141E+38    1.70141E+38    1.70141E+38    1.70141E+38    1.70141E+38    1.70141E+38    

1.70141E+38    1.70141E+38    1.70141E+38    1.70141E+38    1.70141E+38    1.70141E+38    1.70141E+38    1.70141E+38    1.70141E+38    1.70141E+38    1.70141E+38    1.70141E+38    1.70141E+38    1.70141E+38    1.70141E+38    1.70141E+38    1.70141E+38    1.70141E+38    1.70141E+38    1.70141E+38    1.70141E+38    1.70141E+38    1.70141E+38    

1.70141E+38    1.70141E+38    1.70141E+38    1.70141E+38    1.70141E+38    1.70141E+38    1.70141E+38    1.70141E+38    1.70141E+38    1.70141E+38    1.70141E+38    1.70141E+38    1.70141E+38    1.70141E+38    1.70141E+38    1.70141E+38    1.70141E+38    1.70141E+38    1.70141E+38    1.70141E+38    1.70141E+38    1.70141E+38    1.70141E+38    

