py_wake/examples/data/ParqueFicticio/Ridge area   Sector 1   Height 30m   Flow inclination.grd
DSAA
23  33
 262878   265078
 6504214   6507414
-18.48097   17.80108
1.70141E+38    1.70141E+38    1.70141E+38    1.70141E+38    1.70141E+38    1.70141E+38    1.70141E+38    1.70141E+38    1.70141E+38    1.70141E+38    1.70141E+38    1.70141E+38    1.70141E+38    1.70141E+38    1.70141E+38    1.70141E+38    1.70141E+38    1.70141E+38    1.70141E+38    1.70141E+38    1.70141E+38    1.70141E+38    1.70141E+38    

1.70141E+38    1.70141E+38    1.70141E+38    1.70141E+38    1.70141E+38    1.70141E+38    1.70141E+38    1.70141E+38    1.70141E+38    1.70141E+38    1.70141E+38    1.70141E+38    1.70141E+38    1.70141E+38    1.70141E+38    1.70141E+38    1.70141E+38    1.70141E+38    1.70141E+38    1.70141E+38    1.70141E+38    1.70141E+38    1.70141E+38    

1.70141E+38    1.70141E+38    1.70141E+38    1.70141E+38    1.70141E+38    1.70141E+38    1.70141E+38    1.70141E+38    1.70141E+38    1.70141E+38    1.70141E+38    1.70141E+38    1.70141E+38    1.70141E+38    1.70141E+38    1.70141E+38    1.70141E+38    1.70141E+38    1.70141E+38    1.70141E+38    1.70141E+38    1.70141E+38    1.70141E+38    

1.70141E+38    1.70141E+38    1.70141E+38    1.70141E+38    1.70141E+38    1.70141E+38    1.70141E+38    1.70141E+38    1.70141E+38    1.70141E+38    1.70141E+38    1.70141E+38    1.70141E+38    1.70141E+38    1.70141E+38    1.70141E+38    1.70141E+38    1.70141E+38    1.70141E+38    1.70141E+38    1.70141E+38    1.70141E+38    1.70141E+38    

1.70141E+38    1.70141E+38    1.70141E+38    1.70141E+38    1.70141E+38    1.70141E+38    1.70141E+38    1.70141E+38    1.70141E+38    1.70141E+38    1.70141E+38    1.70141E+38    1.70141E+38    1.70141E+38    1.70141E+38    1.70141E+38    1.70141E+38    1.70141E+38    1.70141E+38    1.70141E+38    1.70141E+38    1.70141E+38    1.70141E+38    

-5.262309      -4.477119      -4.033795      -4.566049      -5.602617      -6.764709      -9.365069      -11.51969      -12.96081      -12.4709       -12.77247      -11.72412      -6.722682      -2.585756      -6.17853       6.910041       3.75455        -4.373996      -9.683475      -13.63965      1.70141E+38    1.70141E+38    1.70141E+38    

-5.082538      -6.746912      -7.24239       -4.377259      -1.675467      -.2155802      -.1472631      -1.776511      -4.425811      -6.727662      -8.689682      -8.516977      -5.785418      -4.502136      4.035516       5.964589       -2.032256      -11.16619      -11.9448       -13.66394      1.70141E+38    1.70141E+38    1.70141E+38    

-4.084695      -4.825363      -6.927565      -6.962957      -5.023076      -2.635874      -.1932898      1.11296        .3397214       -1.047122      -3.84616       -6.465746      -5.829398      -7.119492      -9.198304      .2576273       -8.687286      -12.85054      -13.9358       -12.90798      1.70141E+38    1.70141E+38    1.70141E+38    

-4.447881      -3.723859      -3.759006      -5.419062      -7.436845      -8.662998      -8.697164      -8.176303      -7.759796      -5.331109      -3.999103      -6.046845      -8.761772      -11.56101      -11.61945      -7.687166      -10.00737      -17.76991      -13.60877      -11.30206      1.70141E+38    1.70141E+38    1.70141E+38    

-7.778673      -5.78675       -6.157808      -7.271365      -9.137917      -9.687302      -11.07028      -11.84614      -12.3913       -11.71433      -8.890859      -8.454088      -10.89793      -12.96914      -10.87911      -14.95501      -4.228904      -17.61338      -14.21565      -10.55184      1.70141E+38    1.70141E+38    1.70141E+38    

-12.30362      -9.139624      -6.427352      -7.039732      -9.323776      -10.04379      -9.70784       -9.394547      -10.23478      -10.94758      -10.15063      -9.428924      -9.853216      -9.957944      -10.92623      -9.558921      2.378151       2.326416       -14.35724      -10.80262      1.70141E+38    1.70141E+38    1.70141E+38    

-13.90668      -5.537881      -8.6824        -4.794223      -3.530454      -3.602712      -2.153259      -.9346982      -1.049556      -3.219258      -5.54349       -7.230017      -7.755126      -8.033272      -10.34728      -14.26321      -5.512612      -11.42324      -13.16101      -10.08763      1.70141E+38    1.70141E+38    1.70141E+38    

-13.81988      12.40661       -18.48097      -10.88024      -3.740498      .1674913       3.19093        4.905267       5.306772       3.27221        .02431196      -3.646116      -6.978132      -8.310667      -7.63078       -13.46031      -11.97902      -11.09911      -9.62239       -7.484923      1.70141E+38    1.70141E+38    1.70141E+38    

-12.21372      -13.74474      -11.46399      -11.89163      -15.06389      -15.22784      -7.601231      -4.126387      -1.241554      .2229856       -.3099455      -3.643157      -6.672136      -9.06201       -12.10827      -12.1156       -6.827745      -3.743638      -1.84101       -1.647261      1.70141E+38    1.70141E+38    1.70141E+38    

-9.507512      -12.94491      -13.86835      -11.15708      -.8992738      -17.07344      -11.92031      -9.356428      -8.363983      -7.215551      -5.367875      -4.35475       -6.193736      -9.007833      -9.983705      -6.535258      .9810365       6.723502       8.819883       9.19453        1.70141E+38    1.70141E+38    1.70141E+38    

-7.115289      -10.53477      -12.18118      -10.39264      -10.98958      -12.71502      -12.01736      -9.875776      -8.148479      -6.766955      -5.098635      -3.696294      -4.232855      -5.895559      -5.114898      .2331811       8.497791       14.2165        16.92855       16.79557       1.70141E+38    1.70141E+38    1.70141E+38    

-.05384265     -2.098328      -3.184112      -2.461305      -4.371161      -6.489171      -6.336863      -4.544075      -1.787462      .5816858       1.825032       1.411825       -.2091931      -1.808107      -.7456183      2.956947       12.86377       12.43935       16.39917       17.67337       1.70141E+38    1.70141E+38    1.70141E+38    

8.411306       9.205239       9.164221       9.419778       7.147853       5.495893       5.267724       6.275615       6.87117        7.759848       7.585543       4.940077       1.684653       1.743616       3.438426       4.689834       4.249185       1.365444       10.15145       5.446761       1.70141E+38    1.70141E+38    1.70141E+38    

11.75235       12.67277       9.87291        8.998124       9.442416       9.836137       10.33096       10.0756        8.79793        6.590069       5.569532       3.607058       4.367146       6.14625        6.733757       6.269978       -5.091714      -2.648706      2.983828       2.653282       1.70141E+38    1.70141E+38    1.70141E+38    

6.680209       1.172162       -1.670803      -2.452423      -1.417225      -1.847886      -1.714068      -3.48267       -1.366329      -1.684332      -2.0303        -.2820603      4.923028       10.16598       10.17654       7.143048       4.230906       -3.667815      -2.469014      6.077391       1.70141E+38    1.70141E+38    1.70141E+38    

-3.765169      -4.718871      -4.33119       -5.129555      -5.512526      -6.742455      -6.385339      -7.014266      -6.398818      -5.738737      -4.335064      .03972989      5.664878       10.9142        12.42342       10.44713       6.658012       1.543904       -2.512959      -1.390359      1.70141E+38    1.70141E+38    1.70141E+38    

-4.741905      -3.976768      -1.942614      1.524186       .9823669       -.1162426      -2.114284      -5.030502      -8.033211      -5.120897      .4704953       4.25742        6.406005       5.845192       6.892358       7.931379       9.001155       7.697165       4.462992       .807101        1.70141E+38    1.70141E+38    1.70141E+38    

2.515064       5.45507        7.876117       8.010303       4.990949       .09677731      -1.396391      -2.592654      -2.850405      .2047632       6.822246       12.27612       11.9117        6.132071       2.416471       1.787504       1.399276       4.524452       5.522581       7.653556       1.70141E+38    1.70141E+38    1.70141E+38    

10.58897       10.4115        6.84956        .4807468       -3.578471      -5.542409      -6.035894      -1.9233        3.97425        8.742152       13.91735       17.80108       17.40192       14.22106       9.77522        2.577429       -1.256278      1.062506       -3.70541       -2.961023      1.70141E+38    1.70141E+38    1.70141E+38    

6.031044       3.081331       -.7969062      -3.500291      -5.348832      -5.826481      -3.582813      1.701354       8.749461       13.09784       14.60659       16.49073       17.58904       17.14305       15.9474        11.01317       2.074225       -3.347442      -4.375093      -3.510892      1.70141E+38    1.70141E+38    1.70141E+38    

1.70141E+38    1.70141E+38    1.70141E+38    1.70141E+38    1.70141E+38    1.70141E+38    1.70141E+38    1.70141E+38    1.70141E+38    1.70141E+38    1.70141E+38    1.70141E+38    1.70141E+38    1.70141E+38    1.70141E+38    1.70141E+38    1.70141E+38    1.70141E+38    1.70141E+38    1.70141E+38    1.70141E+38    1.70141E+38    1.70141E+38    

1.70141E+38    1.70141E+38    1.70141E+38    1.70141E+38    1.70141E+38    1.70141E+38    1.70141E+38    1.70141E+38    1.70141E+38    1.70141E+38    1.70141E+38    1.70141E+38    1.70141E+38    1.70141E+38    1.70141E+38    1.70141E+38    1.70141E+38    1.70141E+38    1.70141E+38    1.70141E+38    1.70141E+38    1.70141E+38    1.70141E+38    

1.70141E+38    1.70141E+38    1.70141E+38    1.70141E+38    1.70141E+38    1.70141E+38    1.70141E+38    1.70141E+38    1.70141E+38    1.70141E+38    1.70141E+38    1.70141E+38    1.70141E+38    1.70141E+38    1.70141E+38    1.70141E+38    1.70141E+38    1.70141E+38    1.70141E+38    1.70141E+38    1.70141E+38    1.70141E+38    1.70141E+38    

1.70141E+38    1.70141E+38    1.70141E+38    1.70141E+38    1.70141E+38    1.70141E+38    1.70141E+38    1.70141E+38    1.70141E+38    1.70141E+38    1.70141E+38    1.70141E+38    1.70141E+38    1.70141E+38    1.70141E+38    1.70141E+38    1.70141E+38    1.70141E+38    1.70141E+38    1.70141E+38    1.70141E+38    1.70141E+38    1.70141E+38    

1.70141E+38    1.70141E+38    1.70141E+38    1.70141E+38    1.70141E+38    1.70141E+38    1.70141E+38    1.70141E+38    1.70141E+38    1.70141E+38    1.70141E+38    1.70141E+38    1.70141E+38    1.70141E+38    1.70141E+38    1.70141E+38    1.70141E+38    1.70141E+38    1.70141E+38    1.70141E+38    1.70141E+38    1.70141E+38    1.70141E+38    

1.70141E+38    1.70141E+38    1.70141E+38    1.70141E+38    1.70141E+38    1.70141E+38    1.70141E+38    1.70141E+38    1.70141E+38    1.70141E+38    1.70141E+38    1.70141E+38    1.70141E+38    1.70141E+38    1.70141E+38    1.70141E+38    1.70141E+38    1.70141E+38    1.70141E+38    1.70141E+38    1.70141E+38    1.70141E+38    1.70141E+38    

1.70141E+38    1.70141E+38    1.70141E+38    1.70141E+38    1.70141E+38    1.70141E+38    1.70141E+38    1.70141E+38    1.70141E+38    1.70141E+38    1.70141E+38    1.70141E+38    1.70141E+38    1.70141E+38    1.70141E+38    1.70141E+38    1.70141E+38    1.70141E+38    1.70141E+38    1.70141E+38    1.70141E+38    1.70141E+38    1.70141E+38    

1.70141E+38    1.70141E+38    1.70141E+38    1.70141E+38    1.70141E+38    1.70141E+38    1.70141E+38    1.70141E+38    1.70141E+38    1.70141E+38    1.70141E+38    1.70141E+38    1.70141E+38    1.70141E+38    1.70141E+38    1.70141E+38    1.70141E+38    1.70141E+38    1.70141E+38    1.70141E+38    1.70141E+38    1.70141E+38    1.70141E+38    

