py_wake/examples/data/ParqueFicticio/Ridge area   Sector 6   Height 30m   Weibull-A.grd
DSAA
23  33
 262878   265078
 6504214   6507414
 .7286712   7.608874
1.70141E+38    1.70141E+38    1.70141E+38    1.70141E+38    1.70141E+38    1.70141E+38    1.70141E+38    1.70141E+38    1.70141E+38    1.70141E+38    1.70141E+38    1.70141E+38    1.70141E+38    1.70141E+38    1.70141E+38    1.70141E+38    1.70141E+38    1.70141E+38    1.70141E+38    1.70141E+38    1.70141E+38    1.70141E+38    1.70141E+38    

1.70141E+38    1.70141E+38    1.70141E+38    1.70141E+38    1.70141E+38    1.70141E+38    1.70141E+38    1.70141E+38    1.70141E+38    1.70141E+38    1.70141E+38    1.70141E+38    1.70141E+38    1.70141E+38    1.70141E+38    1.70141E+38    1.70141E+38    1.70141E+38    1.70141E+38    1.70141E+38    1.70141E+38    1.70141E+38    1.70141E+38    

1.70141E+38    1.70141E+38    1.70141E+38    1.70141E+38    1.70141E+38    1.70141E+38    1.70141E+38    1.70141E+38    1.70141E+38    1.70141E+38    1.70141E+38    1.70141E+38    1.70141E+38    1.70141E+38    1.70141E+38    1.70141E+38    1.70141E+38    1.70141E+38    1.70141E+38    1.70141E+38    1.70141E+38    1.70141E+38    1.70141E+38    

1.70141E+38    1.70141E+38    1.70141E+38    1.70141E+38    1.70141E+38    1.70141E+38    1.70141E+38    1.70141E+38    1.70141E+38    1.70141E+38    1.70141E+38    1.70141E+38    1.70141E+38    1.70141E+38    1.70141E+38    1.70141E+38    1.70141E+38    1.70141E+38    1.70141E+38    1.70141E+38    1.70141E+38    1.70141E+38    1.70141E+38    

1.70141E+38    1.70141E+38    1.70141E+38    1.70141E+38    1.70141E+38    1.70141E+38    1.70141E+38    1.70141E+38    1.70141E+38    1.70141E+38    1.70141E+38    1.70141E+38    1.70141E+38    1.70141E+38    1.70141E+38    1.70141E+38    1.70141E+38    1.70141E+38    1.70141E+38    1.70141E+38    1.70141E+38    1.70141E+38    1.70141E+38    

4.798568       4.951314       5.331896       5.824683       6.238937       6.631481       6.704882       6.623428       6.353336       6.400137       6.368919       6.046407       5.704018       5.198565       4.775466       4.543345       3.66943        3.689455       4.266193       4.689298       1.70141E+38    1.70141E+38    1.70141E+38    

5.067914       5.034429       4.887151       4.989521       5.345613       5.787002       6.293868       6.677042       6.939365       6.950076       6.839234       6.468475       5.882109       5.033022       1.943939       3.032515       3.567126       3.624369       4.7326         4.961725       1.70141E+38    1.70141E+38    1.70141E+38    

4.860436       5.157498       5.260104       4.8746         4.377307       4.097138       4.21008        4.916515       5.816744       6.469845       6.913796       6.563034       5.788551       4.890259       2.457378       3.121324       3.400484       3.514092       4.844799       5.120404       1.70141E+38    1.70141E+38    1.70141E+38    

4.330929       4.63257        4.965294       4.973461       4.528207       4.027          3.710516       3.794332       4.359539       5.270881       6.311279       6.695297       5.766016       4.756161       2.426465       3.224336       3.338634       3.21777        5.083093       5.399164       1.70141E+38    1.70141E+38    1.70141E+38    

3.72376        4.077085       4.554754       4.73304        4.601853       4.734962       5.011158       5.270317       5.097202       5.189991       5.90501        6.546377       6.083817       5.309895       2.27017        3.594589       4.008818       3.754864       4.914396       5.501807       1.70141E+38    1.70141E+38    1.70141E+38    

3.559399       3.475022       4.14803        4.860045       5.192339       5.432121       5.972724       6.526322       6.735524       6.516797       6.568302       6.789878       6.44932        5.954412       3.753388       5.146879       4.488328       4.673463       4.96645        5.533182       1.70141E+38    1.70141E+38    1.70141E+38    

3.767383       2.858593       3.180567       4.156655       5.036674       5.751695       6.080741       6.641469       7.055959       7.350906       7.316125       7.221648       6.738905       6.087997       5.838816       5.478606       5.5722         5.591301       5.628075       5.837384       1.70141E+38    1.70141E+38    1.70141E+38    

4.575557       2.946403       1.98764        2.263199       3.102297       3.852423       4.148514       4.548813       5.672964       6.531285       7.119987       7.388948       6.99066        6.15345        5.816978       5.592887       6.466373       6.840645       6.739593       6.538655       1.70141E+38    1.70141E+38    1.70141E+38    

5.69759        4.107854       2.379772       1.736226       1.170201       1.525747       2.025132       1.914037       2.96139        4.8175         6.368786       7.238502       6.960343       6.165399       5.749253       5.85449        6.858313       7.388743       7.608874       7.532091       1.70141E+38    1.70141E+38    1.70141E+38    

6.386495       5.298988       3.839262       3.364127       2.07077        1.627657       2.459347       3.222767       4.100543       4.845582       6.061064       7.059917       7.209283       6.454273       5.971381       6.045583       6.367809       6.695848       7.067161       7.503714       1.70141E+38    1.70141E+38    1.70141E+38    

6.628186       6.299915       5.30748        5.103491       4.301315       3.430309       3.834842       4.76525        5.788964       6.354782       6.857365       7.321529       7.490063       6.987661       6.236487       5.767331       5.023581       4.76758        5.401978       5.898715       1.70141E+38    1.70141E+38    1.70141E+38    

6.761085       6.902869       6.442041       6.13903        6.062466       5.795885       5.70266        5.828686       6.308261       6.681146       7.059423       7.393927       7.34597        7.18632        6.317952       5.134795       2.945222       1.508348       1.971583       2.752295       1.70141E+38    1.70141E+38    1.70141E+38    

5.602739       6.064229       5.835995       5.159265       5.431455       5.555758       5.639143       5.7384         5.920451       5.866676       6.107577       6.801733       7.158049       7.073256       6.577226       5.391325       3.391886       1.411278       .762929        .8227167       1.70141E+38    1.70141E+38    1.70141E+38    

3.686696       3.562417       3.257721       2.640072       3.039614       3.688531       3.951129       3.820348       3.748579       3.41285        4.15916        6.033864       6.74816        6.883657       6.34118        5.304324       3.9457         2.178245       .9498634       .7286712       1.70141E+38    1.70141E+38    1.70141E+38    

1.790672       2.111907       2.285838       1.855631       1.803379       2.190895       2.029437       1.788157       2.09749        3.232082       4.420373       5.787042       6.167006       6.204836       6.041763       5.33056        4.138172       2.729788       1.733739       1.133038       1.70141E+38    1.70141E+38    1.70141E+38    

2.157584       2.750954       3.16187        3.509376       3.498222       3.32096        3.341854       3.186106       3.407578       4.518831       5.522956       6.046256       5.981078       5.006013       4.662968       4.785769       4.684148       2.746385       2.53399        2.348726       1.70141E+38    1.70141E+38    1.70141E+38    

3.735109       4.53854        4.829622       5.145322       5.121077       5.053087       4.922782       4.940689       4.872922       5.308448       5.939202       6.353135       6.254508       3.022818       2.254669       2.395256       2.586878       2.856855       2.983421       3.096926       1.70141E+38    1.70141E+38    1.70141E+38    

4.381656       4.738141       4.569108       4.289782       4.083457       4.141756       4.380481       5.087595       5.673616       5.751592       5.7128         5.857403       6.283421       6.09882        3.01497        2.570145       2.255127       2.360973       2.579186       2.8369         1.70141E+38    1.70141E+38    1.70141E+38    

3.781313       3.759845       3.576388       3.496242       3.555061       3.789778       4.279596       4.885142       5.356082       5.48922        5.184818       4.67026        5.152199       5.817388       4.340584       3.280847       2.8046         2.298696       2.177207       2.230213       1.70141E+38    1.70141E+38    1.70141E+38    

2.754458       3.05337        3.348772       3.872906       4.34636        4.789422       5.096113       4.969788       4.817708       4.7428         4.434215       2.569439       2.879194       4.413106       4.837086       5.770733       5.972133       4.764342       2.420996       2.12374        1.70141E+38    1.70141E+38    1.70141E+38    

1.70141E+38    1.70141E+38    1.70141E+38    1.70141E+38    1.70141E+38    1.70141E+38    1.70141E+38    1.70141E+38    1.70141E+38    1.70141E+38    1.70141E+38    1.70141E+38    1.70141E+38    1.70141E+38    1.70141E+38    1.70141E+38    1.70141E+38    1.70141E+38    1.70141E+38    1.70141E+38    1.70141E+38    1.70141E+38    1.70141E+38    

1.70141E+38    1.70141E+38    1.70141E+38    1.70141E+38    1.70141E+38    1.70141E+38    1.70141E+38    1.70141E+38    1.70141E+38    1.70141E+38    1.70141E+38    1.70141E+38    1.70141E+38    1.70141E+38    1.70141E+38    1.70141E+38    1.70141E+38    1.70141E+38    1.70141E+38    1.70141E+38    1.70141E+38    1.70141E+38    1.70141E+38    

1.70141E+38    1.70141E+38    1.70141E+38    1.70141E+38    1.70141E+38    1.70141E+38    1.70141E+38    1.70141E+38    1.70141E+38    1.70141E+38    1.70141E+38    1.70141E+38    1.70141E+38    1.70141E+38    1.70141E+38    1.70141E+38    1.70141E+38    1.70141E+38    1.70141E+38    1.70141E+38    1.70141E+38    1.70141E+38    1.70141E+38    

1.70141E+38    1.70141E+38    1.70141E+38    1.70141E+38    1.70141E+38    1.70141E+38    1.70141E+38    1.70141E+38    1.70141E+38    1.70141E+38    1.70141E+38    1.70141E+38    1.70141E+38    1.70141E+38    1.70141E+38    1.70141E+38    1.70141E+38    1.70141E+38    1.70141E+38    1.70141E+38    1.70141E+38    1.70141E+38    1.70141E+38    

1.70141E+38    1.70141E+38    1.70141E+38    1.70141E+38    1.70141E+38    1.70141E+38    1.70141E+38    1.70141E+38    1.70141E+38    1.70141E+38    1.70141E+38    1.70141E+38    1.70141E+38    1.70141E+38    1.70141E+38    1.70141E+38    1.70141E+38    1.70141E+38    1.70141E+38    1.70141E+38    1.70141E+38    1.70141E+38    1.70141E+38    

1.70141E+38    1.70141E+38    1.70141E+38    1.70141E+38    1.70141E+38    1.70141E+38    1.70141E+38    1.70141E+38    1.70141E+38    1.70141E+38    1.70141E+38    1.70141E+38    1.70141E+38    1.70141E+38    1.70141E+38    1.70141E+38    1.70141E+38    1.70141E+38    1.70141E+38    1.70141E+38    1.70141E+38    1.70141E+38    1.70141E+38    

1.70141E+38    1.70141E+38    1.70141E+38    1.70141E+38    1.70141E+38    1.70141E+38    1.70141E+38    1.70141E+38    1.70141E+38    1.70141E+38    1.70141E+38    1.70141E+38    1.70141E+38    1.70141E+38    1.70141E+38    1.70141E+38    1.70141E+38    1.70141E+38    1.70141E+38    1.70141E+38    1.70141E+38    1.70141E+38    1.70141E+38    

1.70141E+38    1.70141E+38    1.70141E+38    1.70141E+38    1.70141E+38    1.70141E+38    1.70141E+38    1.70141E+38    1.70141E+38    1.70141E+38    1.70141E+38    1.70141E+38    1.70141E+38    1.70141E+38    1.70141E+38    1.70141E+38    1.70141E+38    1.70141E+38    1.70141E+38    1.70141E+38    1.70141E+38    1.70141E+38    1.70141E+38    

