py_wake/examples/data/ParqueFicticio/Ridge area   Sector 1   Height 30m   Mean speed.grd
DSAA
23  33
 262878   265078
 6504214   6507414
 .4074641   5.145448
1.70141E+38    1.70141E+38    1.70141E+38    1.70141E+38    1.70141E+38    1.70141E+38    1.70141E+38    1.70141E+38    1.70141E+38    1.70141E+38    1.70141E+38    1.70141E+38    1.70141E+38    1.70141E+38    1.70141E+38    1.70141E+38    1.70141E+38    1.70141E+38    1.70141E+38    1.70141E+38    1.70141E+38    1.70141E+38    1.70141E+38    

1.70141E+38    1.70141E+38    1.70141E+38    1.70141E+38    1.70141E+38    1.70141E+38    1.70141E+38    1.70141E+38    1.70141E+38    1.70141E+38    1.70141E+38    1.70141E+38    1.70141E+38    1.70141E+38    1.70141E+38    1.70141E+38    1.70141E+38    1.70141E+38    1.70141E+38    1.70141E+38    1.70141E+38    1.70141E+38    1.70141E+38    

1.70141E+38    1.70141E+38    1.70141E+38    1.70141E+38    1.70141E+38    1.70141E+38    1.70141E+38    1.70141E+38    1.70141E+38    1.70141E+38    1.70141E+38    1.70141E+38    1.70141E+38    1.70141E+38    1.70141E+38    1.70141E+38    1.70141E+38    1.70141E+38    1.70141E+38    1.70141E+38    1.70141E+38    1.70141E+38    1.70141E+38    

1.70141E+38    1.70141E+38    1.70141E+38    1.70141E+38    1.70141E+38    1.70141E+38    1.70141E+38    1.70141E+38    1.70141E+38    1.70141E+38    1.70141E+38    1.70141E+38    1.70141E+38    1.70141E+38    1.70141E+38    1.70141E+38    1.70141E+38    1.70141E+38    1.70141E+38    1.70141E+38    1.70141E+38    1.70141E+38    1.70141E+38    

1.70141E+38    1.70141E+38    1.70141E+38    1.70141E+38    1.70141E+38    1.70141E+38    1.70141E+38    1.70141E+38    1.70141E+38    1.70141E+38    1.70141E+38    1.70141E+38    1.70141E+38    1.70141E+38    1.70141E+38    1.70141E+38    1.70141E+38    1.70141E+38    1.70141E+38    1.70141E+38    1.70141E+38    1.70141E+38    1.70141E+38    

2.029677       1.956218       2.2061         2.54993        2.779216       3.022948       2.946934       2.900998       2.877702       2.995171       3.038046       3.010335       3.050306       2.706582       1.85536        1.322785       1.087223       1.242054       1.414103       1.773623       1.70141E+38    1.70141E+38    1.70141E+38    

2.06342        1.955629       2.084199       2.292702       2.505448       2.725182       2.836079       3.04134        3.31791        3.400033       3.324847       3.234015       3.059002       2.507567       1.355982       1.076058       .9840959       1.344693       1.528697       1.94302        1.70141E+38    1.70141E+38    1.70141E+38    

1.895368       1.974909       2.28221        2.297086       2.164458       2.096844       1.975275       2.071259       2.511728       2.976793       3.227804       3.146231       2.824961       2.279017       1.609832       .8782299       1.038447       1.364815       1.356743       2.235947       1.70141E+38    1.70141E+38    1.70141E+38    

1.560113       1.695791       2.136625       2.302091       2.242175       2.08443        1.807208       1.544836       1.6127         2.103335       2.793904       3.137398       2.685459       2.155546       1.660873       .8038824       1.075027       1.583334       1.583647       2.50853        1.70141E+38    1.70141E+38    1.70141E+38    

1.149904       1.386115       1.945353       2.222608       2.32939        2.43643        2.484667       2.461805       2.227266       2.285358       2.686175       3.076889       2.947997       2.695053       2.215721       1.338375       1.325868       .7686614       1.333173       2.681001       1.70141E+38    1.70141E+38    1.70141E+38    

.9555951       1.104481       1.844609       2.419221       2.754916       3.015739       3.281945       3.547696       3.624988       3.48722        3.395763       3.486135       3.419965       3.278349       2.719529       1.261275       .7031818       .5667433       1.392194       3.043299       1.70141E+38    1.70141E+38    1.70141E+38    

1.206471       .5876687       1.354957       2.35956        3.043183       3.562454       3.784691       3.913318       4.027048       4.076129       3.957001       3.858898       3.68598        3.35115        2.742279       2.400638       1.382753       1.748774       2.95233        3.72573        1.70141E+38    1.70141E+38    1.70141E+38    

2.105454       .4074641       .7643908       1.397153       1.987654       2.516062       2.698235       2.851918       3.142129       3.478152       3.748945       3.889201       3.809482       3.393068       2.560224       3.048474       3.524326       4.183896       4.434953       4.455758       1.70141E+38    1.70141E+38    1.70141E+38    

3.27581        2.045428       .8178179       .8760891       .8201578       1.235451       1.744961       1.748936       1.922831       2.431615       3.225263       3.809379       3.824095       3.454257       3.141943       3.704133       4.499697       4.98206        5.145448       5.044895       1.70141E+38    1.70141E+38    1.70141E+38    

3.844391       3.270923       2.083651       1.731127       .64092         1.072205       2.064914       2.482484       2.59554        2.718167       3.316232       3.945695       4.090244       3.866665       3.769115       4.105146       4.473596       4.723248       4.885355       4.994359       1.70141E+38    1.70141E+38    1.70141E+38    

4.208146       4.101448       3.733872       3.616488       3.067697       2.603474       3.211944       3.591598       3.844602       4.001892       4.206215       4.374805       4.4801         4.385703       4.327361       4.011252       3.58201        3.668786       3.89499        4.0793         1.70141E+38    1.70141E+38    1.70141E+38    

4.714407       4.743142       4.706486       4.588087       4.455911       4.413916       4.448916       4.449553       4.471191       4.471771       4.468177       4.507871       4.459307       4.557438       4.393776       3.595991       1.860853       2.074659       2.6681         3.147826       1.70141E+38    1.70141E+38    1.70141E+38    

4.282771       4.399032       4.218817       3.838278       4.093792       4.265558       4.368742       4.361946       4.186549       3.846386       3.7625         4.114146       4.397252       4.501659       4.433665       2.823644       1.896054       1.703505       1.850105       2.1146         1.70141E+38    1.70141E+38    1.70141E+38    

3.465841       3.105517       2.506447       2.038568       2.342716       2.810854       2.947956       2.825355       2.554944       2.211382       2.479324       3.704243       4.295268       4.406031       4.161          3.727644       2.40387        1.95819        1.570213       1.701741       1.70141E+38    1.70141E+38    1.70141E+38    

2.424997       1.860639       1.359453       .9433579       1.031063       1.845102       1.674559       1.162692       1.004784       1.792659       2.66266        3.877461       4.165157       4.137949       3.966233       3.627149       3.179928       2.689633       2.131048       1.366449       1.70141E+38    1.70141E+38    1.70141E+38    

2.263689       1.984419       2.345006       2.635948       2.823751       2.814222       2.635829       2.270899       2.179656       3.086619       3.939195       4.287113       4.185188       3.541895       3.218325       3.286341       3.362833       3.2907         2.913612       2.430686       1.70141E+38    1.70141E+38    1.70141E+38    

3.558958       3.826855       4.000367       4.131299       3.994327       3.865945       3.619792       3.671365       3.706894       4.195108       4.611191       4.639154       4.320053       3.692644       2.814038       2.394197       2.594566       3.048686       3.397995       3.373406       1.70141E+38    1.70141E+38    1.70141E+38    

4.02926        4.040657       3.789869       3.343348       3.021173       2.921222       3.139169       3.970019       4.492238       4.707575       4.690528       4.450428       4.337539       4.184906       3.682151       2.822587       1.686604       1.504939       2.275596       2.908687       1.70141E+38    1.70141E+38    1.70141E+38    

3.472575       3.190114       2.851803       2.570698       2.474464       2.719864       3.465316       4.214703       4.579949       4.613323       4.240418       3.738141       3.731208       3.972652       4.039087       3.864834       3.193365       1.621917       1.23078        1.511332       1.70141E+38    1.70141E+38    1.70141E+38    

2.631263       2.668232       2.738512       3.161867       3.631313       4.017927       4.37306        4.466168       4.363222       4.094619       3.660491       3.144693       3.035146       3.217189       3.426413       3.865178       4.017258       3.497575       2.21471        1.261287       1.70141E+38    1.70141E+38    1.70141E+38    

1.70141E+38    1.70141E+38    1.70141E+38    1.70141E+38    1.70141E+38    1.70141E+38    1.70141E+38    1.70141E+38    1.70141E+38    1.70141E+38    1.70141E+38    1.70141E+38    1.70141E+38    1.70141E+38    1.70141E+38    1.70141E+38    1.70141E+38    1.70141E+38    1.70141E+38    1.70141E+38    1.70141E+38    1.70141E+38    1.70141E+38    

1.70141E+38    1.70141E+38    1.70141E+38    1.70141E+38    1.70141E+38    1.70141E+38    1.70141E+38    1.70141E+38    1.70141E+38    1.70141E+38    1.70141E+38    1.70141E+38    1.70141E+38    1.70141E+38    1.70141E+38    1.70141E+38    1.70141E+38    1.70141E+38    1.70141E+38    1.70141E+38    1.70141E+38    1.70141E+38    1.70141E+38    

1.70141E+38    1.70141E+38    1.70141E+38    1.70141E+38    1.70141E+38    1.70141E+38    1.70141E+38    1.70141E+38    1.70141E+38    1.70141E+38    1.70141E+38    1.70141E+38    1.70141E+38    1.70141E+38    1.70141E+38    1.70141E+38    1.70141E+38    1.70141E+38    1.70141E+38    1.70141E+38    1.70141E+38    1.70141E+38    1.70141E+38    

1.70141E+38    1.70141E+38    1.70141E+38    1.70141E+38    1.70141E+38    1.70141E+38    1.70141E+38    1.70141E+38    1.70141E+38    1.70141E+38    1.70141E+38    1.70141E+38    1.70141E+38    1.70141E+38    1.70141E+38    1.70141E+38    1.70141E+38    1.70141E+38    1.70141E+38    1.70141E+38    1.70141E+38    1.70141E+38    1.70141E+38    

1.70141E+38    1.70141E+38    1.70141E+38    1.70141E+38    1.70141E+38    1.70141E+38    1.70141E+38    1.70141E+38    1.70141E+38    1.70141E+38    1.70141E+38    1.70141E+38    1.70141E+38    1.70141E+38    1.70141E+38    1.70141E+38    1.70141E+38    1.70141E+38    1.70141E+38    1.70141E+38    1.70141E+38    1.70141E+38    1.70141E+38    

1.70141E+38    1.70141E+38    1.70141E+38    1.70141E+38    1.70141E+38    1.70141E+38    1.70141E+38    1.70141E+38    1.70141E+38    1.70141E+38    1.70141E+38    1.70141E+38    1.70141E+38    1.70141E+38    1.70141E+38    1.70141E+38    1.70141E+38    1.70141E+38    1.70141E+38    1.70141E+38    1.70141E+38    1.70141E+38    1.70141E+38    

1.70141E+38    1.70141E+38    1.70141E+38    1.70141E+38    1.70141E+38    1.70141E+38    1.70141E+38    1.70141E+38    1.70141E+38    1.70141E+38    1.70141E+38    1.70141E+38    1.70141E+38    1.70141E+38    1.70141E+38    1.70141E+38    1.70141E+38    1.70141E+38    1.70141E+38    1.70141E+38    1.70141E+38    1.70141E+38    1.70141E+38    

1.70141E+38    1.70141E+38    1.70141E+38    1.70141E+38    1.70141E+38    1.70141E+38    1.70141E+38    1.70141E+38    1.70141E+38    1.70141E+38    1.70141E+38    1.70141E+38    1.70141E+38    1.70141E+38    1.70141E+38    1.70141E+38    1.70141E+38    1.70141E+38    1.70141E+38    1.70141E+38    1.70141E+38    1.70141E+38    1.70141E+38    

