py_wake/examples/data/ParqueFicticio/Ridge area   Sector 10   Height 30m   Weibull-k.grd
DSAA
23  33
 262878   265078
 6504214   6507414
 .8808594   2.380859
1.70141E+38    1.70141E+38    1.70141E+38    1.70141E+38    1.70141E+38    1.70141E+38    1.70141E+38    1.70141E+38    1.70141E+38    1.70141E+38    1.70141E+38    1.70141E+38    1.70141E+38    1.70141E+38    1.70141E+38    1.70141E+38    1.70141E+38    1.70141E+38    1.70141E+38    1.70141E+38    1.70141E+38    1.70141E+38    1.70141E+38    

1.70141E+38    1.70141E+38    1.70141E+38    1.70141E+38    1.70141E+38    1.70141E+38    1.70141E+38    1.70141E+38    1.70141E+38    1.70141E+38    1.70141E+38    1.70141E+38    1.70141E+38    1.70141E+38    1.70141E+38    1.70141E+38    1.70141E+38    1.70141E+38    1.70141E+38    1.70141E+38    1.70141E+38    1.70141E+38    1.70141E+38    

1.70141E+38    1.70141E+38    1.70141E+38    1.70141E+38    1.70141E+38    1.70141E+38    1.70141E+38    1.70141E+38    1.70141E+38    1.70141E+38    1.70141E+38    1.70141E+38    1.70141E+38    1.70141E+38    1.70141E+38    1.70141E+38    1.70141E+38    1.70141E+38    1.70141E+38    1.70141E+38    1.70141E+38    1.70141E+38    1.70141E+38    

1.70141E+38    1.70141E+38    1.70141E+38    1.70141E+38    1.70141E+38    1.70141E+38    1.70141E+38    1.70141E+38    1.70141E+38    1.70141E+38    1.70141E+38    1.70141E+38    1.70141E+38    1.70141E+38    1.70141E+38    1.70141E+38    1.70141E+38    1.70141E+38    1.70141E+38    1.70141E+38    1.70141E+38    1.70141E+38    1.70141E+38    

1.70141E+38    1.70141E+38    1.70141E+38    1.70141E+38    1.70141E+38    1.70141E+38    1.70141E+38    1.70141E+38    1.70141E+38    1.70141E+38    1.70141E+38    1.70141E+38    1.70141E+38    1.70141E+38    1.70141E+38    1.70141E+38    1.70141E+38    1.70141E+38    1.70141E+38    1.70141E+38    1.70141E+38    1.70141E+38    1.70141E+38    

2.169922       2.166016       2.158203       2.154297       2.154297       2.146484       2.142578       2.142578       2.158203       2.166016       2.166016       2.119141       2.087891       2.181641       .8808594       2.177734       2.177734       2.177734       2.177734       2.177734       1.70141E+38    1.70141E+38    1.70141E+38    

2.173828       2.169922       2.177734       2.185547       2.185547       2.181641       2.177734       2.169922       2.166016       2.169922       2.177734       2.150391       2.185547       1.962891       2.181641       2.177734       2.177734       2.150391       2.177734       2.177734       1.70141E+38    1.70141E+38    1.70141E+38    

2.185547       2.177734       2.177734       2.181641       2.185547       2.185547       2.185547       2.181641       2.177734       2.173828       2.173828       2.162109       2.185547       1.755859       1.576172       2.037109       1.748047       1.880859       2.177734       2.056641       1.70141E+38    1.70141E+38    1.70141E+38    

2.193359       2.189453       2.185547       2.173828       2.173828       2.169922       2.169922       2.123047       2.099609       2.115234       2.138672       2.134766       1.763672       1.697266       1.576172       1.294922       1.759766       1.763672       2.013672       1.990234       1.70141E+38    1.70141E+38    1.70141E+38    

2.181641       2.193359       2.189453       2.177734       2.173828       2.169922       2.162109       2.158203       2.119141       2.091797       2.091797       2.091797       2.064453       1.763672       1.189453       1.759766       2.291016       2.208984       2.142578       1.978516       1.70141E+38    1.70141E+38    1.70141E+38    

2.134766       2.115234       2.189453       2.189453       2.185547       2.185547       2.185547       2.173828       2.173828       2.150391       2.123047       2.091797       2.060547       1.845703       1.763672       2.095703       2.177734       2.177734       2.177734       2.123047       1.70141E+38    1.70141E+38    1.70141E+38    

2.138672       1.947266       2.009766       2.111328       2.169922       2.189453       2.189453       2.185547       2.181641       2.173828       2.162109       2.115234       2.083984       1.833984       1.595703       2.177734       2.177734       2.177734       2.177734       2.087891       1.70141E+38    1.70141E+38    1.70141E+38    

2.189453       1.822266       1.771484       1.498047       1.783203       2.001953       2.072266       2.103516       2.154297       2.169922       2.154297       2.119141       2.099609       1.873047       2.181641       2.177734       2.177734       2.177734       2.142578       2.111328       1.70141E+38    1.70141E+38    1.70141E+38    

2.185547       2.189453       1.736328       1.755859       1.677734       1.466797       1.794922       1.892578       1.982422       2.056641       2.107422       2.111328       2.095703       2.060547       1.626953       1.935547       2.166016       2.150391       2.162109       2.177734       1.70141E+38    1.70141E+38    1.70141E+38    

2.181641       2.189453       1.822266       1.802734       1.384766       1.498047       1.935547       2.025391       2.048828       2.064453       2.103516       2.111328       2.115234       2.068359       1.201172       1.779297       2.103516       2.130859       2.177734       2.177734       1.70141E+38    1.70141E+38    1.70141E+38    

2.189453       2.189453       2.189453       2.189453       2.142578       2.083984       2.103516       2.123047       2.134766       2.130859       2.126953       2.130859       2.134766       2.126953       2.130859       2.177734       2.177734       2.177734       2.177734       2.181641       1.70141E+38    1.70141E+38    1.70141E+38    

2.189453       2.189453       2.189453       2.189453       2.185547       2.189453       2.173828       2.150391       2.142578       2.142578       2.150391       2.146484       2.142578       2.146484       2.169922       1.912109       1.728516       2.068359       2.177734       1.908203       1.70141E+38    1.70141E+38    1.70141E+38    

2.189453       2.189453       2.189453       2.189453       2.185547       2.189453       2.181641       2.158203       2.150391       2.154297       2.154297       2.134766       2.130859       2.138672       2.181641       2.380859       2.380859       2.380859       1.759766       2.380859       1.70141E+38    1.70141E+38    1.70141E+38    

2.142578       2.169922       2.146484       2.072266       2.130859       2.138672       2.130859       2.126953       2.111328       2.072266       2.060547       2.076172       2.080078       2.087891       1.880859       1.763672       2.380859       2.380859       2.380859       2.380859       1.70141E+38    1.70141E+38    1.70141E+38    

2.134766       2.119141       2.048828       1.998047       1.982422       1.994141       1.951172       1.908203       1.904297       2.017578       2.052734       2.044922       2.052734       1.931641       .9589844       .9472656       .9628906       1.935547       2.380859       .8886719       1.70141E+38    1.70141E+38    1.70141E+38    

2.158203       2.150391       2.162109       2.162109       2.138672       2.130859       2.130859       2.111328       2.091797       2.091797       2.052734       2.037109       2.056641       1.384766       1.166016       1.138672       2.330078       2.177734       2.177734       2.177734       1.70141E+38    1.70141E+38    1.70141E+38    

2.189453       2.177734       2.177734       2.181641       2.185547       2.189453       2.189453       2.166016       2.103516       2.048828       2.029297       2.056641       2.068359       1.345703       1.287109       1.455078       2.177734       2.177734       2.177734       2.177734       1.70141E+38    1.70141E+38    1.70141E+38    

2.162109       2.158203       2.169922       2.181641       2.185547       2.185547       2.173828       2.126953       2.072266       2.029297       2.017578       2.060547       2.095703       2.044922       2.181641       2.177734       2.177734       2.177734       2.177734       2.177734       1.70141E+38    1.70141E+38    1.70141E+38    

2.138672       2.162109       2.181641       2.158203       2.158203       2.150391       2.099609       2.033203       2.009766       2.021484       2.060547       2.080078       2.095703       2.158203       2.181641       2.177734       2.177734       2.177734       1.142578       1.537109       1.70141E+38    1.70141E+38    1.70141E+38    

2.130859       2.162109       2.173828       2.173828       2.150391       2.115234       2.060547       2.001953       1.998047       2.044922       2.087891       2.107422       2.099609       2.162109       2.181641       2.177734       2.330078       2.330078       2.177734       2.146484       1.70141E+38    1.70141E+38    1.70141E+38    

1.70141E+38    1.70141E+38    1.70141E+38    1.70141E+38    1.70141E+38    1.70141E+38    1.70141E+38    1.70141E+38    1.70141E+38    1.70141E+38    1.70141E+38    1.70141E+38    1.70141E+38    1.70141E+38    1.70141E+38    1.70141E+38    1.70141E+38    1.70141E+38    1.70141E+38    1.70141E+38    1.70141E+38    1.70141E+38    1.70141E+38    

1.70141E+38    1.70141E+38    1.70141E+38    1.70141E+38    1.70141E+38    1.70141E+38    1.70141E+38    1.70141E+38    1.70141E+38    1.70141E+38    1.70141E+38    1.70141E+38    1.70141E+38    1.70141E+38    1.70141E+38    1.70141E+38    1.70141E+38    1.70141E+38    1.70141E+38    1.70141E+38    1.70141E+38    1.70141E+38    1.70141E+38    

1.70141E+38    1.70141E+38    1.70141E+38    1.70141E+38    1.70141E+38    1.70141E+38    1.70141E+38    1.70141E+38    1.70141E+38    1.70141E+38    1.70141E+38    1.70141E+38    1.70141E+38    1.70141E+38    1.70141E+38    1.70141E+38    1.70141E+38    1.70141E+38    1.70141E+38    1.70141E+38    1.70141E+38    1.70141E+38    1.70141E+38    

1.70141E+38    1.70141E+38    1.70141E+38    1.70141E+38    1.70141E+38    1.70141E+38    1.70141E+38    1.70141E+38    1.70141E+38    1.70141E+38    1.70141E+38    1.70141E+38    1.70141E+38    1.70141E+38    1.70141E+38    1.70141E+38    1.70141E+38    1.70141E+38    1.70141E+38    1.70141E+38    1.70141E+38    1.70141E+38    1.70141E+38    

1.70141E+38    1.70141E+38    1.70141E+38    1.70141E+38    1.70141E+38    1.70141E+38    1.70141E+38    1.70141E+38    1.70141E+38    1.70141E+38    1.70141E+38    1.70141E+38    1.70141E+38    1.70141E+38    1.70141E+38    1.70141E+38    1.70141E+38    1.70141E+38    1.70141E+38    1.70141E+38    1.70141E+38    1.70141E+38    1.70141E+38    

1.70141E+38    1.70141E+38    1.70141E+38    1.70141E+38    1.70141E+38    1.70141E+38    1.70141E+38    1.70141E+38    1.70141E+38    1.70141E+38    1.70141E+38    1.70141E+38    1.70141E+38    1.70141E+38    1.70141E+38    1.70141E+38    1.70141E+38    1.70141E+38    1.70141E+38    1.70141E+38    1.70141E+38    1.70141E+38    1.70141E+38    

1.70141E+38    1.70141E+38    1.70141E+38    1.70141E+38    1.70141E+38    1.70141E+38    1.70141E+38    1.70141E+38    1.70141E+38    1.70141E+38    1.70141E+38    1.70141E+38    1.70141E+38    1.70141E+38    1.70141E+38    1.70141E+38    1.70141E+38    1.70141E+38    1.70141E+38    1.70141E+38    1.70141E+38    1.70141E+38    1.70141E+38    

1.70141E+38    1.70141E+38    1.70141E+38    1.70141E+38    1.70141E+38    1.70141E+38    1.70141E+38    1.70141E+38    1.70141E+38    1.70141E+38    1.70141E+38    1.70141E+38    1.70141E+38    1.70141E+38    1.70141E+38    1.70141E+38    1.70141E+38    1.70141E+38    1.70141E+38    1.70141E+38    1.70141E+38    1.70141E+38    1.70141E+38    

