py_wake/examples/data/ParqueFicticio/Ridge area   Sector 2   Height 200m   Turbulence intensity.grd
DSAA
23  33
 262878   265078
 6504214   6507414
 11.73071   17.50445
1.70141E+38    1.70141E+38    1.70141E+38    1.70141E+38    1.70141E+38    1.70141E+38    1.70141E+38    1.70141E+38    1.70141E+38    1.70141E+38    1.70141E+38    1.70141E+38    1.70141E+38    1.70141E+38    1.70141E+38    1.70141E+38    1.70141E+38    1.70141E+38    1.70141E+38    1.70141E+38    1.70141E+38    1.70141E+38    1.70141E+38    

1.70141E+38    1.70141E+38    1.70141E+38    1.70141E+38    1.70141E+38    1.70141E+38    1.70141E+38    1.70141E+38    1.70141E+38    1.70141E+38    1.70141E+38    1.70141E+38    1.70141E+38    1.70141E+38    1.70141E+38    1.70141E+38    1.70141E+38    1.70141E+38    1.70141E+38    1.70141E+38    1.70141E+38    1.70141E+38    1.70141E+38    

1.70141E+38    1.70141E+38    1.70141E+38    1.70141E+38    1.70141E+38    1.70141E+38    1.70141E+38    1.70141E+38    1.70141E+38    1.70141E+38    1.70141E+38    1.70141E+38    1.70141E+38    1.70141E+38    1.70141E+38    1.70141E+38    1.70141E+38    1.70141E+38    1.70141E+38    1.70141E+38    1.70141E+38    1.70141E+38    1.70141E+38    

1.70141E+38    1.70141E+38    1.70141E+38    1.70141E+38    1.70141E+38    1.70141E+38    1.70141E+38    1.70141E+38    1.70141E+38    1.70141E+38    1.70141E+38    1.70141E+38    1.70141E+38    1.70141E+38    1.70141E+38    1.70141E+38    1.70141E+38    1.70141E+38    1.70141E+38    1.70141E+38    1.70141E+38    1.70141E+38    1.70141E+38    

1.70141E+38    1.70141E+38    1.70141E+38    1.70141E+38    1.70141E+38    1.70141E+38    1.70141E+38    1.70141E+38    1.70141E+38    1.70141E+38    1.70141E+38    1.70141E+38    1.70141E+38    1.70141E+38    1.70141E+38    1.70141E+38    1.70141E+38    1.70141E+38    1.70141E+38    1.70141E+38    1.70141E+38    1.70141E+38    1.70141E+38    

17.50445       17.20041       16.95878       16.61934       16.0961        15.57979       15.18085       14.68529       14.25828       13.75331       13.31801       13.10442       13.15505       13.73764       14.96597       15.89209       16.29216       16.46704       15.84366       14.6782        1.70141E+38    1.70141E+38    1.70141E+38    

17.17412       16.88239       16.6489        16.45591       16.00115       15.4541        14.93826       14.38936       13.87301       13.43518       13.08652       12.95015       13.17039       14.02646       15.70474       16.96551       16.84188       16.39834       15.23072       14.03646       1.70141E+38    1.70141E+38    1.70141E+38    

16.99953       16.55918       16.12884       16.12433       16.1155        15.72394       15.25394       14.69506       14.06206       13.49422       13.06115       12.93464       13.26628       14.21115       15.80946       17.48116       17.08762       15.91131       14.62508       13.60229       1.70141E+38    1.70141E+38    1.70141E+38    

16.92875       16.50857       16.00017       15.79199       15.79443       15.54965       15.19844       14.77725       14.26104       13.68769       13.12251       12.8653        13.24301       14.11518       15.26423       16.58653       16.78941       15.4198        14.14946       13.27246       1.70141E+38    1.70141E+38    1.70141E+38    

16.98276       16.41048       15.88144       15.48061       15.32893       15.00498       14.59713       14.17372       13.81833       13.44743       13.02156       12.74076       12.96178       13.59281       14.45951       15.36663       15.79111       14.96933       13.86077       13.03273       1.70141E+38    1.70141E+38    1.70141E+38    

16.69157       16.25798       15.60673       15.00916       14.6642        14.38619       14.02529       13.60547       13.23957       12.97392       12.70036       12.47728       12.59605       13.07491       13.90828       14.71034       14.91511       14.32747       13.44771       12.75524       1.70141E+38    1.70141E+38    1.70141E+38    

15.84289       16.16829       15.50925       14.78835       14.3263        14.02394       13.77836       13.43832       13.08813       12.77853       12.50347       12.28618       12.35001       12.78292       13.52347       14.08226       13.9328        13.35327       12.77541       12.41074       1.70141E+38    1.70141E+38    1.70141E+38    

14.67367       15.51514       15.69247       15.05487       14.56553       14.29503       14.11888       13.82206       13.40866       12.98032       12.55554       12.2288        12.19469       12.53428       13.06705       13.27504       12.88402       12.4122        12.15843       12.13346       1.70141E+38    1.70141E+38    1.70141E+38    

13.7438        14.32335       15.13858       15.06047       14.98172       14.76531       14.52484       14.29519       13.88619       13.32397       12.68517       12.19223       12.07292       12.28104       12.53046       12.45432       12.14844       11.93258       11.88192       12.03804       1.70141E+38    1.70141E+38    1.70141E+38    

13.13959       13.44751       13.99931       14.12852       14.41054       14.47756       14.21223       13.9139        13.55042       13.12819       12.57215       12.0737        11.90549       11.99075       12.04555       11.96769       11.92606       11.94451       12.05495       12.25302       1.70141E+38    1.70141E+38    1.70141E+38    

12.7208        12.83508       13.1419        13.30209       13.48337       13.62806       13.50003       13.25316       12.91621       12.58413       12.23094       11.92229       11.76604       11.77831       11.81927       11.89864       12.12254       12.37511       12.63322       12.89872       1.70141E+38    1.70141E+38    1.70141E+38    

12.47445       12.5331        12.74789       12.93092       12.98784       12.99006       12.92941       12.8228        12.6209        12.39751       12.15133       11.90062       11.78788       11.73071       11.85028       12.13547       12.64476       13.1786        13.53429       13.77077       1.70141E+38    1.70141E+38    1.70141E+38    

12.59804       12.66707       12.90954       13.16375       13.12157       13.05535       12.96619       12.87798       12.75828       12.649         12.43921       12.08895       11.85222       11.80202       11.98793       12.41855       13.02872       13.75741       14.3223        14.56597       1.70141E+38    1.70141E+38    1.70141E+38    

13.0097        13.24658       13.62529       13.87187       13.80979       13.67808       13.56791       13.53274       13.45897       13.33452       12.90231       12.26048       11.92956       11.94593       12.27375       12.80812       13.40056       14.0882        14.78177       15.13762       1.70141E+38    1.70141E+38    1.70141E+38    

13.58146       13.90943       14.12582       14.25657       14.27835       14.16999       14.19162       14.20742       13.99414       13.41945       12.77172       12.18956       12.03422       12.20964       12.63849       13.20479       13.779         14.36          14.8378        15.23315       1.70141E+38    1.70141E+38    1.70141E+38    

13.59781       13.66183       13.63067       13.60723       13.67646       13.74903       13.75748       13.73141       13.48408       12.84103       12.25595       12.00068       12.0985        12.64246       13.25414       13.6887        14.01256       14.2869        14.55893       14.86526       1.70141E+38    1.70141E+38    1.70141E+38    

12.97169       12.95235       13.02446       13.08263       13.19572       13.20031       13.15989       12.9428        12.65518       12.23979       11.94126       11.92599       12.20681       12.88251       13.75669       14.33915       14.55247       14.56697       14.54532       14.70017       1.70141E+38    1.70141E+38    1.70141E+38    

12.69406       12.77767       13.0085        13.26849       13.39053       13.25594       12.93088       12.43223       12.05058       11.90069       11.92522       12.14317       12.46952       12.99886       13.72358       14.40322       14.92979       15.20076       15.18176       15.10956       1.70141E+38    1.70141E+38    1.70141E+38    

12.83775       13.04054       13.30676       13.4519        13.35473       13.0384        12.52316       12.05387       11.84466       11.89174       12.19718       12.7033        13.08791       13.40826       13.81772       14.12392       14.60031       15.23468       15.68712       15.85769       1.70141E+38    1.70141E+38    1.70141E+38    

13.14692       13.20112       13.16882       12.96305       12.68603       12.36466       12.03162       11.86789       11.91592       12.18272       12.66391       13.39226       13.8805        14.16758       14.42867       14.26702       14.29888       14.72697       15.2905        15.73423       1.70141E+38    1.70141E+38    1.70141E+38    

1.70141E+38    1.70141E+38    1.70141E+38    1.70141E+38    1.70141E+38    1.70141E+38    1.70141E+38    1.70141E+38    1.70141E+38    1.70141E+38    1.70141E+38    1.70141E+38    1.70141E+38    1.70141E+38    1.70141E+38    1.70141E+38    1.70141E+38    1.70141E+38    1.70141E+38    1.70141E+38    1.70141E+38    1.70141E+38    1.70141E+38    

1.70141E+38    1.70141E+38    1.70141E+38    1.70141E+38    1.70141E+38    1.70141E+38    1.70141E+38    1.70141E+38    1.70141E+38    1.70141E+38    1.70141E+38    1.70141E+38    1.70141E+38    1.70141E+38    1.70141E+38    1.70141E+38    1.70141E+38    1.70141E+38    1.70141E+38    1.70141E+38    1.70141E+38    1.70141E+38    1.70141E+38    

1.70141E+38    1.70141E+38    1.70141E+38    1.70141E+38    1.70141E+38    1.70141E+38    1.70141E+38    1.70141E+38    1.70141E+38    1.70141E+38    1.70141E+38    1.70141E+38    1.70141E+38    1.70141E+38    1.70141E+38    1.70141E+38    1.70141E+38    1.70141E+38    1.70141E+38    1.70141E+38    1.70141E+38    1.70141E+38    1.70141E+38    

1.70141E+38    1.70141E+38    1.70141E+38    1.70141E+38    1.70141E+38    1.70141E+38    1.70141E+38    1.70141E+38    1.70141E+38    1.70141E+38    1.70141E+38    1.70141E+38    1.70141E+38    1.70141E+38    1.70141E+38    1.70141E+38    1.70141E+38    1.70141E+38    1.70141E+38    1.70141E+38    1.70141E+38    1.70141E+38    1.70141E+38    

1.70141E+38    1.70141E+38    1.70141E+38    1.70141E+38    1.70141E+38    1.70141E+38    1.70141E+38    1.70141E+38    1.70141E+38    1.70141E+38    1.70141E+38    1.70141E+38    1.70141E+38    1.70141E+38    1.70141E+38    1.70141E+38    1.70141E+38    1.70141E+38    1.70141E+38    1.70141E+38    1.70141E+38    1.70141E+38    1.70141E+38    

1.70141E+38    1.70141E+38    1.70141E+38    1.70141E+38    1.70141E+38    1.70141E+38    1.70141E+38    1.70141E+38    1.70141E+38    1.70141E+38    1.70141E+38    1.70141E+38    1.70141E+38    1.70141E+38    1.70141E+38    1.70141E+38    1.70141E+38    1.70141E+38    1.70141E+38    1.70141E+38    1.70141E+38    1.70141E+38    1.70141E+38    

1.70141E+38    1.70141E+38    1.70141E+38    1.70141E+38    1.70141E+38    1.70141E+38    1.70141E+38    1.70141E+38    1.70141E+38    1.70141E+38    1.70141E+38    1.70141E+38    1.70141E+38    1.70141E+38    1.70141E+38    1.70141E+38    1.70141E+38    1.70141E+38    1.70141E+38    1.70141E+38    1.70141E+38    1.70141E+38    1.70141E+38    

1.70141E+38    1.70141E+38    1.70141E+38    1.70141E+38    1.70141E+38    1.70141E+38    1.70141E+38    1.70141E+38    1.70141E+38    1.70141E+38    1.70141E+38    1.70141E+38    1.70141E+38    1.70141E+38    1.70141E+38    1.70141E+38    1.70141E+38    1.70141E+38    1.70141E+38    1.70141E+38    1.70141E+38    1.70141E+38    1.70141E+38    

