py_wake/examples/data/ParqueFicticio/Ridge area   Sector 12   Height 30m   Mean speed.grd
DSAA
23  33
 262878   265078
 6504214   6507414
 .5577305   5.85728
1.70141E+38    1.70141E+38    1.70141E+38    1.70141E+38    1.70141E+38    1.70141E+38    1.70141E+38    1.70141E+38    1.70141E+38    1.70141E+38    1.70141E+38    1.70141E+38    1.70141E+38    1.70141E+38    1.70141E+38    1.70141E+38    1.70141E+38    1.70141E+38    1.70141E+38    1.70141E+38    1.70141E+38    1.70141E+38    1.70141E+38    

1.70141E+38    1.70141E+38    1.70141E+38    1.70141E+38    1.70141E+38    1.70141E+38    1.70141E+38    1.70141E+38    1.70141E+38    1.70141E+38    1.70141E+38    1.70141E+38    1.70141E+38    1.70141E+38    1.70141E+38    1.70141E+38    1.70141E+38    1.70141E+38    1.70141E+38    1.70141E+38    1.70141E+38    1.70141E+38    1.70141E+38    

1.70141E+38    1.70141E+38    1.70141E+38    1.70141E+38    1.70141E+38    1.70141E+38    1.70141E+38    1.70141E+38    1.70141E+38    1.70141E+38    1.70141E+38    1.70141E+38    1.70141E+38    1.70141E+38    1.70141E+38    1.70141E+38    1.70141E+38    1.70141E+38    1.70141E+38    1.70141E+38    1.70141E+38    1.70141E+38    1.70141E+38    

1.70141E+38    1.70141E+38    1.70141E+38    1.70141E+38    1.70141E+38    1.70141E+38    1.70141E+38    1.70141E+38    1.70141E+38    1.70141E+38    1.70141E+38    1.70141E+38    1.70141E+38    1.70141E+38    1.70141E+38    1.70141E+38    1.70141E+38    1.70141E+38    1.70141E+38    1.70141E+38    1.70141E+38    1.70141E+38    1.70141E+38    

1.70141E+38    1.70141E+38    1.70141E+38    1.70141E+38    1.70141E+38    1.70141E+38    1.70141E+38    1.70141E+38    1.70141E+38    1.70141E+38    1.70141E+38    1.70141E+38    1.70141E+38    1.70141E+38    1.70141E+38    1.70141E+38    1.70141E+38    1.70141E+38    1.70141E+38    1.70141E+38    1.70141E+38    1.70141E+38    1.70141E+38    

3.239962       3.248239       3.544538       3.983591       4.40933        4.78919        4.744442       4.366331       4.206264       4.246988       4.188          3.875522       3.45653        2.453089       2.357066       1.27004        1.203844       .9779202       1.193008       1.696605       1.70141E+38    1.70141E+38    1.70141E+38    

3.471964       3.296833       3.057892       3.185354       3.638788       4.075139       4.402889       4.684938       4.737281       4.690801       4.537666       4.192702       3.558646       1.998469       1.098196       1.075988       1.024338       .9372996       1.411806       2.20494        1.70141E+38    1.70141E+38    1.70141E+38    

3.3143         3.401174       3.252443       3.067068       2.982459       2.857445       2.979004       3.301355       3.755421       4.187567       4.491151       4.190403       3.363153       1.443921       .7527811       .7875323       1.045357       1.269601       2.192672       2.792282       1.70141E+38    1.70141E+38    1.70141E+38    

2.758014       2.745011       2.90504        3.127811       3.04872        3.031568       2.929261       2.700912       2.726193       3.105937       3.864604       4.246085       3.213179       1.378786       .7783672       .5577305       1.170817       1.412598       2.675647       2.997708       1.70141E+38    1.70141E+38    1.70141E+38    

2.148315       2.071907       2.466255       2.886774       3.226676       3.550498       3.645197       3.61909        3.287543       3.127779       3.577062       4.116432       3.450792       1.932315       1.120799       .5991349       1.658911       1.872842       2.709466       2.995907       1.70141E+38    1.70141E+38    1.70141E+38    

1.807957       1.262868       2.176318       3.349686       3.890692       4.014143       4.262696       4.559415       4.638048       4.395385       4.322985       4.420033       3.907086       2.716145       1.652153       1.561388       2.092955       2.25123        2.523965       3.066785       1.70141E+38    1.70141E+38    1.70141E+38    

1.712851       1.040814       1.631892       2.925952       3.865462       4.342143       4.498299       4.739923       4.9305         5.071457       4.960964       4.83441        4.299424       3.048248       1.893725       1.828557       2.970072       3.420112       3.327195       3.552454       1.70141E+38    1.70141E+38    1.70141E+38    

2.739641       1.428256       .7625638       1.581143       2.349445       2.740018       2.921318       3.211855       3.818952       4.377148       4.816893       5.043078       4.637596       3.381224       1.193808       2.468839       3.875134       4.57581        4.614409       4.429877       1.70141E+38    1.70141E+38    1.70141E+38    

4.163882       2.013991       .7919858       1.156258       .8801097       1.210788       1.77995        1.961301       2.390224       3.208854       4.278229       5.030657       4.760248       3.598595       2.338529       3.217124       4.44581        5.126616       5.348839       5.187488       1.70141E+38    1.70141E+38    1.70141E+38    

4.825558       3.990396       2.555324       2.634826       1.134003       .912748        1.791384       2.605871       3.201178       3.557152       4.253237       5.035095       5.076536       4.189591       3.433686       3.697351       3.995492       4.4327         4.798685       5.05704        1.70141E+38    1.70141E+38    1.70141E+38    

5.268115       5.01843        4.593179       4.604428       3.893858       2.664102       3.359357       4.033638       4.530766       4.796272       5.046138       5.334296       5.399538       4.879691       4.213158       2.916208       1.780716       2.59281        3.340826       3.884035       1.70141E+38    1.70141E+38    1.70141E+38    

5.769179       5.85728        5.743127       5.699612       5.58926        5.311948       5.096286       5.00289        5.029798       5.07124        5.272173       5.45732        5.330767       5.186333       4.410639       1.795295       .8400967       1.738242       2.376877       3.002867       1.70141E+38    1.70141E+38    1.70141E+38    

4.930209       5.257356       5.339939       5.026391       5.15887        5.117384       5.025558       4.925397       4.717678       4.611654       4.632449       5.020124       5.284519       5.222324       4.795727       2.223418       2.017162       1.101491       1.800687       2.039148       1.70141E+38    1.70141E+38    1.70141E+38    

3.899902       3.887488       3.539555       3.083185       3.151754       3.297961       3.466312       3.446698       3.403799       3.182154       3.445887       4.465997       5.048715       5.199968       4.822404       4.1055         2.768227       1.883837       1.294834       1.560887       1.70141E+38    1.70141E+38    1.70141E+38    

3.137081       2.845029       2.396797       1.715531       1.746753       2.19939        2.167815       1.966694       2.042929       2.863842       3.522203       4.424168       4.758249       4.828841       4.764873       4.314109       3.437913       2.48307        1.997264       1.809864       1.70141E+38    1.70141E+38    1.70141E+38    

3.065854       3.022768       3.27556        3.551238       3.423334       3.341564       3.410419       3.210296       3.140805       3.8404         4.449744       4.799941       4.810283       2.735037       3.845666       3.972645       2.54935        4.363476       3.456586       2.470834       1.70141E+38    1.70141E+38    1.70141E+38    

4.103089       4.36306        4.581208       4.754021       4.731157       4.57562        4.406249       4.382889       4.250265       4.440662       4.834986       5.168418       5.16995        4.438516       3.266343       2.650366       2.471094       2.869271       3.208517       3.034338       1.70141E+38    1.70141E+38    1.70141E+38    

4.41064        4.425074       4.269524       3.957738       3.792991       3.811811       3.911956       4.39314        4.781402       4.819571       4.77878        4.930728       5.293967       5.210743       4.66923        3.269725       1.441178       1.190696       1.771264       2.677757       1.70141E+38    1.70141E+38    1.70141E+38    

3.670523       3.620089       3.54891        3.459087       3.451096       3.575369       3.8718         4.264915       4.585897       4.712197       4.575763       4.278525       4.542945       5.018667       5.128541       4.911525       3.396501       1.066099       .8879751       .9565809       1.70141E+38    1.70141E+38    1.70141E+38    

2.949853       3.205305       3.401569       3.758451       4.088154       4.328047       4.485423       4.412337       4.350601       4.385467       4.29711        3.711661       3.705117       4.091268       4.162032       4.638515       4.602441       3.870252       1.880666       .7237636       1.70141E+38    1.70141E+38    1.70141E+38    

1.70141E+38    1.70141E+38    1.70141E+38    1.70141E+38    1.70141E+38    1.70141E+38    1.70141E+38    1.70141E+38    1.70141E+38    1.70141E+38    1.70141E+38    1.70141E+38    1.70141E+38    1.70141E+38    1.70141E+38    1.70141E+38    1.70141E+38    1.70141E+38    1.70141E+38    1.70141E+38    1.70141E+38    1.70141E+38    1.70141E+38    

1.70141E+38    1.70141E+38    1.70141E+38    1.70141E+38    1.70141E+38    1.70141E+38    1.70141E+38    1.70141E+38    1.70141E+38    1.70141E+38    1.70141E+38    1.70141E+38    1.70141E+38    1.70141E+38    1.70141E+38    1.70141E+38    1.70141E+38    1.70141E+38    1.70141E+38    1.70141E+38    1.70141E+38    1.70141E+38    1.70141E+38    

1.70141E+38    1.70141E+38    1.70141E+38    1.70141E+38    1.70141E+38    1.70141E+38    1.70141E+38    1.70141E+38    1.70141E+38    1.70141E+38    1.70141E+38    1.70141E+38    1.70141E+38    1.70141E+38    1.70141E+38    1.70141E+38    1.70141E+38    1.70141E+38    1.70141E+38    1.70141E+38    1.70141E+38    1.70141E+38    1.70141E+38    

1.70141E+38    1.70141E+38    1.70141E+38    1.70141E+38    1.70141E+38    1.70141E+38    1.70141E+38    1.70141E+38    1.70141E+38    1.70141E+38    1.70141E+38    1.70141E+38    1.70141E+38    1.70141E+38    1.70141E+38    1.70141E+38    1.70141E+38    1.70141E+38    1.70141E+38    1.70141E+38    1.70141E+38    1.70141E+38    1.70141E+38    

1.70141E+38    1.70141E+38    1.70141E+38    1.70141E+38    1.70141E+38    1.70141E+38    1.70141E+38    1.70141E+38    1.70141E+38    1.70141E+38    1.70141E+38    1.70141E+38    1.70141E+38    1.70141E+38    1.70141E+38    1.70141E+38    1.70141E+38    1.70141E+38    1.70141E+38    1.70141E+38    1.70141E+38    1.70141E+38    1.70141E+38    

1.70141E+38    1.70141E+38    1.70141E+38    1.70141E+38    1.70141E+38    1.70141E+38    1.70141E+38    1.70141E+38    1.70141E+38    1.70141E+38    1.70141E+38    1.70141E+38    1.70141E+38    1.70141E+38    1.70141E+38    1.70141E+38    1.70141E+38    1.70141E+38    1.70141E+38    1.70141E+38    1.70141E+38    1.70141E+38    1.70141E+38    

1.70141E+38    1.70141E+38    1.70141E+38    1.70141E+38    1.70141E+38    1.70141E+38    1.70141E+38    1.70141E+38    1.70141E+38    1.70141E+38    1.70141E+38    1.70141E+38    1.70141E+38    1.70141E+38    1.70141E+38    1.70141E+38    1.70141E+38    1.70141E+38    1.70141E+38    1.70141E+38    1.70141E+38    1.70141E+38    1.70141E+38    

1.70141E+38    1.70141E+38    1.70141E+38    1.70141E+38    1.70141E+38    1.70141E+38    1.70141E+38    1.70141E+38    1.70141E+38    1.70141E+38    1.70141E+38    1.70141E+38    1.70141E+38    1.70141E+38    1.70141E+38    1.70141E+38    1.70141E+38    1.70141E+38    1.70141E+38    1.70141E+38    1.70141E+38    1.70141E+38    1.70141E+38    

