py_wake/examples/data/ParqueFicticio/Ridge area   Sector 5   Height 30m   Mean speed.grd
DSAA
23  33
 262878   265078
 6504214   6507414
 .6466603   9.555007
1.70141E+38    1.70141E+38    1.70141E+38    1.70141E+38    1.70141E+38    1.70141E+38    1.70141E+38    1.70141E+38    1.70141E+38    1.70141E+38    1.70141E+38    1.70141E+38    1.70141E+38    1.70141E+38    1.70141E+38    1.70141E+38    1.70141E+38    1.70141E+38    1.70141E+38    1.70141E+38    1.70141E+38    1.70141E+38    1.70141E+38    

1.70141E+38    1.70141E+38    1.70141E+38    1.70141E+38    1.70141E+38    1.70141E+38    1.70141E+38    1.70141E+38    1.70141E+38    1.70141E+38    1.70141E+38    1.70141E+38    1.70141E+38    1.70141E+38    1.70141E+38    1.70141E+38    1.70141E+38    1.70141E+38    1.70141E+38    1.70141E+38    1.70141E+38    1.70141E+38    1.70141E+38    

1.70141E+38    1.70141E+38    1.70141E+38    1.70141E+38    1.70141E+38    1.70141E+38    1.70141E+38    1.70141E+38    1.70141E+38    1.70141E+38    1.70141E+38    1.70141E+38    1.70141E+38    1.70141E+38    1.70141E+38    1.70141E+38    1.70141E+38    1.70141E+38    1.70141E+38    1.70141E+38    1.70141E+38    1.70141E+38    1.70141E+38    

1.70141E+38    1.70141E+38    1.70141E+38    1.70141E+38    1.70141E+38    1.70141E+38    1.70141E+38    1.70141E+38    1.70141E+38    1.70141E+38    1.70141E+38    1.70141E+38    1.70141E+38    1.70141E+38    1.70141E+38    1.70141E+38    1.70141E+38    1.70141E+38    1.70141E+38    1.70141E+38    1.70141E+38    1.70141E+38    1.70141E+38    

1.70141E+38    1.70141E+38    1.70141E+38    1.70141E+38    1.70141E+38    1.70141E+38    1.70141E+38    1.70141E+38    1.70141E+38    1.70141E+38    1.70141E+38    1.70141E+38    1.70141E+38    1.70141E+38    1.70141E+38    1.70141E+38    1.70141E+38    1.70141E+38    1.70141E+38    1.70141E+38    1.70141E+38    1.70141E+38    1.70141E+38    

4.91285        4.890127       4.98048        5.360808       5.846767       6.534872       6.978926       7.514133       7.594335       8.079929       8.240028       7.908924       7.481261       6.622294       5.802257       5.237098       4.337819       3.582566       3.703545       5.242223       1.70141E+38    1.70141E+38    1.70141E+38    

4.769642       4.683075       4.427801       4.390043       4.770271       5.36277        6.233475       7.306461       8.127806       8.565038       8.817359       8.485061       7.664215       6.335043       5.363106       4.678883       3.340277       .9462556       3.644261       5.926762       1.70141E+38    1.70141E+38    1.70141E+38    

4.165349       4.396665       4.600726       4.193496       3.780432       3.839734       4.332101       5.4695         6.889958       8.062123       9.032581       8.800277       7.632896       6.226384       2.830807       4.214739       .8265189       .7607385       5.138324       6.352476       1.70141E+38    1.70141E+38    1.70141E+38    

3.486461       3.732574       4.179371       4.280905       4.017577       3.926242       3.927192       4.34692        5.135493       6.605327       8.377982       9.155041       7.740901       6.097561       2.919055       3.546519       1.541002       .6466603       5.747982       6.814542       1.70141E+38    1.70141E+38    1.70141E+38    

2.98389        3.217579       3.751954       4.100369       4.064491       4.383831       4.884364       5.768887       6.080168       6.565194       7.924084       9.003711       8.09844        6.52846        5.044484       2.329202       1.262373       1.100105       5.672027       7.052282       1.70141E+38    1.70141E+38    1.70141E+38    

2.974761       2.666021       3.265096       4.016724       4.376448       4.652393       5.380726       6.808526       7.762101       7.983809       8.410991       8.992258       8.295039       7.10179        5.299493       1.574799       1.164623       3.9026         6.046575       7.14157        1.70141E+38    1.70141E+38    1.70141E+38    

3.389284       2.112158       2.248378       3.142558       4.001155       4.80267        5.29403        6.515016       7.79707        8.594982       9.046486       9.33149        8.527435       7.094043       5.12259        2.164366       4.433136       6.30555        6.895971       7.28259        1.70141E+38    1.70141E+38    1.70141E+38    

4.300736       2.309238       1.339013       1.407924       2.170065       2.856692       2.978807       3.938514       6.141601       7.696339       8.826417       9.555007       8.817863       6.907959       4.855658       3.959735       6.115312       7.452387       7.765259       7.61455        1.70141E+38    1.70141E+38    1.70141E+38    

5.376023       3.377247       1.720556       1.224694       .8802109       .8836918       1.134147       1.399579       2.817618       5.429738       7.938796       9.314917       8.673977       6.726905       4.939762       4.9123         6.592567       7.601468       8.105597       8.005565       1.70141E+38    1.70141E+38    1.70141E+38    

6.073652       4.601152       2.963693       2.561177       1.49129        1.078034       1.655383       2.670237       3.963138       5.302435       7.282927       8.833571       8.834953       7.046214       5.472067       5.438551       5.98455        6.85358        7.504065       7.782137       1.70141E+38    1.70141E+38    1.70141E+38    

6.108005       5.610172       4.290919       4.001734       3.25465        2.513807       3.000952       4.069784       5.581797       6.764362       7.830561       8.775128       9.003275       7.933119       6.441434       5.371387       4.44198        4.942023       6.040415       6.589077       1.70141E+38    1.70141E+38    1.70141E+38    

5.962367       6.071656       5.269691       4.813287       4.785805       4.6518         4.74095        5.002636       5.835252       6.844506       7.881995       8.817097       8.847288       8.465206       6.899569       5.003344       3.159619       2.348245       3.11454        4.143665       1.70141E+38    1.70141E+38    1.70141E+38    

5.042012       5.46163        4.883717       4.109233       4.483057       4.665787       4.790544       4.993134       5.58739        6.156749       6.98816        8.279392       8.852278       8.588677       7.415586       5.656971       3.99567        2.488415       1.528751       2.172896       1.70141E+38    1.70141E+38    1.70141E+38    

4.014771       4.094794       3.507131       2.814268       3.022086       3.382473       3.651125       3.712304       3.931885       4.017975       5.399586       7.677465       8.528124       8.484637       7.418617       6.070817       4.929964       3.528203       1.467031       .6469225       1.70141E+38    1.70141E+38    1.70141E+38    

2.757973       2.909318       2.852931       2.395574       2.271672       2.687216       2.588301       2.330027       2.699615       4.228784       5.76833        7.51061        7.955792       7.768713       7.372809       6.601867       5.655751       4.368693       3.023659       1.096064       1.70141E+38    1.70141E+38    1.70141E+38    

2.893812       3.20549        3.523028       3.81801        3.727783       3.590268       3.622679       3.47138        3.711989       5.425192       6.93029        7.789496       7.844461       6.611809       6.294665       6.538593       6.516083       5.456831       5.158288       3.987968       1.70141E+38    1.70141E+38    1.70141E+38    

3.918408       4.437014       4.626646       4.910195       4.760921       4.775631       4.714678       5.164243       5.320876       6.233323       7.320525       8.044348       8.220634       6.923863       4.493137       4.110426       4.871732       5.578095       6.313961       5.859073       1.70141E+38    1.70141E+38    1.70141E+38    

4.233271       4.647304       4.491605       4.205763       3.993454       3.99703        4.098495       5.14335        6.370896       6.911171       7.208634       7.562326       8.346107       8.224133       6.995724       5.043366       3.855382       4.128048       4.989547       5.799757       1.70141E+38    1.70141E+38    1.70141E+38    

3.926013       3.939652       3.629744       3.407487       3.362888       3.446393       4.040309       5.18515        6.320581       6.920735       6.859699       6.449291       7.212047       8.076847       8.086404       7.809908       5.478451       3.947448       3.66486        4.209365       1.70141E+38    1.70141E+38    1.70141E+38    

3.004167       2.979679       2.862593       3.104292       3.583209       4.305286       5.258191       5.739943       6.062145       6.402665       6.385265       3.890267       5.611353       6.671065       6.818574       7.833065       8.114017       6.702119       4.277977       3.874931       1.70141E+38    1.70141E+38    1.70141E+38    

1.70141E+38    1.70141E+38    1.70141E+38    1.70141E+38    1.70141E+38    1.70141E+38    1.70141E+38    1.70141E+38    1.70141E+38    1.70141E+38    1.70141E+38    1.70141E+38    1.70141E+38    1.70141E+38    1.70141E+38    1.70141E+38    1.70141E+38    1.70141E+38    1.70141E+38    1.70141E+38    1.70141E+38    1.70141E+38    1.70141E+38    

1.70141E+38    1.70141E+38    1.70141E+38    1.70141E+38    1.70141E+38    1.70141E+38    1.70141E+38    1.70141E+38    1.70141E+38    1.70141E+38    1.70141E+38    1.70141E+38    1.70141E+38    1.70141E+38    1.70141E+38    1.70141E+38    1.70141E+38    1.70141E+38    1.70141E+38    1.70141E+38    1.70141E+38    1.70141E+38    1.70141E+38    

1.70141E+38    1.70141E+38    1.70141E+38    1.70141E+38    1.70141E+38    1.70141E+38    1.70141E+38    1.70141E+38    1.70141E+38    1.70141E+38    1.70141E+38    1.70141E+38    1.70141E+38    1.70141E+38    1.70141E+38    1.70141E+38    1.70141E+38    1.70141E+38    1.70141E+38    1.70141E+38    1.70141E+38    1.70141E+38    1.70141E+38    

1.70141E+38    1.70141E+38    1.70141E+38    1.70141E+38    1.70141E+38    1.70141E+38    1.70141E+38    1.70141E+38    1.70141E+38    1.70141E+38    1.70141E+38    1.70141E+38    1.70141E+38    1.70141E+38    1.70141E+38    1.70141E+38    1.70141E+38    1.70141E+38    1.70141E+38    1.70141E+38    1.70141E+38    1.70141E+38    1.70141E+38    

1.70141E+38    1.70141E+38    1.70141E+38    1.70141E+38    1.70141E+38    1.70141E+38    1.70141E+38    1.70141E+38    1.70141E+38    1.70141E+38    1.70141E+38    1.70141E+38    1.70141E+38    1.70141E+38    1.70141E+38    1.70141E+38    1.70141E+38    1.70141E+38    1.70141E+38    1.70141E+38    1.70141E+38    1.70141E+38    1.70141E+38    

1.70141E+38    1.70141E+38    1.70141E+38    1.70141E+38    1.70141E+38    1.70141E+38    1.70141E+38    1.70141E+38    1.70141E+38    1.70141E+38    1.70141E+38    1.70141E+38    1.70141E+38    1.70141E+38    1.70141E+38    1.70141E+38    1.70141E+38    1.70141E+38    1.70141E+38    1.70141E+38    1.70141E+38    1.70141E+38    1.70141E+38    

1.70141E+38    1.70141E+38    1.70141E+38    1.70141E+38    1.70141E+38    1.70141E+38    1.70141E+38    1.70141E+38    1.70141E+38    1.70141E+38    1.70141E+38    1.70141E+38    1.70141E+38    1.70141E+38    1.70141E+38    1.70141E+38    1.70141E+38    1.70141E+38    1.70141E+38    1.70141E+38    1.70141E+38    1.70141E+38    1.70141E+38    

1.70141E+38    1.70141E+38    1.70141E+38    1.70141E+38    1.70141E+38    1.70141E+38    1.70141E+38    1.70141E+38    1.70141E+38    1.70141E+38    1.70141E+38    1.70141E+38    1.70141E+38    1.70141E+38    1.70141E+38    1.70141E+38    1.70141E+38    1.70141E+38    1.70141E+38    1.70141E+38    1.70141E+38    1.70141E+38    1.70141E+38    

