py_wake/examples/data/ParqueFicticio/Ridge area   Sector 9   Height 30m   Mean speed.grd
DSAA
23  33
 262878   265078
 6504214   6507414
 .4133351   9.604516
1.70141E+38    1.70141E+38    1.70141E+38    1.70141E+38    1.70141E+38    1.70141E+38    1.70141E+38    1.70141E+38    1.70141E+38    1.70141E+38    1.70141E+38    1.70141E+38    1.70141E+38    1.70141E+38    1.70141E+38    1.70141E+38    1.70141E+38    1.70141E+38    1.70141E+38    1.70141E+38    1.70141E+38    1.70141E+38    1.70141E+38    

1.70141E+38    1.70141E+38    1.70141E+38    1.70141E+38    1.70141E+38    1.70141E+38    1.70141E+38    1.70141E+38    1.70141E+38    1.70141E+38    1.70141E+38    1.70141E+38    1.70141E+38    1.70141E+38    1.70141E+38    1.70141E+38    1.70141E+38    1.70141E+38    1.70141E+38    1.70141E+38    1.70141E+38    1.70141E+38    1.70141E+38    

1.70141E+38    1.70141E+38    1.70141E+38    1.70141E+38    1.70141E+38    1.70141E+38    1.70141E+38    1.70141E+38    1.70141E+38    1.70141E+38    1.70141E+38    1.70141E+38    1.70141E+38    1.70141E+38    1.70141E+38    1.70141E+38    1.70141E+38    1.70141E+38    1.70141E+38    1.70141E+38    1.70141E+38    1.70141E+38    1.70141E+38    

1.70141E+38    1.70141E+38    1.70141E+38    1.70141E+38    1.70141E+38    1.70141E+38    1.70141E+38    1.70141E+38    1.70141E+38    1.70141E+38    1.70141E+38    1.70141E+38    1.70141E+38    1.70141E+38    1.70141E+38    1.70141E+38    1.70141E+38    1.70141E+38    1.70141E+38    1.70141E+38    1.70141E+38    1.70141E+38    1.70141E+38    

1.70141E+38    1.70141E+38    1.70141E+38    1.70141E+38    1.70141E+38    1.70141E+38    1.70141E+38    1.70141E+38    1.70141E+38    1.70141E+38    1.70141E+38    1.70141E+38    1.70141E+38    1.70141E+38    1.70141E+38    1.70141E+38    1.70141E+38    1.70141E+38    1.70141E+38    1.70141E+38    1.70141E+38    1.70141E+38    1.70141E+38    

4.364218       4.360015       4.436586       4.733683       5.116742       5.559191       5.814343       6.277183       6.609807       7.168954       7.925674       8.447959       8.434036       6.272279       3.294645       1.214734       1.184063       1.076286       1.658654       2.957762       1.70141E+38    1.70141E+38    1.70141E+38    

4.444641       4.470596       4.571148       4.848916       5.201069       5.521443       5.931549       6.453878       6.953547       7.486179       8.162223       8.576777       7.944418       3.204388       1.099627       1.403979       1.331638       1.239679       2.082594       4.010603       1.70141E+38    1.70141E+38    1.70141E+38    

4.394334       4.592788       4.914746       5.040983       5.052526       5.208799       5.475643       5.938506       6.557336       7.212401       7.970917       8.410892       7.20411        1.177847       .8260608       1.948293       1.890893       1.827578       2.666021       4.694059       1.70141E+38    1.70141E+38    1.70141E+38    

4.340045       4.55291        4.913985       5.025351       4.99089        5.099792       5.255622       5.64291        6.121092       6.656408       7.610379       8.257086       6.404004       1.170916       .6201929       1.481945       1.744919       2.191516       2.437215       5.392508       1.70141E+38    1.70141E+38    1.70141E+38    

4.298741       4.450152       4.743927       4.966072       5.022032       5.24351        5.507308       6.078673       6.529294       6.92975        7.585292       8.186526       6.894991       1.711767       .4802372       .6001093       2.067791       2.069097       3.677427       6.382094       1.70141E+38    1.70141E+38    1.70141E+38    

4.637974       4.586776       4.801285       5.158519       5.411635       5.708171       6.020653       6.686291       7.327665       7.626474       7.960033       8.469864       7.66132        3.28751        .9694672       1.748814       1.769307       2.25221        3.832126       6.265595       1.70141E+38    1.70141E+38    1.70141E+38    

5.219458       4.788013       4.912238       5.490892       6.015066       6.434772       6.678988       7.069631       7.502793       7.781455       8.143386       8.593564       7.905811       4.640711       1.746835       1.53608        2.585585       3.109925       4.528201       5.945473       1.70141E+38    1.70141E+38    1.70141E+38    

5.861763       5.101881       4.539187       5.367269       5.935476       6.223189       6.257696       6.490088       6.882791       7.25526        7.834912       8.477583       8.002199       4.664612       1.766437       1.789924       3.364341       4.949454       5.858547       5.950467       1.70141E+38    1.70141E+38    1.70141E+38    

6.38038        5.725538       3.464869       4.381777       4.843065       5.400404       5.515133       5.571694       5.856554       6.40212        7.333148       8.395248       8.107668       4.917197       .9978878       2.281497       5.246134       6.609505       6.692212       5.886915       1.70141E+38    1.70141E+38    1.70141E+38    

6.628521       6.135608       4.738724       5.073825       4.610196       4.782985       5.429134       5.889808       6.366578       6.746183       7.495692       8.64222        8.33649        6.307256       2.529761       3.868441       5.212214       6.18179        6.153651       5.32719        1.70141E+38    1.70141E+38    1.70141E+38    

6.764152       6.660587       6.007608       6.004117       5.593688       5.119013       5.752119       6.441658       7.168132       7.6904         8.271318       8.754048       8.593857       7.708931       5.561964       4.317751       4.048366       4.416977       4.737794       4.33025        1.70141E+38    1.70141E+38    1.70141E+38    

7.207805       7.287369       6.866833       6.560902       6.58196        6.644963       6.89931        7.176388       7.688592       8.032267       8.242657       8.579277       8.34216        8.048006       6.30794        3.048917       1.801336       1.651951       1.941659       2.186163       1.70141E+38    1.70141E+38    1.70141E+38    

7.227789       7.221066       6.482637       5.776697       6.385185       6.701358       7.026929       7.246347       7.456491       7.263161       7.250924       7.853973       8.154203       7.876395       6.080632       3.102646       2.322094       1.2277         1.450522       1.17751        1.70141E+38    1.70141E+38    1.70141E+38    

6.811847       6.194909       4.427795       2.947442       3.821743       4.866067       5.585507       5.522051       5.206122       4.612506       5.231247       7.187593       7.88521        6.90974        4.137612       2.810939       2.326205       1.191527       .4766844       .6148114       1.70141E+38    1.70141E+38    1.70141E+38    

5.497307       3.890309       2.694296       2.643718       2.662198       2.493757       2.350137       2.142224       2.089423       4.135208       5.86097        7.73042        7.308017       4.941374       4.374335       2.419852       2.044098       1.360575       .5971677       .4133351       1.70141E+38    1.70141E+38    1.70141E+38    

4.777255       4.642457       5.114539       5.613629       5.73327        5.486887       5.133805       4.781794       4.798443       5.915706       7.750837       8.476037       6.810472       3.516035       2.205695       3.208196       2.196718       2.561841       2.821982       2.354883       1.70141E+38    1.70141E+38    1.70141E+38    

5.938524       6.565938       6.800802       7.021052       6.684658       6.578332       6.231294       6.348346       6.917359       8.129551       9.053643       8.527637       6.354188       3.28915        1.923485       1.909257       2.248054       2.609052       3.114453       3.321552       1.70141E+38    1.70141E+38    1.70141E+38    

6.725426       7.019816       6.64583        6.046156       5.532551       5.468403       5.784339       7.107719       8.617495       9.404716       9.330069       8.04632        6.121977       6.432708       3.617378       2.495161       1.96977        2.051009       2.70878        3.359797       1.70141E+38    1.70141E+38    1.70141E+38    

6.370436       5.943499       5.113775       4.687708       4.869161       5.203468       6.538591       8.378528       9.544546       9.604516       8.34047        5.915314       5.230804       5.277634       6.465656       5.861325       4.712245       3.06135        2.543423       2.6415         1.70141E+38    1.70141E+38    1.70141E+38    

5.197533       4.984082       4.857566       5.276866       6.101514       7.070534       8.448716       9.391867       9.403954       8.662705       7.268957       2.524465       4.628231       4.155807       3.023865       1.92482        2.190017       1.651529       4.065401       3.199843       1.70141E+38    1.70141E+38    1.70141E+38    

1.70141E+38    1.70141E+38    1.70141E+38    1.70141E+38    1.70141E+38    1.70141E+38    1.70141E+38    1.70141E+38    1.70141E+38    1.70141E+38    1.70141E+38    1.70141E+38    1.70141E+38    1.70141E+38    1.70141E+38    1.70141E+38    1.70141E+38    1.70141E+38    1.70141E+38    1.70141E+38    1.70141E+38    1.70141E+38    1.70141E+38    

1.70141E+38    1.70141E+38    1.70141E+38    1.70141E+38    1.70141E+38    1.70141E+38    1.70141E+38    1.70141E+38    1.70141E+38    1.70141E+38    1.70141E+38    1.70141E+38    1.70141E+38    1.70141E+38    1.70141E+38    1.70141E+38    1.70141E+38    1.70141E+38    1.70141E+38    1.70141E+38    1.70141E+38    1.70141E+38    1.70141E+38    

1.70141E+38    1.70141E+38    1.70141E+38    1.70141E+38    1.70141E+38    1.70141E+38    1.70141E+38    1.70141E+38    1.70141E+38    1.70141E+38    1.70141E+38    1.70141E+38    1.70141E+38    1.70141E+38    1.70141E+38    1.70141E+38    1.70141E+38    1.70141E+38    1.70141E+38    1.70141E+38    1.70141E+38    1.70141E+38    1.70141E+38    

1.70141E+38    1.70141E+38    1.70141E+38    1.70141E+38    1.70141E+38    1.70141E+38    1.70141E+38    1.70141E+38    1.70141E+38    1.70141E+38    1.70141E+38    1.70141E+38    1.70141E+38    1.70141E+38    1.70141E+38    1.70141E+38    1.70141E+38    1.70141E+38    1.70141E+38    1.70141E+38    1.70141E+38    1.70141E+38    1.70141E+38    

1.70141E+38    1.70141E+38    1.70141E+38    1.70141E+38    1.70141E+38    1.70141E+38    1.70141E+38    1.70141E+38    1.70141E+38    1.70141E+38    1.70141E+38    1.70141E+38    1.70141E+38    1.70141E+38    1.70141E+38    1.70141E+38    1.70141E+38    1.70141E+38    1.70141E+38    1.70141E+38    1.70141E+38    1.70141E+38    1.70141E+38    

1.70141E+38    1.70141E+38    1.70141E+38    1.70141E+38    1.70141E+38    1.70141E+38    1.70141E+38    1.70141E+38    1.70141E+38    1.70141E+38    1.70141E+38    1.70141E+38    1.70141E+38    1.70141E+38    1.70141E+38    1.70141E+38    1.70141E+38    1.70141E+38    1.70141E+38    1.70141E+38    1.70141E+38    1.70141E+38    1.70141E+38    

1.70141E+38    1.70141E+38    1.70141E+38    1.70141E+38    1.70141E+38    1.70141E+38    1.70141E+38    1.70141E+38    1.70141E+38    1.70141E+38    1.70141E+38    1.70141E+38    1.70141E+38    1.70141E+38    1.70141E+38    1.70141E+38    1.70141E+38    1.70141E+38    1.70141E+38    1.70141E+38    1.70141E+38    1.70141E+38    1.70141E+38    

1.70141E+38    1.70141E+38    1.70141E+38    1.70141E+38    1.70141E+38    1.70141E+38    1.70141E+38    1.70141E+38    1.70141E+38    1.70141E+38    1.70141E+38    1.70141E+38    1.70141E+38    1.70141E+38    1.70141E+38    1.70141E+38    1.70141E+38    1.70141E+38    1.70141E+38    1.70141E+38    1.70141E+38    1.70141E+38    1.70141E+38    

