py_wake/examples/data/ParqueFicticio/Ridge area   Sector 11   Height 30m   Orographic turn.grd
DSAA
23  33
 262878   265078
 6504214   6507414
-179.0907   177.3479
1.70141E+38    1.70141E+38    1.70141E+38    1.70141E+38    1.70141E+38    1.70141E+38    1.70141E+38    1.70141E+38    1.70141E+38    1.70141E+38    1.70141E+38    1.70141E+38    1.70141E+38    1.70141E+38    1.70141E+38    1.70141E+38    1.70141E+38    1.70141E+38    1.70141E+38    1.70141E+38    1.70141E+38    1.70141E+38    1.70141E+38    

1.70141E+38    1.70141E+38    1.70141E+38    1.70141E+38    1.70141E+38    1.70141E+38    1.70141E+38    1.70141E+38    1.70141E+38    1.70141E+38    1.70141E+38    1.70141E+38    1.70141E+38    1.70141E+38    1.70141E+38    1.70141E+38    1.70141E+38    1.70141E+38    1.70141E+38    1.70141E+38    1.70141E+38    1.70141E+38    1.70141E+38    

1.70141E+38    1.70141E+38    1.70141E+38    1.70141E+38    1.70141E+38    1.70141E+38    1.70141E+38    1.70141E+38    1.70141E+38    1.70141E+38    1.70141E+38    1.70141E+38    1.70141E+38    1.70141E+38    1.70141E+38    1.70141E+38    1.70141E+38    1.70141E+38    1.70141E+38    1.70141E+38    1.70141E+38    1.70141E+38    1.70141E+38    

1.70141E+38    1.70141E+38    1.70141E+38    1.70141E+38    1.70141E+38    1.70141E+38    1.70141E+38    1.70141E+38    1.70141E+38    1.70141E+38    1.70141E+38    1.70141E+38    1.70141E+38    1.70141E+38    1.70141E+38    1.70141E+38    1.70141E+38    1.70141E+38    1.70141E+38    1.70141E+38    1.70141E+38    1.70141E+38    1.70141E+38    

1.70141E+38    1.70141E+38    1.70141E+38    1.70141E+38    1.70141E+38    1.70141E+38    1.70141E+38    1.70141E+38    1.70141E+38    1.70141E+38    1.70141E+38    1.70141E+38    1.70141E+38    1.70141E+38    1.70141E+38    1.70141E+38    1.70141E+38    1.70141E+38    1.70141E+38    1.70141E+38    1.70141E+38    1.70141E+38    1.70141E+38    

2.901406       3.622095       5.58436        7.051506       7.494032       7.104833       6.260926       3.686767       .8454266       -1.508767      -4.653143      -6.925547      -6.93472       1.885537       171.2674       164.8232       149.724        137.6347       117.6099       67.00887       1.70141E+38    1.70141E+38    1.70141E+38    

4.30589        3.932325       3.084645       3.159185       4.038224       5.124524       5.663401       4.765897       2.993694       -.09697113     -3.911997      -5.909301      -3.359751      -178.1425      177.3479       149.8801       116.3815       91.51699       64.47607       29.91735       1.70141E+38    1.70141E+38    1.70141E+38    

4.502387       4.962521       3.553188       1.690371       .1872112       -1.140618      -1.931076      -2.533866      -2.516729      -2.862642      -4.606699      -7.296819      -3.560188      -163.4591      -179.0907      125.1148       90.54362       71.21654       40.38616       8.537728       1.70141E+38    1.70141E+38    1.70141E+38    

2.501885       3.267974       2.612592       2.06821        1.103236       -1.475889      -4.503964      -8.527105      -10.57158      -9.632474      -8.424461      -9.793659      -11.63815      -135.8565      -162.4967      98.38094       73.43391       58.32691       21.93406       -2.441183      1.70141E+38    1.70141E+38    1.70141E+38    

-1.285034      .5316454       1.429099       1.128958       .8386139       .1523774       -1.025481      -4.333646      -8.438887      -11.00607      -11.56987      -12.03996      -15.86176      -34.33897      -89.06384      49.595         52.17747       36.17687       7.42377        -6.594011      1.70141E+38    1.70141E+38    1.70141E+38    

-5.051354      -5.242398      -.781922       1.21896        1.485817       1.182821       2.11464        .9324784       -2.064704      -5.322503      -7.90987       -10.61436      -12.23341      -17.10748      -48.74371      30.73286       24.96819       8.475468       -1.895777      -8.033919      1.70141E+38    1.70141E+38    1.70141E+38    

-4.871935      -17.30093      -14.20701      -6.185715      -1.579133      1.065364       2.090961       1.587731       .3658494       -1.215428      -4.410679      -8.158402      -9.249891      -9.840715      3.942279       41.51226       18.42766       4.399517       -2.376744      -5.712035      1.70141E+38    1.70141E+38    1.70141E+38    

-.2231018      -17.01161      -53.98938      -38.79282      -21.63699      -11.27769      -8.428341      -7.378063      -5.094757      -4.046933      -5.254528      -7.75525       -8.891359      -9.618329      64.81517       40.74398       14.31018       4.001781       .02164748      -.9165463      1.70141E+38    1.70141E+38    1.70141E+38    

2.053909       5.743664       -82.18734      -70.19025      -56.05689      -33.53099      -20.79872      -19.39196      -16.97129      -12.74138      -8.985557      -8.752594      -10.54163      -12.10935      25.32655       21.71402       7.674427       2.169912       1.931361       5.233218       1.70141E+38    1.70141E+38    1.70141E+38    

2.063375       1.048902       -5.962735      -12.86186      -29.50645      -26.03567      -12.91815      -10.84313      -11.30979      -11.37906      -9.608187      -9.638342      -9.52668       -10.5          1.551448       7.121654       2.819257       1.101205       4.183          10.64997       1.70141E+38    1.70141E+38    1.70141E+38    

2.942252       1.798693       2.699914       3.140942       .7124462       -2.707092      -2.581569      -1.980732      -2.544209      -3.759364      -5.563259      -7.066764      -6.927188      -6.481648      -2.577987      11.9834        25.91951       16.62104       13.71423       16.22668       1.70141E+38    1.70141E+38    1.70141E+38    

4.94836        4.392384       6.652078       8.464244       7.072355       5.377142       2.94569        1.03673        -.8432159      -2.032529      -3.463682      -5.624433      -6.420478      -6.424702      -4.830726      23.37677       92.9458        61.5611        29.67649       17.87926       1.70141E+38    1.70141E+38    1.70141E+38    

1.432675       2.297678       5.597341       7.35128        5.367152       4.05715        2.197534       .4179423       -1.775068      -2.95805       -4.579984      -6.846933      -7.921911      -8.488124      -7.2032        -1.356723      19.93249       39.31829       30.32001       14.00975       1.70141E+38    1.70141E+38    1.70141E+38    

-3.572707      -2.832142      -1.080495      -1.583445      -4.018234      -4.926297      -5.690645      -6.402853      -7.248236      -8.407369      -10.28681      -11.61221      -11.97829      -9.820051      -7.291237      -.6368814      5.633542       12.14569       14.28819       4.052896       1.70141E+38    1.70141E+38    1.70141E+38    

-6.998057      -6.367328      -6.142607      -8.435352      -11.93219      -12.41951      -13.3855       -13.78171      -12.62852      -10.54226      -13.31342      -15.75998      -15.18035      -11.60768      -6.060561      .479629        4.236924       6.226636       5.214511       -3.077417      1.70141E+38    1.70141E+38    1.70141E+38    

-5.117134      -4.957977      -3.884265      -3.862396      -4.535434      -5.41222       -5.508083      -6.921803      -8.106249      -9.098948      -12.5413       -14.78263      -14.09934      -11.27993      -5.460057      -.2152713      3.757705       6.036464       5.718038       2.905124       1.70141E+38    1.70141E+38    1.70141E+38    

.7270259       .1526403       .850195        1.179533       2.019767       1.163857       .7536839       -2.228431      -6.707917      -10.44681      -12.20601      -10.90304      -8.350758      -4.656142      -.8436625      -.08074249     .8300001       2.62625        4.124845       3.734293       1.70141E+38    1.70141E+38    1.70141E+38    

.8485976       -.4238566      -.1507351      -.3359143      -.7735415      -1.283322      -1.882237      -4.269125      -7.951328      -11.00808      -12.2529       -9.348905      -5.005713      -.4778296      3.947105       6.457302       .976922        -7.341177      -6.966596      -3.160032      1.70141E+38    1.70141E+38    1.70141E+38    

-2.338662      -2.577294      -1.651944      -1.923349      -3.369593      -4.42651       -7.057553      -10.29522      -11.99647      -12.04373      -10.29749      -8.544243      -6.028162      -1.539233      4.386029       6.873845       8.773853       6.764027       -33.71418      -14.48635      1.70141E+38    1.70141E+38    1.70141E+38    

-5.268917      -3.793765      -2.35151       -1.949805      -2.553372      -4.275598      -8.210863      -12.24528      -13.13366      -11.45985      -9.248871      -8.087036      -7.550197      -3.661967      3.253756       4.68981        5.866654       5.905491       -3.022134      -2.498037      1.70141E+38    1.70141E+38    1.70141E+38    

1.70141E+38    1.70141E+38    1.70141E+38    1.70141E+38    1.70141E+38    1.70141E+38    1.70141E+38    1.70141E+38    1.70141E+38    1.70141E+38    1.70141E+38    1.70141E+38    1.70141E+38    1.70141E+38    1.70141E+38    1.70141E+38    1.70141E+38    1.70141E+38    1.70141E+38    1.70141E+38    1.70141E+38    1.70141E+38    1.70141E+38    

1.70141E+38    1.70141E+38    1.70141E+38    1.70141E+38    1.70141E+38    1.70141E+38    1.70141E+38    1.70141E+38    1.70141E+38    1.70141E+38    1.70141E+38    1.70141E+38    1.70141E+38    1.70141E+38    1.70141E+38    1.70141E+38    1.70141E+38    1.70141E+38    1.70141E+38    1.70141E+38    1.70141E+38    1.70141E+38    1.70141E+38    

1.70141E+38    1.70141E+38    1.70141E+38    1.70141E+38    1.70141E+38    1.70141E+38    1.70141E+38    1.70141E+38    1.70141E+38    1.70141E+38    1.70141E+38    1.70141E+38    1.70141E+38    1.70141E+38    1.70141E+38    1.70141E+38    1.70141E+38    1.70141E+38    1.70141E+38    1.70141E+38    1.70141E+38    1.70141E+38    1.70141E+38    

1.70141E+38    1.70141E+38    1.70141E+38    1.70141E+38    1.70141E+38    1.70141E+38    1.70141E+38    1.70141E+38    1.70141E+38    1.70141E+38    1.70141E+38    1.70141E+38    1.70141E+38    1.70141E+38    1.70141E+38    1.70141E+38    1.70141E+38    1.70141E+38    1.70141E+38    1.70141E+38    1.70141E+38    1.70141E+38    1.70141E+38    

1.70141E+38    1.70141E+38    1.70141E+38    1.70141E+38    1.70141E+38    1.70141E+38    1.70141E+38    1.70141E+38    1.70141E+38    1.70141E+38    1.70141E+38    1.70141E+38    1.70141E+38    1.70141E+38    1.70141E+38    1.70141E+38    1.70141E+38    1.70141E+38    1.70141E+38    1.70141E+38    1.70141E+38    1.70141E+38    1.70141E+38    

1.70141E+38    1.70141E+38    1.70141E+38    1.70141E+38    1.70141E+38    1.70141E+38    1.70141E+38    1.70141E+38    1.70141E+38    1.70141E+38    1.70141E+38    1.70141E+38    1.70141E+38    1.70141E+38    1.70141E+38    1.70141E+38    1.70141E+38    1.70141E+38    1.70141E+38    1.70141E+38    1.70141E+38    1.70141E+38    1.70141E+38    

1.70141E+38    1.70141E+38    1.70141E+38    1.70141E+38    1.70141E+38    1.70141E+38    1.70141E+38    1.70141E+38    1.70141E+38    1.70141E+38    1.70141E+38    1.70141E+38    1.70141E+38    1.70141E+38    1.70141E+38    1.70141E+38    1.70141E+38    1.70141E+38    1.70141E+38    1.70141E+38    1.70141E+38    1.70141E+38    1.70141E+38    

1.70141E+38    1.70141E+38    1.70141E+38    1.70141E+38    1.70141E+38    1.70141E+38    1.70141E+38    1.70141E+38    1.70141E+38    1.70141E+38    1.70141E+38    1.70141E+38    1.70141E+38    1.70141E+38    1.70141E+38    1.70141E+38    1.70141E+38    1.70141E+38    1.70141E+38    1.70141E+38    1.70141E+38    1.70141E+38    1.70141E+38    

