py_wake/examples/data/ParqueFicticio/Ridge area   Sector 3   Height 30m   Weibull-A.grd
DSAA
23  33
 262878   265078
 6504214   6507414
 .2560168   7.724745
1.70141E+38    1.70141E+38    1.70141E+38    1.70141E+38    1.70141E+38    1.70141E+38    1.70141E+38    1.70141E+38    1.70141E+38    1.70141E+38    1.70141E+38    1.70141E+38    1.70141E+38    1.70141E+38    1.70141E+38    1.70141E+38    1.70141E+38    1.70141E+38    1.70141E+38    1.70141E+38    1.70141E+38    1.70141E+38    1.70141E+38    

1.70141E+38    1.70141E+38    1.70141E+38    1.70141E+38    1.70141E+38    1.70141E+38    1.70141E+38    1.70141E+38    1.70141E+38    1.70141E+38    1.70141E+38    1.70141E+38    1.70141E+38    1.70141E+38    1.70141E+38    1.70141E+38    1.70141E+38    1.70141E+38    1.70141E+38    1.70141E+38    1.70141E+38    1.70141E+38    1.70141E+38    

1.70141E+38    1.70141E+38    1.70141E+38    1.70141E+38    1.70141E+38    1.70141E+38    1.70141E+38    1.70141E+38    1.70141E+38    1.70141E+38    1.70141E+38    1.70141E+38    1.70141E+38    1.70141E+38    1.70141E+38    1.70141E+38    1.70141E+38    1.70141E+38    1.70141E+38    1.70141E+38    1.70141E+38    1.70141E+38    1.70141E+38    

1.70141E+38    1.70141E+38    1.70141E+38    1.70141E+38    1.70141E+38    1.70141E+38    1.70141E+38    1.70141E+38    1.70141E+38    1.70141E+38    1.70141E+38    1.70141E+38    1.70141E+38    1.70141E+38    1.70141E+38    1.70141E+38    1.70141E+38    1.70141E+38    1.70141E+38    1.70141E+38    1.70141E+38    1.70141E+38    1.70141E+38    

1.70141E+38    1.70141E+38    1.70141E+38    1.70141E+38    1.70141E+38    1.70141E+38    1.70141E+38    1.70141E+38    1.70141E+38    1.70141E+38    1.70141E+38    1.70141E+38    1.70141E+38    1.70141E+38    1.70141E+38    1.70141E+38    1.70141E+38    1.70141E+38    1.70141E+38    1.70141E+38    1.70141E+38    1.70141E+38    1.70141E+38    

1.327815       1.154079       1.056793       1.202255       1.587482       2.113843       2.494899       3.050472       3.482188       4.199604       4.957337       5.471649       5.839585       4.718051       2.990246       1.960892       1.278332       .8274189       .6981561       1.187983       1.70141E+38    1.70141E+38    1.70141E+38    

1.451054       1.353185       1.216706       1.154692       1.291485       1.685142       2.308169       3.117902       3.868577       4.503714       5.135711       5.625209       5.383418       3.881248       1.983295       1.316908       .8060101       .6071338       .8344589       2.872605       1.70141E+38    1.70141E+38    1.70141E+38    

1.433505       1.49134        1.567403       1.452955       1.253523       1.278828       1.618485       2.279525       3.191307       4.1065         4.878205       5.362255       4.724434       3.164308       1.868098       1.172945       .604503        .5859015       1.008228       4.443063       1.70141E+38    1.70141E+38    1.70141E+38    

1.31793        1.378619       1.503601       1.494354       1.392226       1.365165       1.481723       1.959326       2.700492       3.574063       4.638666       5.310483       4.330801       2.766261       1.486395       .9955671       .5409029       .7644492       2.465356       5.0897         1.70141E+38    1.70141E+38    1.70141E+38    

1.210483       1.25684        1.39214        1.455651       1.409582       1.544164       1.845717       2.546858       3.176735       3.833159       4.653547       5.344887       4.739593       3.590701       2.074145       .8010976       .637145        .9028672       3.431739       5.391531       1.70141E+38    1.70141E+38    1.70141E+38    

1.44092        1.285621       1.391707       1.684668       1.905517       2.141617       2.532397       3.40061        4.198171       4.567734       5.014215       5.621049       5.237998       4.245995       2.464647       1.589686       .7086981       1.938359       4.395356       5.750197       1.70141E+38    1.70141E+38    1.70141E+38    

1.994614       1.609256       1.464442       1.796205       2.279191       2.779565       3.191762       3.88493        4.53351        4.942576       5.314246       5.796844       5.393254       3.977028       2.048389       2.047574       .6966628       4.227647       5.527901       6.522297       1.70141E+38    1.70141E+38    1.70141E+38    

2.686557       1.908299       1.464444       1.718656       1.908356       2.135183       2.265683       2.91756        3.812489       4.512495       5.198525       5.853252       5.648753       3.992759       1.804847       .3672979       3.963601       5.942007       6.716641       6.835138       1.70141E+38    1.70141E+38    1.70141E+38    

3.240524       2.622134       1.727676       1.549483       .9414707       .921192        1.013344       1.538765       2.350283       3.490004       4.920823       5.98366        6.011576       4.721073       3.101737       4.140124       6.06216        6.885039       6.991172       6.510986       1.70141E+38    1.70141E+38    1.70141E+38    

3.53143        3.084213       2.391655       2.440984       1.721856       1.31519        1.870741       2.345621       3.023474       3.805698       5.173618       6.319836       6.352061       5.705009       5.713037       6.282115       6.75051        6.899576       6.599531       5.983077       1.70141E+38    1.70141E+38    1.70141E+38    

3.64872        3.525038       3.126712       3.190437       2.955944       2.535693       2.924511       3.633986       4.591202       5.318596       6.02459        6.561581       6.620821       6.352338       6.781928       6.805415       6.339778       6.084025       5.752179       5.175439       1.70141E+38    1.70141E+38    1.70141E+38    

3.957119       4.047126       3.776053       3.601103       3.779185       4.028363       4.347579       4.762505       5.473755       5.972605       6.20314        6.563155       6.575069       6.685057       6.879242       6.328162       5.374249       5.009816       4.92086        4.681368       1.70141E+38    1.70141E+38    1.70141E+38    

3.810247       3.756855       3.202731       2.832255       3.258144       3.711301       4.209433       4.61932        5.100521       5.280754       5.647572       6.256533       6.679069       6.843256       6.553045       5.848555       5.179847       4.642049       4.353992       4.307992       1.70141E+38    1.70141E+38    1.70141E+38    

3.005968       2.661761       1.886451       1.467762       1.64835        1.902093       2.23119        2.291338       2.242845       2.166619       3.9294         6.250365       7.012943       6.802402       5.948496       5.131151       4.760574       4.402703       4.026184       3.956148       1.70141E+38    1.70141E+38    1.70141E+38    

1.975474       1.484456       1.172194       .9703146       .9103706       .9687948       .5684942       .2560168       .6149786       1.39533        4.028154       6.736778       7.251664       6.581421       5.561609       4.842255       4.360998       3.92634        3.866269       3.979519       1.70141E+38    1.70141E+38    1.70141E+38    

1.626491       1.578416       1.747917       1.981561       1.975275       1.72056        1.327223       .7534412       .7991975       3.529063       6.266179       7.266005       7.031816       5.729613       4.919405       4.608863       4.408617       4.250165       4.181959       4.180515       1.70141E+38    1.70141E+38    1.70141E+38    

2.532752       2.83234        2.870397       2.866951       2.625095       2.769467       2.636303       3.089419       4.150373       6.317962       7.457372       7.293188       6.469229       5.276596       4.39705        4.136713       4.152882       4.255637       4.359122       4.296209       1.70141E+38    1.70141E+38    1.70141E+38    

3.371849       3.288243       2.580425       1.537468       .9177831       .8847669       1.765049       4.524386       6.467548       7.378304       7.724745       6.831831       6.029394       5.268041       4.532691       4.106309       3.854151       3.843555       3.990599       4.076802       1.70141E+38    1.70141E+38    1.70141E+38    

3.175769       2.530905       1.574438       .8664691       .8406103       .6243563       2.763312       6.06756        7.265509       7.501711       6.634841       5.635357       5.372619       5.116224       4.631246       4.439545       4.146136       3.690713       3.547209       3.554149       1.70141E+38    1.70141E+38    1.70141E+38    

2.536607       2.308152       2.034506       2.20888        2.649049       3.890579       5.871123       6.97576        7.241432       6.585317       5.630559       4.892535       4.756454       4.584456       4.225271       4.477106       4.463251       4.057225       3.673079       3.511509       1.70141E+38    1.70141E+38    1.70141E+38    

1.70141E+38    1.70141E+38    1.70141E+38    1.70141E+38    1.70141E+38    1.70141E+38    1.70141E+38    1.70141E+38    1.70141E+38    1.70141E+38    1.70141E+38    1.70141E+38    1.70141E+38    1.70141E+38    1.70141E+38    1.70141E+38    1.70141E+38    1.70141E+38    1.70141E+38    1.70141E+38    1.70141E+38    1.70141E+38    1.70141E+38    

1.70141E+38    1.70141E+38    1.70141E+38    1.70141E+38    1.70141E+38    1.70141E+38    1.70141E+38    1.70141E+38    1.70141E+38    1.70141E+38    1.70141E+38    1.70141E+38    1.70141E+38    1.70141E+38    1.70141E+38    1.70141E+38    1.70141E+38    1.70141E+38    1.70141E+38    1.70141E+38    1.70141E+38    1.70141E+38    1.70141E+38    

1.70141E+38    1.70141E+38    1.70141E+38    1.70141E+38    1.70141E+38    1.70141E+38    1.70141E+38    1.70141E+38    1.70141E+38    1.70141E+38    1.70141E+38    1.70141E+38    1.70141E+38    1.70141E+38    1.70141E+38    1.70141E+38    1.70141E+38    1.70141E+38    1.70141E+38    1.70141E+38    1.70141E+38    1.70141E+38    1.70141E+38    

1.70141E+38    1.70141E+38    1.70141E+38    1.70141E+38    1.70141E+38    1.70141E+38    1.70141E+38    1.70141E+38    1.70141E+38    1.70141E+38    1.70141E+38    1.70141E+38    1.70141E+38    1.70141E+38    1.70141E+38    1.70141E+38    1.70141E+38    1.70141E+38    1.70141E+38    1.70141E+38    1.70141E+38    1.70141E+38    1.70141E+38    

1.70141E+38    1.70141E+38    1.70141E+38    1.70141E+38    1.70141E+38    1.70141E+38    1.70141E+38    1.70141E+38    1.70141E+38    1.70141E+38    1.70141E+38    1.70141E+38    1.70141E+38    1.70141E+38    1.70141E+38    1.70141E+38    1.70141E+38    1.70141E+38    1.70141E+38    1.70141E+38    1.70141E+38    1.70141E+38    1.70141E+38    

1.70141E+38    1.70141E+38    1.70141E+38    1.70141E+38    1.70141E+38    1.70141E+38    1.70141E+38    1.70141E+38    1.70141E+38    1.70141E+38    1.70141E+38    1.70141E+38    1.70141E+38    1.70141E+38    1.70141E+38    1.70141E+38    1.70141E+38    1.70141E+38    1.70141E+38    1.70141E+38    1.70141E+38    1.70141E+38    1.70141E+38    

1.70141E+38    1.70141E+38    1.70141E+38    1.70141E+38    1.70141E+38    1.70141E+38    1.70141E+38    1.70141E+38    1.70141E+38    1.70141E+38    1.70141E+38    1.70141E+38    1.70141E+38    1.70141E+38    1.70141E+38    1.70141E+38    1.70141E+38    1.70141E+38    1.70141E+38    1.70141E+38    1.70141E+38    1.70141E+38    1.70141E+38    

1.70141E+38    1.70141E+38    1.70141E+38    1.70141E+38    1.70141E+38    1.70141E+38    1.70141E+38    1.70141E+38    1.70141E+38    1.70141E+38    1.70141E+38    1.70141E+38    1.70141E+38    1.70141E+38    1.70141E+38    1.70141E+38    1.70141E+38    1.70141E+38    1.70141E+38    1.70141E+38    1.70141E+38    1.70141E+38    1.70141E+38    

