py_wake/examples/data/ParqueFicticio/Ridge area   Sector 2   Height 30m   Mean speed.grd
DSAA
23  33
 262878   265078
 6504214   6507414
 .3122359   4.841499
1.70141E+38    1.70141E+38    1.70141E+38    1.70141E+38    1.70141E+38    1.70141E+38    1.70141E+38    1.70141E+38    1.70141E+38    1.70141E+38    1.70141E+38    1.70141E+38    1.70141E+38    1.70141E+38    1.70141E+38    1.70141E+38    1.70141E+38    1.70141E+38    1.70141E+38    1.70141E+38    1.70141E+38    1.70141E+38    1.70141E+38    

1.70141E+38    1.70141E+38    1.70141E+38    1.70141E+38    1.70141E+38    1.70141E+38    1.70141E+38    1.70141E+38    1.70141E+38    1.70141E+38    1.70141E+38    1.70141E+38    1.70141E+38    1.70141E+38    1.70141E+38    1.70141E+38    1.70141E+38    1.70141E+38    1.70141E+38    1.70141E+38    1.70141E+38    1.70141E+38    1.70141E+38    

1.70141E+38    1.70141E+38    1.70141E+38    1.70141E+38    1.70141E+38    1.70141E+38    1.70141E+38    1.70141E+38    1.70141E+38    1.70141E+38    1.70141E+38    1.70141E+38    1.70141E+38    1.70141E+38    1.70141E+38    1.70141E+38    1.70141E+38    1.70141E+38    1.70141E+38    1.70141E+38    1.70141E+38    1.70141E+38    1.70141E+38    

1.70141E+38    1.70141E+38    1.70141E+38    1.70141E+38    1.70141E+38    1.70141E+38    1.70141E+38    1.70141E+38    1.70141E+38    1.70141E+38    1.70141E+38    1.70141E+38    1.70141E+38    1.70141E+38    1.70141E+38    1.70141E+38    1.70141E+38    1.70141E+38    1.70141E+38    1.70141E+38    1.70141E+38    1.70141E+38    1.70141E+38    

1.70141E+38    1.70141E+38    1.70141E+38    1.70141E+38    1.70141E+38    1.70141E+38    1.70141E+38    1.70141E+38    1.70141E+38    1.70141E+38    1.70141E+38    1.70141E+38    1.70141E+38    1.70141E+38    1.70141E+38    1.70141E+38    1.70141E+38    1.70141E+38    1.70141E+38    1.70141E+38    1.70141E+38    1.70141E+38    1.70141E+38    

1.44704        1.44802        1.465892       1.512434       1.595634       1.756299       1.869078       2.094198       2.207139       2.471652       2.889323       3.100799       3.145264       2.674416       1.168867       1.241632       1.107646       1.203992       1.15486        .9945334       1.70141E+38    1.70141E+38    1.70141E+38    

1.466914       1.472658       1.482186       1.487209       1.529263       1.654811       1.902953       2.260073       2.566435       2.784419       3.070126       3.22544        3.036656       2.294777       1.242933       .9572535       .9792195       .5372813       .7384519       2.063918       1.70141E+38    1.70141E+38    1.70141E+38    

1.41529        1.528672       1.649888       1.590922       1.387588       1.296971       1.355277       1.670615       2.188411       2.66112        3.009331       3.116344       2.722484       1.964651       1.394422       .7934747       .5349531       .5184918       1.418796       2.54094        1.70141E+38    1.70141E+38    1.70141E+38    

1.281081       1.440661       1.584832       1.602912       1.440575       1.271514       1.169508       1.272611       1.635868       2.128513       2.779607       3.119423       2.544079       1.821404       1.47082        1.02368        .4786704       .676497        1.962078       2.879471       1.70141E+38    1.70141E+38    1.70141E+38    

1.078027       1.3212         1.497209       1.578045       1.546693       1.569108       1.659776       1.845594       2.03171        2.292517       2.746647       3.128884       2.800729       2.190228       1.679345       1.430691       1.162529       .768038        2.028879       3.060441       1.70141E+38    1.70141E+38    1.70141E+38    

.9892389       1.227084       1.526998       1.798484       1.94714        2.084171       2.360199       2.759341       3.030683       3.111804       3.285312       3.533592       3.325928       2.666636       1.339043       1.635955       .7026045       .9538098       2.32245        3.391291       1.70141E+38    1.70141E+38    1.70141E+38    

1.137699       .9916715       1.477377       1.941868       2.298131       2.575579       2.79987        3.138568       3.373921       3.488022       3.621656       3.814015       3.656806       2.925912       1.053653       1.820033       1.044664       1.93198        3.292626       3.958408       1.70141E+38    1.70141E+38    1.70141E+38    

1.745315       .9370412       .9776711       1.450673       1.916546       2.175965       2.196321       2.46566        2.827132       3.137564       3.476089       3.796479       3.77916        3.233592       1.648751       2.36804        2.37866        3.898418       4.308855       4.390783       1.70141E+38    1.70141E+38    1.70141E+38    

2.346876       1.802246       1.028743       .8888173       .9227121       .9453138       1.459969       1.433956       1.768281       2.36603        3.164495       3.77591        3.845106       3.441374       2.99216        3.348655       4.35716        4.789257       4.837578       4.599932       1.70141E+38    1.70141E+38    1.70141E+38    

2.782242       2.4577         1.870313       1.730967       1.148357       1.29381        1.631735       1.754128       2.096397       2.53309        3.273804       3.96119        4.043837       3.840025       3.941015       4.461105       4.841499       4.837384       4.638309       4.417103       1.70141E+38    1.70141E+38    1.70141E+38    

3.126241       3.087651       2.766415       2.717383       2.466945       2.194932       2.435132       2.777033       3.228265       3.626577       4.012933       4.265668       4.320831       4.27617        4.442081       4.602791       4.40751        4.146278       3.913957       3.710655       1.70141E+38    1.70141E+38    1.70141E+38    

3.563075       3.600291       3.402022       3.226213       3.218193       3.295062       3.453869       3.588048       3.874188       4.083609       4.217213       4.319603       4.303494       4.448121       4.407689       4.012868       3.351121       3.11722        3.131968       3.15175        1.70141E+38    1.70141E+38    1.70141E+38    

3.428571       3.390985       3.036815       2.64356        2.868399       3.007592       3.235601       3.452206       3.626174       3.611724       3.691377       4.041291       4.314915       4.467731       4.320353       3.853634       2.757008       1.987633       2.693127       2.377333       1.70141E+38    1.70141E+38    1.70141E+38    

2.94935        2.42372        1.774226       1.600599       1.751616       1.854792       1.894492       1.850898       1.934047       1.890822       2.67808        3.858588       4.401453       4.393195       4.007556       3.551078       2.087196       2.16256        2.268979       2.365564       1.70141E+38    1.70141E+38    1.70141E+38    

1.920999       1.288446       1.001953       .9729447       1.086547       1.177527       .8329051       .3719125       .3122359       1.094476       2.900196       4.112065       4.384537       4.191851       3.69516        3.305855       3.025147       1.57924        2.408844       2.211719       1.70141E+38    1.70141E+38    1.70141E+38    

1.501204       1.387699       1.843886       2.116746       2.104377       1.839571       1.539549       1.06414        .7029946       2.524673       4.018038       4.488871       4.376098       3.612612       3.152709       3.020407       3.003967       2.963869       2.94653        2.824685       1.70141E+38    1.70141E+38    1.70141E+38    

2.785842       3.062786       3.15081        3.241595       2.917148       2.692441       2.479915       2.739863       3.211232       4.070181       4.638039       4.678071       4.264807       3.522157       2.807028       2.529727       2.655421       2.865769       3.011649       3.005908       1.70141E+38    1.70141E+38    1.70141E+38    

3.411693       3.455485       3.021212       2.369305       1.881073       1.594688       1.906476       3.577027       4.314179       4.669479       4.757756       4.419409       4.012539       3.522713       3.084201       2.689404       2.17733        2.171655       2.526544       2.714671       1.70141E+38    1.70141E+38    1.70141E+38    

3.101956       2.696641       2.024488       1.424482       .939281        1.15762        2.953205       4.15775        4.655962       4.686552       4.243761       3.729015       3.522331       3.327486       3.149713       3.010235       2.73272        2.094693       1.766208       1.986299       1.70141E+38    1.70141E+38    1.70141E+38    

2.236331       2.074366       2.060621       2.47631        3.012417       3.591365       4.193827       4.540795       4.514728       4.164191       3.677281       3.175582       3.058445       2.963046       2.803984       2.968392       2.978818       2.701016       2.299396       1.916729       1.70141E+38    1.70141E+38    1.70141E+38    

1.70141E+38    1.70141E+38    1.70141E+38    1.70141E+38    1.70141E+38    1.70141E+38    1.70141E+38    1.70141E+38    1.70141E+38    1.70141E+38    1.70141E+38    1.70141E+38    1.70141E+38    1.70141E+38    1.70141E+38    1.70141E+38    1.70141E+38    1.70141E+38    1.70141E+38    1.70141E+38    1.70141E+38    1.70141E+38    1.70141E+38    

1.70141E+38    1.70141E+38    1.70141E+38    1.70141E+38    1.70141E+38    1.70141E+38    1.70141E+38    1.70141E+38    1.70141E+38    1.70141E+38    1.70141E+38    1.70141E+38    1.70141E+38    1.70141E+38    1.70141E+38    1.70141E+38    1.70141E+38    1.70141E+38    1.70141E+38    1.70141E+38    1.70141E+38    1.70141E+38    1.70141E+38    

1.70141E+38    1.70141E+38    1.70141E+38    1.70141E+38    1.70141E+38    1.70141E+38    1.70141E+38    1.70141E+38    1.70141E+38    1.70141E+38    1.70141E+38    1.70141E+38    1.70141E+38    1.70141E+38    1.70141E+38    1.70141E+38    1.70141E+38    1.70141E+38    1.70141E+38    1.70141E+38    1.70141E+38    1.70141E+38    1.70141E+38    

1.70141E+38    1.70141E+38    1.70141E+38    1.70141E+38    1.70141E+38    1.70141E+38    1.70141E+38    1.70141E+38    1.70141E+38    1.70141E+38    1.70141E+38    1.70141E+38    1.70141E+38    1.70141E+38    1.70141E+38    1.70141E+38    1.70141E+38    1.70141E+38    1.70141E+38    1.70141E+38    1.70141E+38    1.70141E+38    1.70141E+38    

1.70141E+38    1.70141E+38    1.70141E+38    1.70141E+38    1.70141E+38    1.70141E+38    1.70141E+38    1.70141E+38    1.70141E+38    1.70141E+38    1.70141E+38    1.70141E+38    1.70141E+38    1.70141E+38    1.70141E+38    1.70141E+38    1.70141E+38    1.70141E+38    1.70141E+38    1.70141E+38    1.70141E+38    1.70141E+38    1.70141E+38    

1.70141E+38    1.70141E+38    1.70141E+38    1.70141E+38    1.70141E+38    1.70141E+38    1.70141E+38    1.70141E+38    1.70141E+38    1.70141E+38    1.70141E+38    1.70141E+38    1.70141E+38    1.70141E+38    1.70141E+38    1.70141E+38    1.70141E+38    1.70141E+38    1.70141E+38    1.70141E+38    1.70141E+38    1.70141E+38    1.70141E+38    

1.70141E+38    1.70141E+38    1.70141E+38    1.70141E+38    1.70141E+38    1.70141E+38    1.70141E+38    1.70141E+38    1.70141E+38    1.70141E+38    1.70141E+38    1.70141E+38    1.70141E+38    1.70141E+38    1.70141E+38    1.70141E+38    1.70141E+38    1.70141E+38    1.70141E+38    1.70141E+38    1.70141E+38    1.70141E+38    1.70141E+38    

1.70141E+38    1.70141E+38    1.70141E+38    1.70141E+38    1.70141E+38    1.70141E+38    1.70141E+38    1.70141E+38    1.70141E+38    1.70141E+38    1.70141E+38    1.70141E+38    1.70141E+38    1.70141E+38    1.70141E+38    1.70141E+38    1.70141E+38    1.70141E+38    1.70141E+38    1.70141E+38    1.70141E+38    1.70141E+38    1.70141E+38    

