py_wake/examples/data/ParqueFicticio/Ridge area   Sector 4   Height 200m   Mean speed.grd
DSAA
23  33
 262878   265078
 6504214   6507414
 6.595927   11.4579
1.70141E+38    1.70141E+38    1.70141E+38    1.70141E+38    1.70141E+38    1.70141E+38    1.70141E+38    1.70141E+38    1.70141E+38    1.70141E+38    1.70141E+38    1.70141E+38    1.70141E+38    1.70141E+38    1.70141E+38    1.70141E+38    1.70141E+38    1.70141E+38    1.70141E+38    1.70141E+38    1.70141E+38    1.70141E+38    1.70141E+38    

1.70141E+38    1.70141E+38    1.70141E+38    1.70141E+38    1.70141E+38    1.70141E+38    1.70141E+38    1.70141E+38    1.70141E+38    1.70141E+38    1.70141E+38    1.70141E+38    1.70141E+38    1.70141E+38    1.70141E+38    1.70141E+38    1.70141E+38    1.70141E+38    1.70141E+38    1.70141E+38    1.70141E+38    1.70141E+38    1.70141E+38    

1.70141E+38    1.70141E+38    1.70141E+38    1.70141E+38    1.70141E+38    1.70141E+38    1.70141E+38    1.70141E+38    1.70141E+38    1.70141E+38    1.70141E+38    1.70141E+38    1.70141E+38    1.70141E+38    1.70141E+38    1.70141E+38    1.70141E+38    1.70141E+38    1.70141E+38    1.70141E+38    1.70141E+38    1.70141E+38    1.70141E+38    

1.70141E+38    1.70141E+38    1.70141E+38    1.70141E+38    1.70141E+38    1.70141E+38    1.70141E+38    1.70141E+38    1.70141E+38    1.70141E+38    1.70141E+38    1.70141E+38    1.70141E+38    1.70141E+38    1.70141E+38    1.70141E+38    1.70141E+38    1.70141E+38    1.70141E+38    1.70141E+38    1.70141E+38    1.70141E+38    1.70141E+38    

1.70141E+38    1.70141E+38    1.70141E+38    1.70141E+38    1.70141E+38    1.70141E+38    1.70141E+38    1.70141E+38    1.70141E+38    1.70141E+38    1.70141E+38    1.70141E+38    1.70141E+38    1.70141E+38    1.70141E+38    1.70141E+38    1.70141E+38    1.70141E+38    1.70141E+38    1.70141E+38    1.70141E+38    1.70141E+38    1.70141E+38    

7.627058       7.755809       7.968309       8.285137       8.63662        8.997689       9.329103       9.727605       10.14109       10.56384       10.87717       11.00856       10.91463       10.53722       9.847785       9.146056       8.629159       8.442516       8.686513       9.175315       1.70141E+38    1.70141E+38    1.70141E+38    

7.516769       7.697094       7.885972       8.152353       8.504853       8.89055        9.308039       9.791471       10.25556       10.67379       10.98184       11.08729       10.92367       10.40275       9.591521       8.894772       8.491435       8.519919       8.997967       9.501626       1.70141E+38    1.70141E+38    1.70141E+38    

7.12964        7.483412       7.837448       8.06647        8.300438       8.638991       9.10052        9.646034       10.19906       10.68754       11.03076       11.12776       10.9158        10.29444       9.450717       8.802329       8.509656       8.727717       9.310468       9.736872       1.70141E+38    1.70141E+38    1.70141E+38    

6.724223       7.114732       7.592841       7.952022       8.236845       8.587891       9.033944       9.556531       10.10354       10.63535       11.0373        11.14341       10.91627       10.27077       9.476963       8.913077       8.659213       8.953654       9.554868       9.900998       1.70141E+38    1.70141E+38    1.70141E+38    

6.595927       6.977345       7.520748       7.977188       8.32973        8.769577       9.260004       9.776365       10.22645       10.65921       11.03105       11.15038       10.95091       10.40046       9.678533       9.127048       8.927967       9.200758       9.708412       10.00691       1.70141E+38    1.70141E+38    1.70141E+38    

6.796714       6.956461       7.537286       8.128139       8.564022       8.98077        9.443021       9.944362       10.37624       10.73547       11.0408        11.16268       11.00389       10.53538       9.841028       9.292147       9.238354       9.543325       9.89606        10.0946        1.70141E+38    1.70141E+38    1.70141E+38    

7.161261       6.895597       7.368252       8.097873       8.656569       9.113057       9.50475        9.950882       10.37447       10.74546       11.04629       11.18187       11.05675       10.60464       9.913799       9.477145       9.626083       9.912786       10.11504       10.16905       1.70141E+38    1.70141E+38    1.70141E+38    

7.868653       7.322789       7.14665        7.736387       8.385415       8.875658       9.272541       9.729112       10.21592       10.65969       11.02703       11.20521       11.113         10.6862        10.0252        9.732173       9.947503       10.16345       10.24632       10.18894       1.70141E+38    1.70141E+38    1.70141E+38    

8.431454       8.112475       7.604408       7.723208       7.974859       8.491238       9.003008       9.452719       9.975565       10.51882       10.99481       11.23026       11.17447       10.80003       10.23087       10.02161       10.13559       10.23999       10.25044       10.13117       1.70141E+38    1.70141E+38    1.70141E+38    

8.735491       8.631343       8.360233       8.444794       8.427038       8.639932       9.11885        9.585066       10.058         10.53474       10.99993       11.25826       11.24321       10.96396       10.52109       10.23956       10.14877       10.14164       10.10124       9.96215        1.70141E+38    1.70141E+38    1.70141E+38    

8.919168       8.965837       8.864886       8.920158       8.986197       9.08739        9.416576       9.826467       10.26676       10.68222       11.05844       11.29003       11.3115        11.12133       10.76295       10.33136       10.00332       9.863655       9.784575       9.635619       1.70141E+38    1.70141E+38    1.70141E+38    

9.046395       9.150576       9.12018        9.148764       9.29494        9.479149       9.722713       10.01968       10.377         10.74106       11.08479       11.32045       11.37241       11.22908       10.8898        10.33106       9.731992       9.396958       9.30162        9.214007       1.70141E+38    1.70141E+38    1.70141E+38    

8.998848       9.123036       9.097019       9.085194       9.300802       9.52831        9.783157       10.06421       10.37947       10.70617       11.06424       11.35033       11.42683       11.28879       10.93172       10.34931       9.649819       9.096189       8.845883       8.797489       1.70141E+38    1.70141E+38    1.70141E+38    

8.852043       8.911149       8.836928       8.84719        9.081827       9.362348       9.640512       9.908244       10.21877       10.5719        11.03102       11.39086       11.4579        11.28989       10.8788        10.24088       9.580465       9.008478       8.595189       8.45615        1.70141E+38    1.70141E+38    1.70141E+38    

8.54781        8.576922       8.618747       8.707251       8.908906       9.214019       9.45744        9.72255        10.10109       10.61372       11.1126        11.42004       11.44293       11.21224       10.73651       10.09683       9.466949       8.941227       8.575549       8.345652       1.70141E+38    1.70141E+38    1.70141E+38    

8.394754       8.591765       8.821953       9.039007       9.203409       9.389156       9.63732        9.922628       10.30891       10.81143       11.21477       11.39746       11.35246       11.02435       10.44488       9.881259       9.43498        9.09314        8.815993       8.56883        1.70141E+38    1.70141E+38    1.70141E+38    

8.63699        8.898541       9.078139       9.262872       9.402621       9.598975       9.841068       10.19266       10.57142       10.96464       11.22867       11.31271       11.196         10.79254       10.11776       9.560426       9.251867       9.068033       8.942546       8.771134       1.70141E+38    1.70141E+38    1.70141E+38    

8.710543       8.919794       9.024322       9.12054        9.274861       9.526586       9.874593       10.34287       10.74858       11.02554       11.15902       11.14786       10.97582       10.59596       10.02722       9.513792       9.116467       8.880106       8.792471       8.726604       1.70141E+38    1.70141E+38    1.70141E+38    

8.526296       8.678445       8.781277       8.948239       9.227947       9.588891       10.03825       10.47898       10.80086       10.98285       10.99796       10.86486       10.6524        10.33631       9.964802       9.653434       9.309382       8.916388       8.649824       8.521212       1.70141E+38    1.70141E+38    1.70141E+38    

8.091037       8.378346       8.672953       9.060759       9.470656       9.892638       10.29339       10.583         10.76696       10.82763       10.74801       10.49658       10.24511       9.977556       9.719188       9.616453       9.479781       9.195127       8.846872       8.56985        1.70141E+38    1.70141E+38    1.70141E+38    

1.70141E+38    1.70141E+38    1.70141E+38    1.70141E+38    1.70141E+38    1.70141E+38    1.70141E+38    1.70141E+38    1.70141E+38    1.70141E+38    1.70141E+38    1.70141E+38    1.70141E+38    1.70141E+38    1.70141E+38    1.70141E+38    1.70141E+38    1.70141E+38    1.70141E+38    1.70141E+38    1.70141E+38    1.70141E+38    1.70141E+38    

1.70141E+38    1.70141E+38    1.70141E+38    1.70141E+38    1.70141E+38    1.70141E+38    1.70141E+38    1.70141E+38    1.70141E+38    1.70141E+38    1.70141E+38    1.70141E+38    1.70141E+38    1.70141E+38    1.70141E+38    1.70141E+38    1.70141E+38    1.70141E+38    1.70141E+38    1.70141E+38    1.70141E+38    1.70141E+38    1.70141E+38    

1.70141E+38    1.70141E+38    1.70141E+38    1.70141E+38    1.70141E+38    1.70141E+38    1.70141E+38    1.70141E+38    1.70141E+38    1.70141E+38    1.70141E+38    1.70141E+38    1.70141E+38    1.70141E+38    1.70141E+38    1.70141E+38    1.70141E+38    1.70141E+38    1.70141E+38    1.70141E+38    1.70141E+38    1.70141E+38    1.70141E+38    

1.70141E+38    1.70141E+38    1.70141E+38    1.70141E+38    1.70141E+38    1.70141E+38    1.70141E+38    1.70141E+38    1.70141E+38    1.70141E+38    1.70141E+38    1.70141E+38    1.70141E+38    1.70141E+38    1.70141E+38    1.70141E+38    1.70141E+38    1.70141E+38    1.70141E+38    1.70141E+38    1.70141E+38    1.70141E+38    1.70141E+38    

1.70141E+38    1.70141E+38    1.70141E+38    1.70141E+38    1.70141E+38    1.70141E+38    1.70141E+38    1.70141E+38    1.70141E+38    1.70141E+38    1.70141E+38    1.70141E+38    1.70141E+38    1.70141E+38    1.70141E+38    1.70141E+38    1.70141E+38    1.70141E+38    1.70141E+38    1.70141E+38    1.70141E+38    1.70141E+38    1.70141E+38    

1.70141E+38    1.70141E+38    1.70141E+38    1.70141E+38    1.70141E+38    1.70141E+38    1.70141E+38    1.70141E+38    1.70141E+38    1.70141E+38    1.70141E+38    1.70141E+38    1.70141E+38    1.70141E+38    1.70141E+38    1.70141E+38    1.70141E+38    1.70141E+38    1.70141E+38    1.70141E+38    1.70141E+38    1.70141E+38    1.70141E+38    

1.70141E+38    1.70141E+38    1.70141E+38    1.70141E+38    1.70141E+38    1.70141E+38    1.70141E+38    1.70141E+38    1.70141E+38    1.70141E+38    1.70141E+38    1.70141E+38    1.70141E+38    1.70141E+38    1.70141E+38    1.70141E+38    1.70141E+38    1.70141E+38    1.70141E+38    1.70141E+38    1.70141E+38    1.70141E+38    1.70141E+38    

1.70141E+38    1.70141E+38    1.70141E+38    1.70141E+38    1.70141E+38    1.70141E+38    1.70141E+38    1.70141E+38    1.70141E+38    1.70141E+38    1.70141E+38    1.70141E+38    1.70141E+38    1.70141E+38    1.70141E+38    1.70141E+38    1.70141E+38    1.70141E+38    1.70141E+38    1.70141E+38    1.70141E+38    1.70141E+38    1.70141E+38    

