py_wake/examples/data/ParqueFicticio/Ridge area   Sector 9   Height 200m   Weibull-k.grd
DSAA
23  33
 262878   265078
 6504214   6507414
 .7519531   2.638672
1.70141E+38    1.70141E+38    1.70141E+38    1.70141E+38    1.70141E+38    1.70141E+38    1.70141E+38    1.70141E+38    1.70141E+38    1.70141E+38    1.70141E+38    1.70141E+38    1.70141E+38    1.70141E+38    1.70141E+38    1.70141E+38    1.70141E+38    1.70141E+38    1.70141E+38    1.70141E+38    1.70141E+38    1.70141E+38    1.70141E+38    

1.70141E+38    1.70141E+38    1.70141E+38    1.70141E+38    1.70141E+38    1.70141E+38    1.70141E+38    1.70141E+38    1.70141E+38    1.70141E+38    1.70141E+38    1.70141E+38    1.70141E+38    1.70141E+38    1.70141E+38    1.70141E+38    1.70141E+38    1.70141E+38    1.70141E+38    1.70141E+38    1.70141E+38    1.70141E+38    1.70141E+38    

1.70141E+38    1.70141E+38    1.70141E+38    1.70141E+38    1.70141E+38    1.70141E+38    1.70141E+38    1.70141E+38    1.70141E+38    1.70141E+38    1.70141E+38    1.70141E+38    1.70141E+38    1.70141E+38    1.70141E+38    1.70141E+38    1.70141E+38    1.70141E+38    1.70141E+38    1.70141E+38    1.70141E+38    1.70141E+38    1.70141E+38    

1.70141E+38    1.70141E+38    1.70141E+38    1.70141E+38    1.70141E+38    1.70141E+38    1.70141E+38    1.70141E+38    1.70141E+38    1.70141E+38    1.70141E+38    1.70141E+38    1.70141E+38    1.70141E+38    1.70141E+38    1.70141E+38    1.70141E+38    1.70141E+38    1.70141E+38    1.70141E+38    1.70141E+38    1.70141E+38    1.70141E+38    

1.70141E+38    1.70141E+38    1.70141E+38    1.70141E+38    1.70141E+38    1.70141E+38    1.70141E+38    1.70141E+38    1.70141E+38    1.70141E+38    1.70141E+38    1.70141E+38    1.70141E+38    1.70141E+38    1.70141E+38    1.70141E+38    1.70141E+38    1.70141E+38    1.70141E+38    1.70141E+38    1.70141E+38    1.70141E+38    1.70141E+38    

2.623047       2.623047       2.623047       2.623047       2.623047       2.619141       2.615234       2.611328       2.603516       2.599609       2.595703       2.595703       2.595703       2.595703       2.595703       2.595703       2.599609       2.611328       2.615234       2.619141       1.70141E+38    1.70141E+38    1.70141E+38    

2.626953       2.623047       2.623047       2.623047       2.623047       2.623047       2.619141       2.611328       2.607422       2.599609       2.595703       2.595703       2.595703       2.595703       2.595703       2.591797       2.599609       2.611328       2.615234       2.619141       1.70141E+38    1.70141E+38    1.70141E+38    

2.626953       2.626953       2.623047       2.623047       2.623047       2.619141       2.615234       2.611328       2.603516       2.595703       2.595703       2.595703       2.591797       2.591797       2.591797       2.595703       2.599609       2.607422       2.615234       2.615234       1.70141E+38    1.70141E+38    1.70141E+38    

2.626953       2.626953       2.626953       2.626953       2.623047       2.623047       2.615234       2.607422       2.603516       2.595703       2.595703       2.595703       2.591797       2.595703       2.591797       2.595703       2.599609       2.607422       2.615234       2.619141       1.70141E+38    1.70141E+38    1.70141E+38    

2.626953       2.626953       2.626953       2.630859       2.626953       2.623047       2.623047       2.615234       2.607422       2.603516       2.599609       2.599609       2.599609       2.603516       2.603516       2.607422       2.607422       2.611328       2.619141       2.623047       1.70141E+38    1.70141E+38    1.70141E+38    

2.626953       2.626953       2.630859       2.630859       2.630859       2.626953       2.626953       2.623047       2.619141       2.611328       2.607422       2.603516       2.607422       2.611328       2.611328       2.615234       2.619141       2.619141       2.623047       2.626953       1.70141E+38    1.70141E+38    1.70141E+38    

2.626953       2.626953       2.630859       2.630859       2.630859       2.630859       2.626953       2.623047       2.619141       2.615234       2.611328       2.607422       2.611328       2.615234       2.619141       2.623047       2.626953       2.626953       2.630859       2.630859       1.70141E+38    1.70141E+38    1.70141E+38    

2.626953       2.630859       2.626953       2.630859       2.630859       2.630859       2.626953       2.623047       2.619141       2.615234       2.611328       2.611328       2.611328       2.615234       2.623047       2.630859       2.630859       2.634766       2.634766       2.634766       1.70141E+38    1.70141E+38    1.70141E+38    

2.630859       2.630859       2.634766       2.630859       2.630859       2.626953       2.626953       2.623047       2.619141       2.615234       2.611328       2.611328       2.615234       2.619141       2.626953       2.630859       2.634766       2.634766       2.638672       2.638672       1.70141E+38    1.70141E+38    1.70141E+38    

2.630859       2.630859       2.630859       2.626953       2.630859       2.630859       2.630859       2.626953       2.623047       2.619141       2.615234       2.615234       2.619141       2.623047       2.626953       2.630859       2.634766       2.638672       2.638672       2.638672       1.70141E+38    1.70141E+38    1.70141E+38    

2.630859       2.630859       2.626953       2.623047       2.623047       2.623047       2.630859       2.634766       2.630859       2.626953       2.623047       2.619141       2.619141       2.623047       2.630859       2.630859       2.634766       2.634766       2.634766       2.638672       1.70141E+38    1.70141E+38    1.70141E+38    

2.626953       2.626953       2.623047       2.619141       2.619141       2.619141       2.623047       2.630859       2.630859       2.626953       2.623047       2.623047       2.623047       2.626953       2.626953       2.630859       2.630859       2.630859       2.634766       2.634766       1.70141E+38    1.70141E+38    1.70141E+38    

2.623047       2.623047       2.623047       2.619141       2.615234       2.615234       2.619141       2.626953       2.630859       2.626953       2.623047       2.623047       2.623047       2.626953       2.626953       2.630859       2.630859       2.630859       2.630859       2.634766       1.70141E+38    1.70141E+38    1.70141E+38    

2.623047       2.626953       2.630859       2.623047       2.619141       2.615234       2.619141       2.623047       2.630859       2.626953       2.623047       2.623047       2.623047       2.626953       2.626953       2.626953       2.626953       2.634766       2.638672       2.638672       1.70141E+38    1.70141E+38    1.70141E+38    

2.626953       2.630859       2.630859       2.630859       2.623047       2.619141       2.619141       2.623047       2.623047       2.623047       2.623047       2.623047       2.626953       2.626953       2.626953       2.626953       2.634766       2.619141       2.501953       2.404297       1.70141E+38    1.70141E+38    1.70141E+38    

2.623047       2.630859       2.626953       2.623047       2.619141       2.619141       2.615234       2.611328       2.603516       2.595703       2.595703       2.603516       2.615234       2.630859       2.630859       2.634766       2.630859       2.404297       2.142578       2.080078       1.70141E+38    1.70141E+38    1.70141E+38    

2.611328       2.615234       2.619141       2.619141       2.615234       2.615234       2.611328       2.599609       2.591797       2.583984       2.583984       2.583984       2.587891       2.587891       2.587891       2.599609       1.794922       1.294922       1.279297       1.455078       1.70141E+38    1.70141E+38    1.70141E+38    

2.607422       2.611328       2.615234       2.615234       2.611328       2.607422       2.599609       2.591797       2.583984       2.580078       2.576172       2.572266       2.576172       2.572266       2.556641       2.150391       .8066406       .7519531       2.619141       .8964844       1.70141E+38    1.70141E+38    1.70141E+38    

2.603516       2.607422       2.611328       2.611328       2.603516       2.595703       2.587891       2.587891       2.583984       2.580078       2.576172       2.568359       2.568359       2.568359       2.560547       2.466797       1.240234       2.400391       2.400391       2.404297       1.70141E+38    1.70141E+38    1.70141E+38    

2.603516       2.607422       2.603516       2.599609       2.595703       2.591797       2.587891       2.583984       2.583984       2.580078       2.583984       2.580078       2.576172       2.568359       2.560547       2.525391       2.271484       1.076172       1.373047       2.404297       1.70141E+38    1.70141E+38    1.70141E+38    

1.70141E+38    1.70141E+38    1.70141E+38    1.70141E+38    1.70141E+38    1.70141E+38    1.70141E+38    1.70141E+38    1.70141E+38    1.70141E+38    1.70141E+38    1.70141E+38    1.70141E+38    1.70141E+38    1.70141E+38    1.70141E+38    1.70141E+38    1.70141E+38    1.70141E+38    1.70141E+38    1.70141E+38    1.70141E+38    1.70141E+38    

1.70141E+38    1.70141E+38    1.70141E+38    1.70141E+38    1.70141E+38    1.70141E+38    1.70141E+38    1.70141E+38    1.70141E+38    1.70141E+38    1.70141E+38    1.70141E+38    1.70141E+38    1.70141E+38    1.70141E+38    1.70141E+38    1.70141E+38    1.70141E+38    1.70141E+38    1.70141E+38    1.70141E+38    1.70141E+38    1.70141E+38    

1.70141E+38    1.70141E+38    1.70141E+38    1.70141E+38    1.70141E+38    1.70141E+38    1.70141E+38    1.70141E+38    1.70141E+38    1.70141E+38    1.70141E+38    1.70141E+38    1.70141E+38    1.70141E+38    1.70141E+38    1.70141E+38    1.70141E+38    1.70141E+38    1.70141E+38    1.70141E+38    1.70141E+38    1.70141E+38    1.70141E+38    

1.70141E+38    1.70141E+38    1.70141E+38    1.70141E+38    1.70141E+38    1.70141E+38    1.70141E+38    1.70141E+38    1.70141E+38    1.70141E+38    1.70141E+38    1.70141E+38    1.70141E+38    1.70141E+38    1.70141E+38    1.70141E+38    1.70141E+38    1.70141E+38    1.70141E+38    1.70141E+38    1.70141E+38    1.70141E+38    1.70141E+38    

1.70141E+38    1.70141E+38    1.70141E+38    1.70141E+38    1.70141E+38    1.70141E+38    1.70141E+38    1.70141E+38    1.70141E+38    1.70141E+38    1.70141E+38    1.70141E+38    1.70141E+38    1.70141E+38    1.70141E+38    1.70141E+38    1.70141E+38    1.70141E+38    1.70141E+38    1.70141E+38    1.70141E+38    1.70141E+38    1.70141E+38    

1.70141E+38    1.70141E+38    1.70141E+38    1.70141E+38    1.70141E+38    1.70141E+38    1.70141E+38    1.70141E+38    1.70141E+38    1.70141E+38    1.70141E+38    1.70141E+38    1.70141E+38    1.70141E+38    1.70141E+38    1.70141E+38    1.70141E+38    1.70141E+38    1.70141E+38    1.70141E+38    1.70141E+38    1.70141E+38    1.70141E+38    

1.70141E+38    1.70141E+38    1.70141E+38    1.70141E+38    1.70141E+38    1.70141E+38    1.70141E+38    1.70141E+38    1.70141E+38    1.70141E+38    1.70141E+38    1.70141E+38    1.70141E+38    1.70141E+38    1.70141E+38    1.70141E+38    1.70141E+38    1.70141E+38    1.70141E+38    1.70141E+38    1.70141E+38    1.70141E+38    1.70141E+38    

1.70141E+38    1.70141E+38    1.70141E+38    1.70141E+38    1.70141E+38    1.70141E+38    1.70141E+38    1.70141E+38    1.70141E+38    1.70141E+38    1.70141E+38    1.70141E+38    1.70141E+38    1.70141E+38    1.70141E+38    1.70141E+38    1.70141E+38    1.70141E+38    1.70141E+38    1.70141E+38    1.70141E+38    1.70141E+38    1.70141E+38    

