py_wake/examples/data/ParqueFicticio/Ridge area   Sector 5   Height 200m   Flow inclination.grd
DSAA
23  33
 262878   265078
 6504214   6507414
-7.876786   11.09163
1.70141E+38    1.70141E+38    1.70141E+38    1.70141E+38    1.70141E+38    1.70141E+38    1.70141E+38    1.70141E+38    1.70141E+38    1.70141E+38    1.70141E+38    1.70141E+38    1.70141E+38    1.70141E+38    1.70141E+38    1.70141E+38    1.70141E+38    1.70141E+38    1.70141E+38    1.70141E+38    1.70141E+38    1.70141E+38    1.70141E+38    

1.70141E+38    1.70141E+38    1.70141E+38    1.70141E+38    1.70141E+38    1.70141E+38    1.70141E+38    1.70141E+38    1.70141E+38    1.70141E+38    1.70141E+38    1.70141E+38    1.70141E+38    1.70141E+38    1.70141E+38    1.70141E+38    1.70141E+38    1.70141E+38    1.70141E+38    1.70141E+38    1.70141E+38    1.70141E+38    1.70141E+38    

1.70141E+38    1.70141E+38    1.70141E+38    1.70141E+38    1.70141E+38    1.70141E+38    1.70141E+38    1.70141E+38    1.70141E+38    1.70141E+38    1.70141E+38    1.70141E+38    1.70141E+38    1.70141E+38    1.70141E+38    1.70141E+38    1.70141E+38    1.70141E+38    1.70141E+38    1.70141E+38    1.70141E+38    1.70141E+38    1.70141E+38    

1.70141E+38    1.70141E+38    1.70141E+38    1.70141E+38    1.70141E+38    1.70141E+38    1.70141E+38    1.70141E+38    1.70141E+38    1.70141E+38    1.70141E+38    1.70141E+38    1.70141E+38    1.70141E+38    1.70141E+38    1.70141E+38    1.70141E+38    1.70141E+38    1.70141E+38    1.70141E+38    1.70141E+38    1.70141E+38    1.70141E+38    

1.70141E+38    1.70141E+38    1.70141E+38    1.70141E+38    1.70141E+38    1.70141E+38    1.70141E+38    1.70141E+38    1.70141E+38    1.70141E+38    1.70141E+38    1.70141E+38    1.70141E+38    1.70141E+38    1.70141E+38    1.70141E+38    1.70141E+38    1.70141E+38    1.70141E+38    1.70141E+38    1.70141E+38    1.70141E+38    1.70141E+38    

-3.969241      -4.373645      -4.703424      -4.848061      -4.716291      -4.281328      -3.655999      -2.771693      -1.646524      -.08706736     1.786167       3.76546        5.727731       7.74508        9.271078       9.398613       8.256163       6.394876       4.855463       4.428322       1.70141E+38    1.70141E+38    1.70141E+38    

-4.269053      -4.729627      -5.159838      -5.510723      -5.626792      -5.430454      -4.858528      -3.900848      -2.569151      -.818338       1.370912       3.746079       6.199358       8.740177       10.22019       9.755483       7.969644       5.794365       4.677191       4.84623        1.70141E+38    1.70141E+38    1.70141E+38    

-4.557282      -5.013052      -5.307984      -5.64963       -5.992537      -6.111311      -5.861096      -5.034946      -3.575961      -1.551263      .9614916       3.667511       6.600197       9.52292        10.86247       10.05167       7.862769       5.624896       4.961987       5.476926       1.70141E+38    1.70141E+38    1.70141E+38    

-4.64556       -5.254841      -5.5355        -5.713843      -5.885212      -5.910105      -5.678792      -4.999208      -3.80598       -1.920896      .7474444       3.569588       6.753541       9.865649       11.09163       10.12284       7.930301       5.844662       5.449003       6.117898       1.70141E+38    1.70141E+38    1.70141E+38    

-4.355434      -5.211905      -5.650043      -5.802114      -5.83863       -5.675081      -5.208725      -4.285266      -3.064024      -1.460682      .8145989       3.487385       6.421424       9.164947       10.47561       9.767865       7.967075       6.364064       6.003046       6.671157       1.70141E+38    1.70141E+38    1.70141E+38    

-3.590219      -4.741394      -5.518936      -5.787522      -5.84097       -5.739234      -5.31639       -4.355337      -3.03847       -1.451769      .6224631       3.103518       5.788724       8.223222       9.652115       9.165294       7.769139       6.731469       6.524413       7.116445       1.70141E+38    1.70141E+38    1.70141E+38    

-2.703385      -3.771018      -5.072336      -5.712359      -5.940646      -5.940545      -5.744152      -4.989942      -3.7507        -2.13984       -.05378559     2.43473        5.114618       7.659935       9.018289       8.337169       7.009266       6.394669       6.529903       7.223046       1.70141E+38    1.70141E+38    1.70141E+38    

-2.33348       -2.620697      -4.135973      -5.423536      -6.111526      -6.40749       -6.478176      -6.021274      -4.880107      -3.202261      -.9182453      1.709556       4.425632       7.121016       8.38158        7.372816       6.041825       5.624356       5.935907       6.788439       1.70141E+38    1.70141E+38    1.70141E+38    

-2.657632      -2.254777      -3.031676      -4.517535      -5.731426      -6.402112      -6.607757      -6.471237      -5.679195      -4.098736      -1.648941      1.100496       3.813268       6.520184       7.672303       6.556501       5.345922       4.946873       5.17467        5.901553       1.70141E+38    1.70141E+38    1.70141E+38    

-3.339751      -2.704628      -2.821385      -3.772351      -4.695699      -5.497133      -5.820793      -5.700036      -5.102612      -3.948925      -1.922278      .6043065       3.113302       5.593285       6.811693       6.165526       5.141361       4.523503       4.479592       4.853413       1.70141E+38    1.70141E+38    1.70141E+38    

-4.233452      -3.614115      -3.537858      -3.983151      -4.449262      -4.922275      -5.255547      -5.213926      -4.699629      -3.71431       -2.102749      .01688085      2.281934       4.498281       6.022922       6.247421       5.521097       4.528328       3.96055        3.783918       1.70141E+38    1.70141E+38    1.70141E+38    

-5.203782      -4.631887      -4.519578      -4.733047      -4.953987      -5.165956      -5.32205       -5.308829      -4.930034      -4.119984      -2.716557      -.7515563      1.433526       3.573741       5.467615       6.623689       6.49709        5.161495       3.857222       2.99499        1.70141E+38    1.70141E+38    1.70141E+38    

-6.176067      -5.59696       -5.497082      -5.729964      -5.797569      -5.863048      -5.900296      -5.85222       -5.57269       -4.989437      -3.730622      -1.639918      .6659706       2.886652       4.955474       6.600136       7.041162       6.056211       4.297228       2.786704       1.70141E+38    1.70141E+38    1.70141E+38    

-6.855341      -6.480864      -6.473496      -6.728688      -6.803795      -6.781874      -6.770683      -6.793209      -6.62816       -6.155553      -4.710245      -2.194303      .2546312       2.499505       4.680978       6.434515       7.064034       6.582836       5.13978        3.354497       1.70141E+38    1.70141E+38    1.70141E+38    

-7.148558      -6.916175      -6.791865      -6.874019      -7.031477      -7.077744      -7.210198      -7.326582      -7.091796      -6.087551      -4.326705      -1.907729      .3646873       2.54996        4.548976       6.027419       6.712137       6.683208       5.885456       4.593529       1.70141E+38    1.70141E+38    1.70141E+38    

-6.983002      -6.714535      -6.508827      -6.435366      -6.525842      -6.661169      -6.713         -6.64094       -6.239574      -5.059359      -3.267928      -1.25777       .8410079       3.144892       4.886275       5.728067       6.081399       6.107224       5.834649       5.292802       1.70141E+38    1.70141E+38    1.70141E+38    

-6.795377      -6.615059      -6.560493      -6.540529      -6.607883      -6.622496      -6.526961      -6.063016      -5.309149      -4.109087      -2.564716      -.8359313      1.130965       3.443369       5.349556       5.968551       5.982517       5.783473       5.533088       5.317633       1.70141E+38    1.70141E+38    1.70141E+38    

-7.017946      -6.968077      -7.052963      -7.169556      -7.212007      -7.085148      -6.695062      -5.764184      -4.6026        -3.430288      -2.156286      -.7127856      .9721393       2.828581       4.626777       5.884503       6.403158       6.205213       5.764148       5.465813       1.70141E+38    1.70141E+38    1.70141E+38    

-7.507813      -7.558917      -7.626731      -7.586334      -7.362847      -6.949658      -6.228321      -5.21318       -4.101165      -2.980989      -1.847588      -.7187564      .536271        1.941802       3.36536        4.527724       5.740201       6.763217       6.790872       6.323624       1.70141E+38    1.70141E+38    1.70141E+38    

-7.876786      -7.794946      -7.635638      -7.294002      -6.837789      -6.211842      -5.370306      -4.496832      -3.596179      -2.61273       -1.541789      -.5844406      .1759469       1.090009       2.148168       3.117277       4.222818       5.649199       6.940766       7.376749       1.70141E+38    1.70141E+38    1.70141E+38    

1.70141E+38    1.70141E+38    1.70141E+38    1.70141E+38    1.70141E+38    1.70141E+38    1.70141E+38    1.70141E+38    1.70141E+38    1.70141E+38    1.70141E+38    1.70141E+38    1.70141E+38    1.70141E+38    1.70141E+38    1.70141E+38    1.70141E+38    1.70141E+38    1.70141E+38    1.70141E+38    1.70141E+38    1.70141E+38    1.70141E+38    

1.70141E+38    1.70141E+38    1.70141E+38    1.70141E+38    1.70141E+38    1.70141E+38    1.70141E+38    1.70141E+38    1.70141E+38    1.70141E+38    1.70141E+38    1.70141E+38    1.70141E+38    1.70141E+38    1.70141E+38    1.70141E+38    1.70141E+38    1.70141E+38    1.70141E+38    1.70141E+38    1.70141E+38    1.70141E+38    1.70141E+38    

1.70141E+38    1.70141E+38    1.70141E+38    1.70141E+38    1.70141E+38    1.70141E+38    1.70141E+38    1.70141E+38    1.70141E+38    1.70141E+38    1.70141E+38    1.70141E+38    1.70141E+38    1.70141E+38    1.70141E+38    1.70141E+38    1.70141E+38    1.70141E+38    1.70141E+38    1.70141E+38    1.70141E+38    1.70141E+38    1.70141E+38    

1.70141E+38    1.70141E+38    1.70141E+38    1.70141E+38    1.70141E+38    1.70141E+38    1.70141E+38    1.70141E+38    1.70141E+38    1.70141E+38    1.70141E+38    1.70141E+38    1.70141E+38    1.70141E+38    1.70141E+38    1.70141E+38    1.70141E+38    1.70141E+38    1.70141E+38    1.70141E+38    1.70141E+38    1.70141E+38    1.70141E+38    

1.70141E+38    1.70141E+38    1.70141E+38    1.70141E+38    1.70141E+38    1.70141E+38    1.70141E+38    1.70141E+38    1.70141E+38    1.70141E+38    1.70141E+38    1.70141E+38    1.70141E+38    1.70141E+38    1.70141E+38    1.70141E+38    1.70141E+38    1.70141E+38    1.70141E+38    1.70141E+38    1.70141E+38    1.70141E+38    1.70141E+38    

1.70141E+38    1.70141E+38    1.70141E+38    1.70141E+38    1.70141E+38    1.70141E+38    1.70141E+38    1.70141E+38    1.70141E+38    1.70141E+38    1.70141E+38    1.70141E+38    1.70141E+38    1.70141E+38    1.70141E+38    1.70141E+38    1.70141E+38    1.70141E+38    1.70141E+38    1.70141E+38    1.70141E+38    1.70141E+38    1.70141E+38    

1.70141E+38    1.70141E+38    1.70141E+38    1.70141E+38    1.70141E+38    1.70141E+38    1.70141E+38    1.70141E+38    1.70141E+38    1.70141E+38    1.70141E+38    1.70141E+38    1.70141E+38    1.70141E+38    1.70141E+38    1.70141E+38    1.70141E+38    1.70141E+38    1.70141E+38    1.70141E+38    1.70141E+38    1.70141E+38    1.70141E+38    

1.70141E+38    1.70141E+38    1.70141E+38    1.70141E+38    1.70141E+38    1.70141E+38    1.70141E+38    1.70141E+38    1.70141E+38    1.70141E+38    1.70141E+38    1.70141E+38    1.70141E+38    1.70141E+38    1.70141E+38    1.70141E+38    1.70141E+38    1.70141E+38    1.70141E+38    1.70141E+38    1.70141E+38    1.70141E+38    1.70141E+38    

