py_wake/examples/data/ParqueFicticio/Ridge area   Sector 6   Height 200m   Weibull-A.grd
DSAA
23  33
 262878   265078
 6504214   6507414
 4.562923   9.675007
1.70141E+38    1.70141E+38    1.70141E+38    1.70141E+38    1.70141E+38    1.70141E+38    1.70141E+38    1.70141E+38    1.70141E+38    1.70141E+38    1.70141E+38    1.70141E+38    1.70141E+38    1.70141E+38    1.70141E+38    1.70141E+38    1.70141E+38    1.70141E+38    1.70141E+38    1.70141E+38    1.70141E+38    1.70141E+38    1.70141E+38    

1.70141E+38    1.70141E+38    1.70141E+38    1.70141E+38    1.70141E+38    1.70141E+38    1.70141E+38    1.70141E+38    1.70141E+38    1.70141E+38    1.70141E+38    1.70141E+38    1.70141E+38    1.70141E+38    1.70141E+38    1.70141E+38    1.70141E+38    1.70141E+38    1.70141E+38    1.70141E+38    1.70141E+38    1.70141E+38    1.70141E+38    

1.70141E+38    1.70141E+38    1.70141E+38    1.70141E+38    1.70141E+38    1.70141E+38    1.70141E+38    1.70141E+38    1.70141E+38    1.70141E+38    1.70141E+38    1.70141E+38    1.70141E+38    1.70141E+38    1.70141E+38    1.70141E+38    1.70141E+38    1.70141E+38    1.70141E+38    1.70141E+38    1.70141E+38    1.70141E+38    1.70141E+38    

1.70141E+38    1.70141E+38    1.70141E+38    1.70141E+38    1.70141E+38    1.70141E+38    1.70141E+38    1.70141E+38    1.70141E+38    1.70141E+38    1.70141E+38    1.70141E+38    1.70141E+38    1.70141E+38    1.70141E+38    1.70141E+38    1.70141E+38    1.70141E+38    1.70141E+38    1.70141E+38    1.70141E+38    1.70141E+38    1.70141E+38    

1.70141E+38    1.70141E+38    1.70141E+38    1.70141E+38    1.70141E+38    1.70141E+38    1.70141E+38    1.70141E+38    1.70141E+38    1.70141E+38    1.70141E+38    1.70141E+38    1.70141E+38    1.70141E+38    1.70141E+38    1.70141E+38    1.70141E+38    1.70141E+38    1.70141E+38    1.70141E+38    1.70141E+38    1.70141E+38    1.70141E+38    

7.746214       7.860046       8.014174       8.209931       8.411363       8.592365       8.721796       8.819471       8.867256       8.884731       8.834426       8.69984        8.505074       8.194252       7.816618       7.512836       7.294294       7.188107       7.262775       7.470597       1.70141E+38    1.70141E+38    1.70141E+38    

7.774858       7.874582       7.980157       8.124911       8.312164       8.508231       8.69683        8.860932       8.975304       9.028606       9.001655       8.872182       8.620351       8.197919       7.732549       7.406508       7.219818       7.222615       7.454306       7.695184       1.70141E+38    1.70141E+38    1.70141E+38    

7.745716       7.887513       8.020827       8.100426       8.180145       8.306744       8.471874       8.669741       8.866575       9.011618       9.064113       8.969849       8.69315        8.221053       7.732373       7.397064       7.238549       7.355758       7.675854       7.884674       1.70141E+38    1.70141E+38    1.70141E+38    

7.666209       7.820136       7.994129       8.115806       8.198964       8.295671       8.407653       8.547927       8.717529       8.908741       9.060957       9.04987        8.785541       8.32275        7.868757       7.560773       7.382882       7.534604       7.889509       8.070103       1.70141E+38    1.70141E+38    1.70141E+38    

7.583996       7.733198       7.948162       8.136253       8.284433       8.455152       8.635818       8.806908       8.916216       9.016388       9.131248       9.148271       8.955852       8.598051       8.194399       7.875298       7.692147       7.786624       8.067478       8.246427       1.70141E+38    1.70141E+38    1.70141E+38    

7.616038       7.666466       7.909485       8.184842       8.413757       8.626653       8.851514       9.069857       9.220483       9.29779        9.340336       9.323013       9.161888       8.869186       8.490799       8.194606       8.110372       8.208358       8.355391       8.480648       1.70141E+38    1.70141E+38    1.70141E+38    

7.815249       7.650208       7.809816       8.124675       8.415116       8.66537        8.882129       9.112171       9.30251        9.431996       9.495398       9.478285       9.329803       9.036749       8.686942       8.513446       8.608516       8.724489       8.789739       8.805719       1.70141E+38    1.70141E+38    1.70141E+38    

8.181767       7.842681       7.712386       7.907766       8.183146       8.433519       8.644494       8.892374       9.156929       9.372703       9.517983       9.556047       9.444938       9.16555        8.852173       8.801767       8.980391       9.121526       9.168159       9.135879       1.70141E+38    1.70141E+38    1.70141E+38    

8.557961       8.27241        7.941565       7.898958       7.941742       8.133013       8.36937        8.592384       8.881671       9.193758       9.460695       9.583539       9.52154        9.279449       9.013376       9.00243        9.16321        9.291815       9.3557         9.353223       1.70141E+38    1.70141E+38    1.70141E+38    

8.826037       8.674596       8.43118        8.343596       8.217966       8.232657       8.451786       8.693311       8.945775       9.199669       9.461404       9.620052       9.604895       9.424109       9.195348       9.106664       9.149427       9.245189       9.327603       9.37326        1.70141E+38    1.70141E+38    1.70141E+38    

8.988836       8.961572       8.854594       8.797709       8.729204       8.676898       8.778035       8.95795        9.169726       9.368405       9.550751       9.667974       9.675007       9.551288       9.336501       9.110558       8.973992       8.987248       9.068628       9.150092       1.70141E+38    1.70141E+38    1.70141E+38    

9.017051       9.059396       9.031218       9.001264       8.994337       8.994699       9.030127       9.108657       9.238913       9.389112       9.541318       9.654059       9.673375       9.597837       9.39471        9.062129       8.709309       8.556528       8.610515       8.709521       1.70141E+38    1.70141E+38    1.70141E+38    

8.844568       8.930776       8.922256       8.88752        8.921545       8.948191       8.982705       9.035183       9.119337       9.223725       9.372798       9.532858       9.603992       9.566546       9.400456       9.080943       8.673567       8.321054       8.193944       8.254702       1.70141E+38    1.70141E+38    1.70141E+38    

8.515878       8.576975       8.535026       8.488624       8.548308       8.61985        8.671304       8.701765       8.762384       8.857256       9.076574       9.349534       9.482074       9.474733       9.329266       9.054184       8.70164        8.308695       7.982983       7.89125        1.70141E+38    1.70141E+38    1.70141E+38    

8.108556       8.138958       8.152774       8.13993        8.177023       8.28008        8.302615       8.317375       8.428089       8.679647       8.966251       9.237968       9.342752       9.324247       9.205276       8.992517       8.703538       8.354691       8.03334        7.779189       1.70141E+38    1.70141E+38    1.70141E+38    

7.939857       8.078555       8.225554       8.329071       8.359955       8.370667       8.394917       8.421037       8.534185       8.801531       9.068797       9.234343       9.268612       9.140777       8.988594       8.861458       8.70113        8.499293       8.271064       8.019796       1.70141E+38    1.70141E+38    1.70141E+38    

8.125226       8.30229        8.403893       8.479046       8.492326       8.512914       8.542016       8.637259       8.761412       8.951313       9.136458       9.246185       9.255906       9.114692       8.86004        8.662018       8.547904       8.460002       8.365413       8.199778       1.70141E+38    1.70141E+38    1.70141E+38    

8.145514       8.271946       8.306603       8.308353       8.319336       8.372892       8.484838       8.692994       8.884996       9.01142        9.10067        9.166173       9.215871       9.174842       9.010683       8.760561       8.475729       8.271734       8.191827       8.127158       1.70141E+38    1.70141E+38    1.70141E+38    

7.940843       8.018002       8.039736       8.079833       8.172494       8.301918       8.487296       8.693167       8.851872       8.94354        8.957349       8.947343       9.029475       9.100621       9.081887       8.992669       8.767609       8.386494       4.631395       4.701558       1.70141E+38    1.70141E+38    1.70141E+38    

7.595337       7.741353       7.88673        8.085225       8.275877       8.445502       8.591822       8.67516        8.723959       8.752801       8.736383       8.647331       8.703291       8.839154       8.924335       9.00801        8.968655       8.755856       8.391294       4.562923       1.70141E+38    1.70141E+38    1.70141E+38    

1.70141E+38    1.70141E+38    1.70141E+38    1.70141E+38    1.70141E+38    1.70141E+38    1.70141E+38    1.70141E+38    1.70141E+38    1.70141E+38    1.70141E+38    1.70141E+38    1.70141E+38    1.70141E+38    1.70141E+38    1.70141E+38    1.70141E+38    1.70141E+38    1.70141E+38    1.70141E+38    1.70141E+38    1.70141E+38    1.70141E+38    

1.70141E+38    1.70141E+38    1.70141E+38    1.70141E+38    1.70141E+38    1.70141E+38    1.70141E+38    1.70141E+38    1.70141E+38    1.70141E+38    1.70141E+38    1.70141E+38    1.70141E+38    1.70141E+38    1.70141E+38    1.70141E+38    1.70141E+38    1.70141E+38    1.70141E+38    1.70141E+38    1.70141E+38    1.70141E+38    1.70141E+38    

1.70141E+38    1.70141E+38    1.70141E+38    1.70141E+38    1.70141E+38    1.70141E+38    1.70141E+38    1.70141E+38    1.70141E+38    1.70141E+38    1.70141E+38    1.70141E+38    1.70141E+38    1.70141E+38    1.70141E+38    1.70141E+38    1.70141E+38    1.70141E+38    1.70141E+38    1.70141E+38    1.70141E+38    1.70141E+38    1.70141E+38    

1.70141E+38    1.70141E+38    1.70141E+38    1.70141E+38    1.70141E+38    1.70141E+38    1.70141E+38    1.70141E+38    1.70141E+38    1.70141E+38    1.70141E+38    1.70141E+38    1.70141E+38    1.70141E+38    1.70141E+38    1.70141E+38    1.70141E+38    1.70141E+38    1.70141E+38    1.70141E+38    1.70141E+38    1.70141E+38    1.70141E+38    

1.70141E+38    1.70141E+38    1.70141E+38    1.70141E+38    1.70141E+38    1.70141E+38    1.70141E+38    1.70141E+38    1.70141E+38    1.70141E+38    1.70141E+38    1.70141E+38    1.70141E+38    1.70141E+38    1.70141E+38    1.70141E+38    1.70141E+38    1.70141E+38    1.70141E+38    1.70141E+38    1.70141E+38    1.70141E+38    1.70141E+38    

1.70141E+38    1.70141E+38    1.70141E+38    1.70141E+38    1.70141E+38    1.70141E+38    1.70141E+38    1.70141E+38    1.70141E+38    1.70141E+38    1.70141E+38    1.70141E+38    1.70141E+38    1.70141E+38    1.70141E+38    1.70141E+38    1.70141E+38    1.70141E+38    1.70141E+38    1.70141E+38    1.70141E+38    1.70141E+38    1.70141E+38    

1.70141E+38    1.70141E+38    1.70141E+38    1.70141E+38    1.70141E+38    1.70141E+38    1.70141E+38    1.70141E+38    1.70141E+38    1.70141E+38    1.70141E+38    1.70141E+38    1.70141E+38    1.70141E+38    1.70141E+38    1.70141E+38    1.70141E+38    1.70141E+38    1.70141E+38    1.70141E+38    1.70141E+38    1.70141E+38    1.70141E+38    

1.70141E+38    1.70141E+38    1.70141E+38    1.70141E+38    1.70141E+38    1.70141E+38    1.70141E+38    1.70141E+38    1.70141E+38    1.70141E+38    1.70141E+38    1.70141E+38    1.70141E+38    1.70141E+38    1.70141E+38    1.70141E+38    1.70141E+38    1.70141E+38    1.70141E+38    1.70141E+38    1.70141E+38    1.70141E+38    1.70141E+38    

