py_wake/examples/data/ParqueFicticio/Ridge area   Sector 4   Height 200m   Flow inclination.grd
DSAA
23  33
 262878   265078
 6504214   6507414
-8.769802   10.72691
1.70141E+38    1.70141E+38    1.70141E+38    1.70141E+38    1.70141E+38    1.70141E+38    1.70141E+38    1.70141E+38    1.70141E+38    1.70141E+38    1.70141E+38    1.70141E+38    1.70141E+38    1.70141E+38    1.70141E+38    1.70141E+38    1.70141E+38    1.70141E+38    1.70141E+38    1.70141E+38    1.70141E+38    1.70141E+38    1.70141E+38    

1.70141E+38    1.70141E+38    1.70141E+38    1.70141E+38    1.70141E+38    1.70141E+38    1.70141E+38    1.70141E+38    1.70141E+38    1.70141E+38    1.70141E+38    1.70141E+38    1.70141E+38    1.70141E+38    1.70141E+38    1.70141E+38    1.70141E+38    1.70141E+38    1.70141E+38    1.70141E+38    1.70141E+38    1.70141E+38    1.70141E+38    

1.70141E+38    1.70141E+38    1.70141E+38    1.70141E+38    1.70141E+38    1.70141E+38    1.70141E+38    1.70141E+38    1.70141E+38    1.70141E+38    1.70141E+38    1.70141E+38    1.70141E+38    1.70141E+38    1.70141E+38    1.70141E+38    1.70141E+38    1.70141E+38    1.70141E+38    1.70141E+38    1.70141E+38    1.70141E+38    1.70141E+38    

1.70141E+38    1.70141E+38    1.70141E+38    1.70141E+38    1.70141E+38    1.70141E+38    1.70141E+38    1.70141E+38    1.70141E+38    1.70141E+38    1.70141E+38    1.70141E+38    1.70141E+38    1.70141E+38    1.70141E+38    1.70141E+38    1.70141E+38    1.70141E+38    1.70141E+38    1.70141E+38    1.70141E+38    1.70141E+38    1.70141E+38    

1.70141E+38    1.70141E+38    1.70141E+38    1.70141E+38    1.70141E+38    1.70141E+38    1.70141E+38    1.70141E+38    1.70141E+38    1.70141E+38    1.70141E+38    1.70141E+38    1.70141E+38    1.70141E+38    1.70141E+38    1.70141E+38    1.70141E+38    1.70141E+38    1.70141E+38    1.70141E+38    1.70141E+38    1.70141E+38    1.70141E+38    

-7.004271      -7.391341      -7.707839      -7.893452      -7.91417       -7.736806      -7.444143      -6.813181      -5.827093      -4.207446      -2.085975      .29025         2.766526       5.277152       7.03148        6.852331       5.029787       2.711838       1.212811       1.028128       1.70141E+38    1.70141E+38    1.70141E+38    

-7.333986      -7.743788      -8.112011      -8.372421      -8.45629       -8.34183       -7.95212       -7.147249      -5.94566       -4.244767      -1.958798      .6424118       3.391622       6.207057       7.620142       6.56435        4.196118       2.080251       1.325285       1.833149       1.70141E+38    1.70141E+38    1.70141E+38    

-7.532546      -7.863534      -8.093867      -8.402506      -8.688819      -8.769802      -8.527504      -7.805285      -6.500392      -4.579909      -2.058438      .7386841       3.769011       6.680702       7.618163       6.146465       3.742225       2.077666       1.890764       2.737103       1.70141E+38    1.70141E+38    1.70141E+38    

-7.565543      -7.880106      -8.007493      -8.158847      -8.354512      -8.431953      -8.294036      -7.780482      -6.738812      -4.934749      -2.234465      .6558          3.779957       6.64675        7.366698       5.930141       3.862221       2.519757       2.551389       3.527774       1.70141E+38    1.70141E+38    1.70141E+38    

-7.610584      -7.900209      -7.969974      -8.01306       -8.088543      -8.033031      -7.76249       -7.100424      -6.112166      -4.596873      -2.235697      .5520653       3.423525       5.921167       6.811766       5.797359       4.209914       3.052268       3.037071       4.086822       1.70141E+38    1.70141E+38    1.70141E+38    

-7.266994      -7.731748      -7.879537      -7.892439      -7.909924      -7.840219      -7.529168      -6.757583      -5.633858      -4.204655      -2.162572      .3774208       3.01671        5.262283       6.304255       5.463139       4.0564         3.199475       3.421488       4.575582       1.70141E+38    1.70141E+38    1.70141E+38    

-6.710972      -7.380809      -7.804885      -7.870439      -7.822324      -7.683242      -7.452886      -6.800029      -5.73562       -4.297739      -2.331974      .1092987       2.707093       5.048806       5.970691       4.798544       3.485361       3.214138       3.846817       5.068596       1.70141E+38    1.70141E+38    1.70141E+38    

-6.3946        -6.938291      -7.726487      -7.958997      -7.926136      -7.844049      -7.715373      -7.26552       -6.317436      -4.871154      -2.776016      -.2437471      2.382368       4.866925       5.648091       4.301583       3.381796       3.506802       4.257565       5.452587       1.70141E+38    1.70141E+38    1.70141E+38    

-6.30088       -6.408709      -7.141888      -7.663138      -7.939587      -7.949352      -7.854432      -7.637732      -6.979608      -5.629034      -3.349317      -.6269214      2.064266       4.637905       5.524666       4.535394       3.914174       4.05266        4.687796       5.692904       1.70141E+38    1.70141E+38    1.70141E+38    

-6.37076       -6.157746      -6.502811      -7.010455      -7.543558      -7.876253      -7.837982      -7.568984      -6.948113      -5.795758      -3.672531      -.9559376      1.682665       4.211943       5.545371       5.335875       4.949193       4.914456       5.313664       5.96593        1.70141E+38    1.70141E+38    1.70141E+38    

-6.567896      -6.188323      -6.309537      -6.731592      -7.187185      -7.620667      -7.692796      -7.395627      -6.652376      -5.466444      -3.608121      -1.204583      1.32485        3.79955        5.712089       6.529227       6.602891       6.319568       6.244545       6.375813       1.70141E+38    1.70141E+38    1.70141E+38    

-6.800024      -6.376835      -6.410298      -6.786508      -7.140067      -7.386161      -7.437715      -7.216938      -6.55758       -5.466171      -3.765153      -1.468621      1.062703       3.618092       6.049397       7.940536       8.7859         8.283181       7.428839       6.804053       1.70141E+38    1.70141E+38    1.70141E+38    

-7.189032      -6.742237      -6.785275      -7.249209      -7.532341      -7.65562       -7.595404      -7.328209      -6.755569      -5.87172       -4.295419      -1.823257      .9274342       3.663594       6.35779        8.768085       10.03892       9.862945       8.645433       7.340672       1.70141E+38    1.70141E+38    1.70141E+38    

-7.588625      -7.302805      -7.467549      -8.000825      -8.288539      -8.299119      -8.163253      -7.943485      -7.469814      -6.688468      -4.900076      -1.901684      1.10788        3.973234       6.87452        9.352959       10.56862       10.64293       9.701223       8.122584       1.70141E+38    1.70141E+38    1.70141E+38    

-7.977544      -7.895325      -8.028155      -8.347483      -8.598017      -8.578518      -8.553655      -8.396082      -7.810757      -6.461636      -4.266623      -1.223164      1.746209       4.693543       7.449006       9.522458       10.56476       10.72691       10.07169       8.894497       1.70141E+38    1.70141E+38    1.70141E+38    

-8.089107      -7.947949      -7.830996      -7.794544      -7.892045      -7.982254      -7.907166      -7.624743      -6.892437      -5.242018      -2.84862       -.1601989      2.696186       5.959757       8.48427        9.637416       9.951199       9.808666       9.433039       8.943637       1.70141E+38    1.70141E+38    1.70141E+38    

-7.660929      -7.454801      -7.374284      -7.333454      -7.413895      -7.418209      -7.273079      -6.650545      -5.569327      -3.805722      -1.599002      .8017424       3.490643       6.646899       9.246043       10.03707       9.813998       9.335196       8.873449       8.596233       1.70141E+38    1.70141E+38    1.70141E+38    

-7.270628      -7.180974      -7.239076      -7.368513      -7.463521      -7.377096      -6.956581      -5.804399      -4.194216      -2.436861      -.4697343      1.691456       3.972559       6.321884       8.384099       9.472743       9.81717        9.520618       8.966116       8.57639        1.70141E+38    1.70141E+38    1.70141E+38    

-7.051962      -7.105569      -7.212858      -7.268586      -7.162067      -6.822458      -6.002082      -4.623127      -2.976689      -1.214929      .7183111       2.694248       4.401224       5.930436       7.126433       7.840102       8.649961       9.416523       9.413658       9.007057       1.70141E+38    1.70141E+38    1.70141E+38    

-6.969923      -6.959109      -6.921137      -6.760871      -6.440455      -5.802311      -4.707966      -3.347693      -1.798398      -.06149344     1.832008       3.645198       4.752295       5.623328       6.179366       6.434481       6.977884       7.930993       8.828067       9.10715        1.70141E+38    1.70141E+38    1.70141E+38    

1.70141E+38    1.70141E+38    1.70141E+38    1.70141E+38    1.70141E+38    1.70141E+38    1.70141E+38    1.70141E+38    1.70141E+38    1.70141E+38    1.70141E+38    1.70141E+38    1.70141E+38    1.70141E+38    1.70141E+38    1.70141E+38    1.70141E+38    1.70141E+38    1.70141E+38    1.70141E+38    1.70141E+38    1.70141E+38    1.70141E+38    

1.70141E+38    1.70141E+38    1.70141E+38    1.70141E+38    1.70141E+38    1.70141E+38    1.70141E+38    1.70141E+38    1.70141E+38    1.70141E+38    1.70141E+38    1.70141E+38    1.70141E+38    1.70141E+38    1.70141E+38    1.70141E+38    1.70141E+38    1.70141E+38    1.70141E+38    1.70141E+38    1.70141E+38    1.70141E+38    1.70141E+38    

1.70141E+38    1.70141E+38    1.70141E+38    1.70141E+38    1.70141E+38    1.70141E+38    1.70141E+38    1.70141E+38    1.70141E+38    1.70141E+38    1.70141E+38    1.70141E+38    1.70141E+38    1.70141E+38    1.70141E+38    1.70141E+38    1.70141E+38    1.70141E+38    1.70141E+38    1.70141E+38    1.70141E+38    1.70141E+38    1.70141E+38    

1.70141E+38    1.70141E+38    1.70141E+38    1.70141E+38    1.70141E+38    1.70141E+38    1.70141E+38    1.70141E+38    1.70141E+38    1.70141E+38    1.70141E+38    1.70141E+38    1.70141E+38    1.70141E+38    1.70141E+38    1.70141E+38    1.70141E+38    1.70141E+38    1.70141E+38    1.70141E+38    1.70141E+38    1.70141E+38    1.70141E+38    

1.70141E+38    1.70141E+38    1.70141E+38    1.70141E+38    1.70141E+38    1.70141E+38    1.70141E+38    1.70141E+38    1.70141E+38    1.70141E+38    1.70141E+38    1.70141E+38    1.70141E+38    1.70141E+38    1.70141E+38    1.70141E+38    1.70141E+38    1.70141E+38    1.70141E+38    1.70141E+38    1.70141E+38    1.70141E+38    1.70141E+38    

1.70141E+38    1.70141E+38    1.70141E+38    1.70141E+38    1.70141E+38    1.70141E+38    1.70141E+38    1.70141E+38    1.70141E+38    1.70141E+38    1.70141E+38    1.70141E+38    1.70141E+38    1.70141E+38    1.70141E+38    1.70141E+38    1.70141E+38    1.70141E+38    1.70141E+38    1.70141E+38    1.70141E+38    1.70141E+38    1.70141E+38    

1.70141E+38    1.70141E+38    1.70141E+38    1.70141E+38    1.70141E+38    1.70141E+38    1.70141E+38    1.70141E+38    1.70141E+38    1.70141E+38    1.70141E+38    1.70141E+38    1.70141E+38    1.70141E+38    1.70141E+38    1.70141E+38    1.70141E+38    1.70141E+38    1.70141E+38    1.70141E+38    1.70141E+38    1.70141E+38    1.70141E+38    

1.70141E+38    1.70141E+38    1.70141E+38    1.70141E+38    1.70141E+38    1.70141E+38    1.70141E+38    1.70141E+38    1.70141E+38    1.70141E+38    1.70141E+38    1.70141E+38    1.70141E+38    1.70141E+38    1.70141E+38    1.70141E+38    1.70141E+38    1.70141E+38    1.70141E+38    1.70141E+38    1.70141E+38    1.70141E+38    1.70141E+38    

