py_wake/examples/data/ParqueFicticio/Ridge area   Sector 5   Height 30m   Orographic turn.grd
DSAA
23  33
 262878   265078
 6504214   6507414
-26.75787   28.94114
1.70141E+38    1.70141E+38    1.70141E+38    1.70141E+38    1.70141E+38    1.70141E+38    1.70141E+38    1.70141E+38    1.70141E+38    1.70141E+38    1.70141E+38    1.70141E+38    1.70141E+38    1.70141E+38    1.70141E+38    1.70141E+38    1.70141E+38    1.70141E+38    1.70141E+38    1.70141E+38    1.70141E+38    1.70141E+38    1.70141E+38    

1.70141E+38    1.70141E+38    1.70141E+38    1.70141E+38    1.70141E+38    1.70141E+38    1.70141E+38    1.70141E+38    1.70141E+38    1.70141E+38    1.70141E+38    1.70141E+38    1.70141E+38    1.70141E+38    1.70141E+38    1.70141E+38    1.70141E+38    1.70141E+38    1.70141E+38    1.70141E+38    1.70141E+38    1.70141E+38    1.70141E+38    

1.70141E+38    1.70141E+38    1.70141E+38    1.70141E+38    1.70141E+38    1.70141E+38    1.70141E+38    1.70141E+38    1.70141E+38    1.70141E+38    1.70141E+38    1.70141E+38    1.70141E+38    1.70141E+38    1.70141E+38    1.70141E+38    1.70141E+38    1.70141E+38    1.70141E+38    1.70141E+38    1.70141E+38    1.70141E+38    1.70141E+38    

1.70141E+38    1.70141E+38    1.70141E+38    1.70141E+38    1.70141E+38    1.70141E+38    1.70141E+38    1.70141E+38    1.70141E+38    1.70141E+38    1.70141E+38    1.70141E+38    1.70141E+38    1.70141E+38    1.70141E+38    1.70141E+38    1.70141E+38    1.70141E+38    1.70141E+38    1.70141E+38    1.70141E+38    1.70141E+38    1.70141E+38    

1.70141E+38    1.70141E+38    1.70141E+38    1.70141E+38    1.70141E+38    1.70141E+38    1.70141E+38    1.70141E+38    1.70141E+38    1.70141E+38    1.70141E+38    1.70141E+38    1.70141E+38    1.70141E+38    1.70141E+38    1.70141E+38    1.70141E+38    1.70141E+38    1.70141E+38    1.70141E+38    1.70141E+38    1.70141E+38    1.70141E+38    

3.566131       4.661833       6.6285         7.576603       7.607443       6.797514       5.557633       2.169158       -.9336295      -4.049888      -8.276031      -12.71921      -16.33117      -14.27684      -7.520948      -.830188       5.744839       11.74027       10.39714       .2386701       1.70141E+38    1.70141E+38    1.70141E+38    

5.346007       5.291974       5.090948       5.607894       6.190687       6.647949       6.0431         3.78293        1.168669       -2.545501      -7.157582      -11.66513      -13.89018      -10.77909      -4.454073      2.160012       10.14854       15.31261       7.049003       -4.491456      1.70141E+38    1.70141E+38    1.70141E+38    

6.57615        6.961995       5.661324       4.5331         3.266215       2.031037       1.399447       .07731568      -1.719692      -3.866102      -6.822099      -11.60248      -12.26428      -7.53165       -1.291202      5.709894       15.45487       17.14633       1.561695       -8.933986      1.70141E+38    1.70141E+38    1.70141E+38    

6.084686       6.67887        5.726976       5.26956        4.64799        2.248956       -.5329246      -4.397451      -6.511196      -7.211281      -8.535709      -10.67314      -10.32205      -5.979608      .5155321       8.808681       20.48917       18.11715       -2.14142       -10.28354      1.70141E+38    1.70141E+38    1.70141E+38    

4.303806       6.256581       6.240188       5.704723       6.076214       5.203535       2.899681       -2.174128      -6.560163      -8.874123      -9.546581      -10.48773      -8.679241      -4.46663       3.21539        13.01101       21.75451       14.37205       -4.814833      -10.31291      1.70141E+38    1.70141E+38    1.70141E+38    

2.327573       7.003978       8.712591       8.385097       8.058463       7.305632       5.874512       1.932553       -1.85586       -4.692019      -6.706162      -9.005907      -7.777071      -2.882765      7.208863       17.64234       18.7841        3.959101       -6.017585      -9.960536      1.70141E+38    1.70141E+38    1.70141E+38    

.7056867       8.110017       10.82408       9.871543       9.184627       7.712778       6.264976       3.03158        1.053666       -.549696       -3.306971      -6.753371      -6.574204      -.8939732      11.45195       20.59025       11.29955       -.8379124      -5.753137      -8.450441      1.70141E+38    1.70141E+38    1.70141E+38    

1.044218       8.70507        17.86564       11.91129       7.247986       5.081161       3.061677       -.3715206      -.5463565      -1.122208      -2.850739      -5.557234      -5.520846      1.028098       13.67485       18.15943       6.690294       .402114        -2.589744      -3.955506      1.70141E+38    1.70141E+38    1.70141E+38    

2.798646       6.836868       18.44923       20.82385       28.94114       18.28264       8.854481       2.602347       -1.77405       -2.78661       -3.932998      -5.97236       -6.184224      .421425        9.896746       10.31195       3.617207       .7930463       .3348204       1.707804       1.70141E+38    1.70141E+38    1.70141E+38    

4.085068       6.058475       13.6374        13.2584        22.39458       26.5381        11.85776       4.656222       .1443107       -2.565287      -4.849031      -6.916953      -5.85202       -2.296371      1.521592       .5069191       -.9955228      -1.456961      .06562438      3.682773       1.70141E+38    1.70141E+38    1.70141E+38    

5.708342       7.019598       13.42863       13.98343       14.64234       16.73405       11.95052       7.180959       2.426725       -.8736298      -3.774865      -5.69521       -5.309668      -4.375015      -4.653522      -6.650623      -9.698866      -7.675652      -3.357605      .895323        1.70141E+38    1.70141E+38    1.70141E+38    

8.036972       9.235072       14.69134       17.64503       15.93687       14.61459       11.46256       7.862338       3.055191       -.3179337      -2.961101      -5.290253      -5.99812       -6.258756      -7.276964      -10.79331      -20.8745       -25.49638      -16.29171      -7.837217      1.70141E+38    1.70141E+38    1.70141E+38    

4.970605       7.30806        12.85193       16.12387       13.87121       12.44941       9.57742        5.754535       1.011955       -2.132559      -4.938396      -6.976441      -8.059768      -8.52711       -6.831776      -6.701272      -12.8999       -24.92328      -26.75787      -18.11307      1.70141E+38    1.70141E+38    1.70141E+38    

-1.067768      .73007         3.423692       3.532146       2.806947       2.120675       .1866238       -2.293945      -4.989318      -7.197038      -9.719653      -11.57009      -11.97219      -9.587707      -6.383872      -4.717128      -6.484672      -12.64735      -21.95453      -23.59976      1.70141E+38    1.70141E+38    1.70141E+38    

-6.685217      -6.079476      -5.563966      -7.48389       -8.93611       -8.182714      -8.704713      -7.993235      -6.055071      -8.285505      -13.15658      -15.91964      -15.69726      -11.71284      -5.469714      -2.181997      -2.522032      -5.167192      -10.99072      -19.8026       1.70141E+38    1.70141E+38    1.70141E+38    

-4.414387      -3.939594      -2.223656      -2.180779      -2.144665      -2.568137      -2.539853      -2.995367      -3.761455      -8.899074      -13.35827      -15.53539      -15.43495      -12.82548      -8.169394      -3.078809      .4874614       1.430287       -.9504368      -5.928913      1.70141E+38    1.70141E+38    1.70141E+38    

2.824675       2.209187       3.221087       3.700497       5.114527       4.657016       4.577664       .2283721       -5.715122      -11.03514      -13.06388      -11.95959      -9.376173      -7.563612      -8.262099      -7.656683      -4.26973       -.7083978      1.111215       .765543        1.70141E+38    1.70141E+38    1.70141E+38    

3.100192       1.897012       2.524626       3.0875         3.70899        4.195953       3.441701       -2.466282      -8.785733      -12.13975      -13.2648       -10.30632      -5.766863      -1.416844      -.08174112     -4.098845      -8.432448      -8.214761      -5.122384      -2.078506      1.70141E+38    1.70141E+38    1.70141E+38    

.0975296       .2165244       1.8533         2.795517       2.511489       1.546852       -3.894967      -10.64671      -13.16299      -13.38838      -11.67653      -10.07653      -6.887768      -2.190371      2.596622       2.903526       -.8546233      -6.48982       -10.26976      -8.865498      1.70141E+38    1.70141E+38    1.70141E+38    

-1.882649      .5431106       3.247094       4.520512       3.46667        -1.39103       -8.984031      -14.29051      -15.35286      -13.49285      -11.45959      -12.37392      -10.96007      -5.725944      -1.040526      1.529304       3.154093       1.842733       -2.896443      -7.206794      1.70141E+38    1.70141E+38    1.70141E+38    

1.70141E+38    1.70141E+38    1.70141E+38    1.70141E+38    1.70141E+38    1.70141E+38    1.70141E+38    1.70141E+38    1.70141E+38    1.70141E+38    1.70141E+38    1.70141E+38    1.70141E+38    1.70141E+38    1.70141E+38    1.70141E+38    1.70141E+38    1.70141E+38    1.70141E+38    1.70141E+38    1.70141E+38    1.70141E+38    1.70141E+38    

1.70141E+38    1.70141E+38    1.70141E+38    1.70141E+38    1.70141E+38    1.70141E+38    1.70141E+38    1.70141E+38    1.70141E+38    1.70141E+38    1.70141E+38    1.70141E+38    1.70141E+38    1.70141E+38    1.70141E+38    1.70141E+38    1.70141E+38    1.70141E+38    1.70141E+38    1.70141E+38    1.70141E+38    1.70141E+38    1.70141E+38    

1.70141E+38    1.70141E+38    1.70141E+38    1.70141E+38    1.70141E+38    1.70141E+38    1.70141E+38    1.70141E+38    1.70141E+38    1.70141E+38    1.70141E+38    1.70141E+38    1.70141E+38    1.70141E+38    1.70141E+38    1.70141E+38    1.70141E+38    1.70141E+38    1.70141E+38    1.70141E+38    1.70141E+38    1.70141E+38    1.70141E+38    

1.70141E+38    1.70141E+38    1.70141E+38    1.70141E+38    1.70141E+38    1.70141E+38    1.70141E+38    1.70141E+38    1.70141E+38    1.70141E+38    1.70141E+38    1.70141E+38    1.70141E+38    1.70141E+38    1.70141E+38    1.70141E+38    1.70141E+38    1.70141E+38    1.70141E+38    1.70141E+38    1.70141E+38    1.70141E+38    1.70141E+38    

1.70141E+38    1.70141E+38    1.70141E+38    1.70141E+38    1.70141E+38    1.70141E+38    1.70141E+38    1.70141E+38    1.70141E+38    1.70141E+38    1.70141E+38    1.70141E+38    1.70141E+38    1.70141E+38    1.70141E+38    1.70141E+38    1.70141E+38    1.70141E+38    1.70141E+38    1.70141E+38    1.70141E+38    1.70141E+38    1.70141E+38    

1.70141E+38    1.70141E+38    1.70141E+38    1.70141E+38    1.70141E+38    1.70141E+38    1.70141E+38    1.70141E+38    1.70141E+38    1.70141E+38    1.70141E+38    1.70141E+38    1.70141E+38    1.70141E+38    1.70141E+38    1.70141E+38    1.70141E+38    1.70141E+38    1.70141E+38    1.70141E+38    1.70141E+38    1.70141E+38    1.70141E+38    

1.70141E+38    1.70141E+38    1.70141E+38    1.70141E+38    1.70141E+38    1.70141E+38    1.70141E+38    1.70141E+38    1.70141E+38    1.70141E+38    1.70141E+38    1.70141E+38    1.70141E+38    1.70141E+38    1.70141E+38    1.70141E+38    1.70141E+38    1.70141E+38    1.70141E+38    1.70141E+38    1.70141E+38    1.70141E+38    1.70141E+38    

1.70141E+38    1.70141E+38    1.70141E+38    1.70141E+38    1.70141E+38    1.70141E+38    1.70141E+38    1.70141E+38    1.70141E+38    1.70141E+38    1.70141E+38    1.70141E+38    1.70141E+38    1.70141E+38    1.70141E+38    1.70141E+38    1.70141E+38    1.70141E+38    1.70141E+38    1.70141E+38    1.70141E+38    1.70141E+38    1.70141E+38    

