py_wake/examples/data/ParqueFicticio/Ridge area   Sector 9   Height 30m   Weibull-A.grd
DSAA
23  33
 262878   265078
 6504214   6507414
 .4663043   10.84183
1.70141E+38    1.70141E+38    1.70141E+38    1.70141E+38    1.70141E+38    1.70141E+38    1.70141E+38    1.70141E+38    1.70141E+38    1.70141E+38    1.70141E+38    1.70141E+38    1.70141E+38    1.70141E+38    1.70141E+38    1.70141E+38    1.70141E+38    1.70141E+38    1.70141E+38    1.70141E+38    1.70141E+38    1.70141E+38    1.70141E+38    

1.70141E+38    1.70141E+38    1.70141E+38    1.70141E+38    1.70141E+38    1.70141E+38    1.70141E+38    1.70141E+38    1.70141E+38    1.70141E+38    1.70141E+38    1.70141E+38    1.70141E+38    1.70141E+38    1.70141E+38    1.70141E+38    1.70141E+38    1.70141E+38    1.70141E+38    1.70141E+38    1.70141E+38    1.70141E+38    1.70141E+38    

1.70141E+38    1.70141E+38    1.70141E+38    1.70141E+38    1.70141E+38    1.70141E+38    1.70141E+38    1.70141E+38    1.70141E+38    1.70141E+38    1.70141E+38    1.70141E+38    1.70141E+38    1.70141E+38    1.70141E+38    1.70141E+38    1.70141E+38    1.70141E+38    1.70141E+38    1.70141E+38    1.70141E+38    1.70141E+38    1.70141E+38    

1.70141E+38    1.70141E+38    1.70141E+38    1.70141E+38    1.70141E+38    1.70141E+38    1.70141E+38    1.70141E+38    1.70141E+38    1.70141E+38    1.70141E+38    1.70141E+38    1.70141E+38    1.70141E+38    1.70141E+38    1.70141E+38    1.70141E+38    1.70141E+38    1.70141E+38    1.70141E+38    1.70141E+38    1.70141E+38    1.70141E+38    

1.70141E+38    1.70141E+38    1.70141E+38    1.70141E+38    1.70141E+38    1.70141E+38    1.70141E+38    1.70141E+38    1.70141E+38    1.70141E+38    1.70141E+38    1.70141E+38    1.70141E+38    1.70141E+38    1.70141E+38    1.70141E+38    1.70141E+38    1.70141E+38    1.70141E+38    1.70141E+38    1.70141E+38    1.70141E+38    1.70141E+38    

4.923065       4.918324       5.0047         5.33984        5.771951       6.271057       6.559076       7.081809       7.458105       8.090446       8.945068       9.534295       9.517917       7.076493       3.718049       1.371631       1.336998       1.215301       1.872901       3.337624       1.70141E+38    1.70141E+38    1.70141E+38    

5.013626       5.043066       5.156493       5.469829       5.867077       6.22866        6.691294       7.280948       7.845318       8.44762        9.212236       9.68012        8.965376       3.617551       1.241656       1.585318       1.503633       1.399797       2.351593       4.52654        1.70141E+38    1.70141E+38    1.70141E+38    

4.956879       5.180904       5.54409        5.68666        5.699851       5.876656       6.178054       6.701008       7.399858       8.139855       8.997777       9.494432       8.130498       1.319524       .9236286       2.199936       2.135123       2.063629       3.010379       5.299616       1.70141E+38    1.70141E+38    1.70141E+38    

4.895797       5.13592        5.543231       5.669026       5.630318       5.753825       5.930741       6.369501       6.910129       7.514569       8.591914       9.321751       7.226826       1.319967       .6881588       1.673355       1.96994        2.474499       2.752019       6.088861       1.70141E+38    1.70141E+38    1.70141E+38    

4.849204       5.020004       5.351397       5.601988       5.665281       5.915303       6.213439       6.859695       7.369561       7.822334       8.563464       9.242495       7.781085       1.923534       .5395848       .6742706       2.332715       2.334187       4.148575       7.200167       1.70141E+38    1.70141E+38    1.70141E+38    

5.232481       5.175578       5.416727       5.819078       6.104607       6.439115       6.79161        7.542932       8.267415       8.60571        8.983626       9.560266       8.645466       3.711158       1.089274       1.97287        1.996485       2.543097       4.323822       7.069138       1.70141E+38    1.70141E+38    1.70141E+38    

5.888502       5.403593       5.543788       6.19592        6.786674       7.25982        7.534906       7.975148       8.464282       8.779402       9.189232       9.698862       8.920915       5.238762       1.972459       1.734444       2.900159       3.474521       5.112864       6.711155       1.70141E+38    1.70141E+38    1.70141E+38    

6.612952       5.757537       5.125511       6.058487       6.698417       7.022057       7.06004        7.322004       7.765914       8.186832       8.842221       9.568978       9.030583       5.264197       1.994592       2.021112       3.791169       5.586641       6.614714       6.718768       1.70141E+38    1.70141E+38    1.70141E+38    

7.197401       6.459453       3.876285       4.93594        5.465097       6.096333       6.224485       6.289808       6.612328       7.227383       8.277691       9.476946       9.150246       5.547812       1.126776       2.564045       5.921146       7.459772       7.5542         6.646357       1.70141E+38    1.70141E+38    1.70141E+38    

7.477317       6.921285       5.350758       5.728926       5.205711       5.399446       6.126991       6.646722       7.184933       7.614362       8.460509       9.754811       9.408284       7.115954       2.752794       4.324521       5.882595       6.978164       6.943778       6.011199       1.70141E+38    1.70141E+38    1.70141E+38    

7.630316       7.513489       6.77862        6.774863       6.313143       5.779307       6.492236       7.268764       8.087654       8.676918       9.332356       9.878817       9.697556       8.697349       6.276118       4.875271       4.571033       4.98665        5.345555       4.885175       1.70141E+38    1.70141E+38    1.70141E+38    

8.131969       8.221735       7.748531       7.403511       7.427273       7.498551       7.785771       8.098241       8.675804       9.062878       9.299506       9.680853       9.413534       9.080398       7.116307       3.439541       2.032121       1.864505       2.191489       2.467842       1.70141E+38    1.70141E+38    1.70141E+38    

8.155179       8.146931       7.314417       6.518423       7.20504        7.56181        7.92939        8.176988       8.413676       8.194638       8.181282       8.863095       9.201663       8.887007       6.860454       3.485234       2.592721       1.385999       1.605503       1.328631       1.70141E+38    1.70141E+38    1.70141E+38    

7.685665       6.988989       4.998558       3.324233       4.315152       5.493495       6.304317       6.233433       5.878604       5.205597       5.906957       8.112056       8.897429       7.795449       4.66655        3.09206        2.624061       1.343576       .5379443       .6935999       1.70141E+38    1.70141E+38    1.70141E+38    

6.205272       4.378366       3.015298       2.984553       3.005101       2.814027       2.651962       2.417347       2.357823       4.661868       6.617702       8.724885       8.245921       5.578053       4.936374       2.405564       2.013873       1.535426       .6736952       .4663043       1.70141E+38    1.70141E+38    1.70141E+38    

5.393856       5.242137       5.773732       6.335783       6.471496       6.195634       5.795401       5.396814       5.417896       6.678158       8.750607       9.569939       7.689348       3.967794       2.39618        3.354177       2.479024       2.892731       3.186485       2.6345         1.70141E+38    1.70141E+38    1.70141E+38    

6.70012        7.408407       7.673817       7.922128       7.542358       7.421982       7.031013       7.164188       7.808346       9.177174       10.22117       9.628588       7.166833       3.713963       2.171924       2.155859       2.538415       2.94604        3.516733       3.750582       1.70141E+38    1.70141E+38    1.70141E+38    

7.589165       7.920946       7.49875        6.821168       6.241376       6.169708       6.526871       8.021535       9.726075       10.61568       10.53324       9.0855         6.887419       7.26353        4.084602       2.817439       2.224187       2.315919       3.058661       3.793767       1.70141E+38    1.70141E+38    1.70141E+38    

7.188397       6.705733       5.769448       5.289324       5.494064       5.870965       7.380213       9.456776       10.7733        10.84183       9.41717        6.670844       5.864597       5.739788       7.300767       6.61838        5.320883       3.456757       2.871945       2.982691       1.70141E+38    1.70141E+38    1.70141E+38    

5.864894       5.624599       5.481129       5.952756       6.885293       7.979569       9.53515        10.60075       10.61562       9.77967        8.205679       2.847897       5.121044       4.522198       3.102631       1.725982       2.471462       1.863771       4.590511       3.613153       1.70141E+38    1.70141E+38    1.70141E+38    

1.70141E+38    1.70141E+38    1.70141E+38    1.70141E+38    1.70141E+38    1.70141E+38    1.70141E+38    1.70141E+38    1.70141E+38    1.70141E+38    1.70141E+38    1.70141E+38    1.70141E+38    1.70141E+38    1.70141E+38    1.70141E+38    1.70141E+38    1.70141E+38    1.70141E+38    1.70141E+38    1.70141E+38    1.70141E+38    1.70141E+38    

1.70141E+38    1.70141E+38    1.70141E+38    1.70141E+38    1.70141E+38    1.70141E+38    1.70141E+38    1.70141E+38    1.70141E+38    1.70141E+38    1.70141E+38    1.70141E+38    1.70141E+38    1.70141E+38    1.70141E+38    1.70141E+38    1.70141E+38    1.70141E+38    1.70141E+38    1.70141E+38    1.70141E+38    1.70141E+38    1.70141E+38    

1.70141E+38    1.70141E+38    1.70141E+38    1.70141E+38    1.70141E+38    1.70141E+38    1.70141E+38    1.70141E+38    1.70141E+38    1.70141E+38    1.70141E+38    1.70141E+38    1.70141E+38    1.70141E+38    1.70141E+38    1.70141E+38    1.70141E+38    1.70141E+38    1.70141E+38    1.70141E+38    1.70141E+38    1.70141E+38    1.70141E+38    

1.70141E+38    1.70141E+38    1.70141E+38    1.70141E+38    1.70141E+38    1.70141E+38    1.70141E+38    1.70141E+38    1.70141E+38    1.70141E+38    1.70141E+38    1.70141E+38    1.70141E+38    1.70141E+38    1.70141E+38    1.70141E+38    1.70141E+38    1.70141E+38    1.70141E+38    1.70141E+38    1.70141E+38    1.70141E+38    1.70141E+38    

1.70141E+38    1.70141E+38    1.70141E+38    1.70141E+38    1.70141E+38    1.70141E+38    1.70141E+38    1.70141E+38    1.70141E+38    1.70141E+38    1.70141E+38    1.70141E+38    1.70141E+38    1.70141E+38    1.70141E+38    1.70141E+38    1.70141E+38    1.70141E+38    1.70141E+38    1.70141E+38    1.70141E+38    1.70141E+38    1.70141E+38    

1.70141E+38    1.70141E+38    1.70141E+38    1.70141E+38    1.70141E+38    1.70141E+38    1.70141E+38    1.70141E+38    1.70141E+38    1.70141E+38    1.70141E+38    1.70141E+38    1.70141E+38    1.70141E+38    1.70141E+38    1.70141E+38    1.70141E+38    1.70141E+38    1.70141E+38    1.70141E+38    1.70141E+38    1.70141E+38    1.70141E+38    

1.70141E+38    1.70141E+38    1.70141E+38    1.70141E+38    1.70141E+38    1.70141E+38    1.70141E+38    1.70141E+38    1.70141E+38    1.70141E+38    1.70141E+38    1.70141E+38    1.70141E+38    1.70141E+38    1.70141E+38    1.70141E+38    1.70141E+38    1.70141E+38    1.70141E+38    1.70141E+38    1.70141E+38    1.70141E+38    1.70141E+38    

1.70141E+38    1.70141E+38    1.70141E+38    1.70141E+38    1.70141E+38    1.70141E+38    1.70141E+38    1.70141E+38    1.70141E+38    1.70141E+38    1.70141E+38    1.70141E+38    1.70141E+38    1.70141E+38    1.70141E+38    1.70141E+38    1.70141E+38    1.70141E+38    1.70141E+38    1.70141E+38    1.70141E+38    1.70141E+38    1.70141E+38    

