py_wake/examples/data/ParqueFicticio/Ridge area   Sector 10   Height 200m   Flow inclination.grd
DSAA
23  33
 262878   265078
 6504214   6507414
-9.457444   11.32097
1.70141E+38    1.70141E+38    1.70141E+38    1.70141E+38    1.70141E+38    1.70141E+38    1.70141E+38    1.70141E+38    1.70141E+38    1.70141E+38    1.70141E+38    1.70141E+38    1.70141E+38    1.70141E+38    1.70141E+38    1.70141E+38    1.70141E+38    1.70141E+38    1.70141E+38    1.70141E+38    1.70141E+38    1.70141E+38    1.70141E+38    

1.70141E+38    1.70141E+38    1.70141E+38    1.70141E+38    1.70141E+38    1.70141E+38    1.70141E+38    1.70141E+38    1.70141E+38    1.70141E+38    1.70141E+38    1.70141E+38    1.70141E+38    1.70141E+38    1.70141E+38    1.70141E+38    1.70141E+38    1.70141E+38    1.70141E+38    1.70141E+38    1.70141E+38    1.70141E+38    1.70141E+38    

1.70141E+38    1.70141E+38    1.70141E+38    1.70141E+38    1.70141E+38    1.70141E+38    1.70141E+38    1.70141E+38    1.70141E+38    1.70141E+38    1.70141E+38    1.70141E+38    1.70141E+38    1.70141E+38    1.70141E+38    1.70141E+38    1.70141E+38    1.70141E+38    1.70141E+38    1.70141E+38    1.70141E+38    1.70141E+38    1.70141E+38    

1.70141E+38    1.70141E+38    1.70141E+38    1.70141E+38    1.70141E+38    1.70141E+38    1.70141E+38    1.70141E+38    1.70141E+38    1.70141E+38    1.70141E+38    1.70141E+38    1.70141E+38    1.70141E+38    1.70141E+38    1.70141E+38    1.70141E+38    1.70141E+38    1.70141E+38    1.70141E+38    1.70141E+38    1.70141E+38    1.70141E+38    

1.70141E+38    1.70141E+38    1.70141E+38    1.70141E+38    1.70141E+38    1.70141E+38    1.70141E+38    1.70141E+38    1.70141E+38    1.70141E+38    1.70141E+38    1.70141E+38    1.70141E+38    1.70141E+38    1.70141E+38    1.70141E+38    1.70141E+38    1.70141E+38    1.70141E+38    1.70141E+38    1.70141E+38    1.70141E+38    1.70141E+38    

6.841395       7.588354       8.322447       8.909241       9.235885       9.273999       9.14407        8.650163       7.807508       6.378365       4.513548       2.573609       .7552705       -.9991921      -2.570555      -3.75622       -4.768853      -5.459035      -6.00618       -5.103264      1.70141E+38    1.70141E+38    1.70141E+38    

7.173825       7.978838       8.740093       9.410192       9.889516       10.10724       9.959901       9.326886       8.251478       6.737459       4.775987       2.762573       .9529335       -.7013146      -2.058333      -3.239103      -4.446569      -4.784209      -5.174574      -4.469324      1.70141E+38    1.70141E+38    1.70141E+38    

7.486663       8.301399       8.921627       9.552318       10.22093       10.73063       10.87734       10.3832        9.193005       7.457911       5.28543        3.227281       1.523462       .290274        -.567476       -1.838519      -3.102454      -5.01583       -4.873027      -4.344391      1.70141E+38    1.70141E+38    1.70141E+38    

7.648593       8.602102       9.251314       9.804747       10.41106       10.91621       11.14396       10.79654       9.819011       8.120232       5.758954       3.583877       1.981816       1.100114       .6834529       -.3516125      -2.792984      -4.066096      -3.647421      -3.815664      1.70141E+38    1.70141E+38    1.70141E+38    

7.534417       8.675919       9.539856       10.15484       10.70382       11.05674       11.04075       10.37179       9.327144       7.819123       5.725184       3.516414       1.764188       .6747328       .1144121       -.4900376      -2.082991      -3.270344      -3.336861      -3.807002      1.70141E+38    1.70141E+38    1.70141E+38    

7.084538       8.281548       9.460986       10.18735       10.67498       10.96898       10.85281       10.01002       8.765954       7.290584       5.383675       3.211914       1.233184       -.2598538      -1.262612      -2.053679      -2.572812      -2.685712      -2.968681      -3.688715      1.70141E+38    1.70141E+38    1.70141E+38    

6.568061       7.311637       8.784231       9.827674       10.36817       10.63657       10.69945       10.07556       8.894287       7.365903       5.419656       3.17281        .9726704       -.9348487      -2.336545      -3.007098      -2.734977      -2.612313      -3.066341      -3.900636      1.70141E+38    1.70141E+38    1.70141E+38    

6.482061       6.404296       7.516701       8.980904       9.974564       10.5894        10.97585       10.75317       9.716793       8.115587       5.934619       3.486982       1.161592       -.9460146      -2.421039      -2.825914      -2.444213      -2.534421      -3.165473      -4.136421      1.70141E+38    1.70141E+38    1.70141E+38    

6.813644       6.367133       6.754116       7.957515       9.231891       10.36935       11.05896       11.29771       10.68766       9.154621       6.678666       3.96192        1.567369       -.5140423      -1.849235      -2.267774      -2.26143       -2.547482      -3.209686      -4.163749      1.70141E+38    1.70141E+38    1.70141E+38    

7.244733       6.679142       6.820988       7.721575       8.876187       10.18114       10.93732       11.04999       10.48286       9.245484       6.980185       4.277699       1.941916       -.04343416     -1.331926      -1.923503      -2.260299      -2.664692      -3.318244      -4.137839      1.70141E+38    1.70141E+38    1.70141E+38    

7.617108       6.959713       6.976937       7.643797       8.599752       9.723785       10.37967       10.33835       9.64674        8.464181       6.631979       4.377842       2.19829        .3036154       -1.066144      -1.862967      -2.407483      -2.885849      -3.492113      -4.189834      1.70141E+38    1.70141E+38    1.70141E+38    

7.851637       7.184316       7.114011       7.637312       8.361245       9.054083       9.479537       9.520617       9.029387       8.083817       6.563588       4.545898       2.479259       .6628111       -.7486666      -1.674389      -2.332842      -2.936566      -3.5798        -4.25947       1.70141E+38    1.70141E+38    1.70141E+38    

8.083487       7.394955       7.286134       7.8065         8.424004       8.876069       9.118183       9.136618       8.849456       8.260074       7.026893       4.968141       2.826576       1.034485       -.2747562      -1.03305       -1.378687      -1.927512      -3.507805      -4.930525      1.70141E+38    1.70141E+38    1.70141E+38    

8.220537       7.660621       7.588451       8.152937       8.760905       9.068686       9.224143       9.361915       9.356223       9.09084        7.820275       5.29155        2.98706        1.243664       .06333526      -.4886014      -.6684631      -1.510713      -1.845408      1.8728         1.70141E+38    1.70141E+38    1.70141E+38    

8.45873        8.123621       8.152999       8.545446       8.99174        9.227502       9.483371       9.867753       10.07685       9.360076       7.5105         4.847886       2.669892       1.053041       .07705496      -.3105696      -.4930215      -1.445305      1.666192       2.335874       1.70141E+38    1.70141E+38    1.70141E+38    

8.887091       8.708285       8.577003       8.579111       8.793468       9.116612       9.452743       9.771162       9.676362       8.30478        6.047259       3.76751        1.8113         .2235528       -.5340578      -.6786475      -.8659983      -1.356911      4.233248       4.70238        1.70141E+38    1.70141E+38    1.70141E+38    

8.828815       8.564755       8.457028       8.492266       8.758742       9.112275       9.427359       9.20663        8.340407       6.615439       4.523634       2.532705       .7271498       -.8681869      -1.874917      -2.133741      -1.891763      -.7620497      1.701761       11.32097       1.70141E+38    1.70141E+38    1.70141E+38    

8.597813       8.470458       8.541691       8.833852       9.29157        9.699112       9.678862       8.534848       6.776875       4.947875       3.061576       1.240957       -.3497278      -1.713222      -2.858222      -3.727189      -4.916126      6.47877        -6.095925      -3.713907      1.70141E+38    1.70141E+38    1.70141E+38    

8.578032       8.709341       9.029957       9.50902        9.906404       9.892719       8.991893       7.285605       5.372595       3.488887       1.587309       -.1803863      -1.434239      -2.40932       -3.298857      -4.052085      -5.152781      -6.959181      -8.591469      -9.457444      1.70141E+38    1.70141E+38    1.70141E+38    

8.857607       9.264687       9.694881       9.860123       9.629645       8.834404       7.400788       5.739445       3.970286       2.141405       .2732419       -1.42648       -2.344172      -2.962626      -3.513793      -3.873363      -4.583192      -5.84763       -7.341486      -8.581557      1.70141E+38    1.70141E+38    1.70141E+38    

1.70141E+38    1.70141E+38    1.70141E+38    1.70141E+38    1.70141E+38    1.70141E+38    1.70141E+38    1.70141E+38    1.70141E+38    1.70141E+38    1.70141E+38    1.70141E+38    1.70141E+38    1.70141E+38    1.70141E+38    1.70141E+38    1.70141E+38    1.70141E+38    1.70141E+38    1.70141E+38    1.70141E+38    1.70141E+38    1.70141E+38    

1.70141E+38    1.70141E+38    1.70141E+38    1.70141E+38    1.70141E+38    1.70141E+38    1.70141E+38    1.70141E+38    1.70141E+38    1.70141E+38    1.70141E+38    1.70141E+38    1.70141E+38    1.70141E+38    1.70141E+38    1.70141E+38    1.70141E+38    1.70141E+38    1.70141E+38    1.70141E+38    1.70141E+38    1.70141E+38    1.70141E+38    

1.70141E+38    1.70141E+38    1.70141E+38    1.70141E+38    1.70141E+38    1.70141E+38    1.70141E+38    1.70141E+38    1.70141E+38    1.70141E+38    1.70141E+38    1.70141E+38    1.70141E+38    1.70141E+38    1.70141E+38    1.70141E+38    1.70141E+38    1.70141E+38    1.70141E+38    1.70141E+38    1.70141E+38    1.70141E+38    1.70141E+38    

1.70141E+38    1.70141E+38    1.70141E+38    1.70141E+38    1.70141E+38    1.70141E+38    1.70141E+38    1.70141E+38    1.70141E+38    1.70141E+38    1.70141E+38    1.70141E+38    1.70141E+38    1.70141E+38    1.70141E+38    1.70141E+38    1.70141E+38    1.70141E+38    1.70141E+38    1.70141E+38    1.70141E+38    1.70141E+38    1.70141E+38    

1.70141E+38    1.70141E+38    1.70141E+38    1.70141E+38    1.70141E+38    1.70141E+38    1.70141E+38    1.70141E+38    1.70141E+38    1.70141E+38    1.70141E+38    1.70141E+38    1.70141E+38    1.70141E+38    1.70141E+38    1.70141E+38    1.70141E+38    1.70141E+38    1.70141E+38    1.70141E+38    1.70141E+38    1.70141E+38    1.70141E+38    

1.70141E+38    1.70141E+38    1.70141E+38    1.70141E+38    1.70141E+38    1.70141E+38    1.70141E+38    1.70141E+38    1.70141E+38    1.70141E+38    1.70141E+38    1.70141E+38    1.70141E+38    1.70141E+38    1.70141E+38    1.70141E+38    1.70141E+38    1.70141E+38    1.70141E+38    1.70141E+38    1.70141E+38    1.70141E+38    1.70141E+38    

1.70141E+38    1.70141E+38    1.70141E+38    1.70141E+38    1.70141E+38    1.70141E+38    1.70141E+38    1.70141E+38    1.70141E+38    1.70141E+38    1.70141E+38    1.70141E+38    1.70141E+38    1.70141E+38    1.70141E+38    1.70141E+38    1.70141E+38    1.70141E+38    1.70141E+38    1.70141E+38    1.70141E+38    1.70141E+38    1.70141E+38    

1.70141E+38    1.70141E+38    1.70141E+38    1.70141E+38    1.70141E+38    1.70141E+38    1.70141E+38    1.70141E+38    1.70141E+38    1.70141E+38    1.70141E+38    1.70141E+38    1.70141E+38    1.70141E+38    1.70141E+38    1.70141E+38    1.70141E+38    1.70141E+38    1.70141E+38    1.70141E+38    1.70141E+38    1.70141E+38    1.70141E+38    

