py_wake/examples/data/ParqueFicticio/Ridge area   Sector 2   Height 30m   Mean speed.grd
DSAA
23  33
 262878   265078
 6504214   6507414
 .3124895   4.845448
1.70141E+38    1.70141E+38    1.70141E+38    1.70141E+38    1.70141E+38    1.70141E+38    1.70141E+38    1.70141E+38    1.70141E+38    1.70141E+38    1.70141E+38    1.70141E+38    1.70141E+38    1.70141E+38    1.70141E+38    1.70141E+38    1.70141E+38    1.70141E+38    1.70141E+38    1.70141E+38    1.70141E+38    1.70141E+38    1.70141E+38    

1.70141E+38    1.70141E+38    1.70141E+38    1.70141E+38    1.70141E+38    1.70141E+38    1.70141E+38    1.70141E+38    1.70141E+38    1.70141E+38    1.70141E+38    1.70141E+38    1.70141E+38    1.70141E+38    1.70141E+38    1.70141E+38    1.70141E+38    1.70141E+38    1.70141E+38    1.70141E+38    1.70141E+38    1.70141E+38    1.70141E+38    

1.70141E+38    1.70141E+38    1.70141E+38    1.70141E+38    1.70141E+38    1.70141E+38    1.70141E+38    1.70141E+38    1.70141E+38    1.70141E+38    1.70141E+38    1.70141E+38    1.70141E+38    1.70141E+38    1.70141E+38    1.70141E+38    1.70141E+38    1.70141E+38    1.70141E+38    1.70141E+38    1.70141E+38    1.70141E+38    1.70141E+38    

1.70141E+38    1.70141E+38    1.70141E+38    1.70141E+38    1.70141E+38    1.70141E+38    1.70141E+38    1.70141E+38    1.70141E+38    1.70141E+38    1.70141E+38    1.70141E+38    1.70141E+38    1.70141E+38    1.70141E+38    1.70141E+38    1.70141E+38    1.70141E+38    1.70141E+38    1.70141E+38    1.70141E+38    1.70141E+38    1.70141E+38    

1.70141E+38    1.70141E+38    1.70141E+38    1.70141E+38    1.70141E+38    1.70141E+38    1.70141E+38    1.70141E+38    1.70141E+38    1.70141E+38    1.70141E+38    1.70141E+38    1.70141E+38    1.70141E+38    1.70141E+38    1.70141E+38    1.70141E+38    1.70141E+38    1.70141E+38    1.70141E+38    1.70141E+38    1.70141E+38    1.70141E+38    

1.448215       1.449195       1.467081       1.513662       1.596929       1.757724       1.870595       2.095897       2.20893        2.47366        2.891676       3.103328       3.147832       2.6766         1.170345       1.243263       1.109088       1.205529       1.156387       .9953407       1.70141E+38    1.70141E+38    1.70141E+38    

1.468105       1.473854       1.483389       1.488416       1.530504       1.656154       1.904497       2.261908       2.568518       2.786681       3.072626       3.228071       3.039134       2.296651       1.244529       .9584646       .9804344       .5377173       .7390513       2.0656         1.70141E+38    1.70141E+38    1.70141E+38    

1.416438       1.529913       1.651227       1.592213       1.388714       1.298024       1.356377       1.671971       2.19019        2.663285       3.011782       3.118885       2.724705       1.966257       1.395563       .7943631       .5353873       .5189126       1.419951       2.543012       1.70141E+38    1.70141E+38    1.70141E+38    

1.28212        1.441831       1.586118       1.604213       1.441744       1.272546       1.170457       1.273645       1.637199       2.130247       2.781873       3.121966       2.546154       1.822894       1.472026       1.024519       .479059        .6770461       1.963676       2.88182        1.70141E+38    1.70141E+38    1.70141E+38    

1.078902       1.322272       1.498424       1.579326       1.547948       1.570381       1.661123       1.847092       2.033361       2.294383       2.748885       3.131435       2.803012       2.192016       1.680722       1.431866       1.164153       .7686614       2.03053        3.062939       1.70141E+38    1.70141E+38    1.70141E+38    

.9900429       1.228081       1.528237       1.799944       1.94872        2.085863       2.362115       2.76158        3.033143       3.114331       3.287985       3.536469       3.328636       2.668807       1.340136       1.637299       .7031818       .954584        2.324338       3.394057       1.70141E+38    1.70141E+38    1.70141E+38    

1.138626       .9924801       1.47858        1.943445       2.299997       2.57767        2.802142       3.141115       3.376659       3.490853       3.624598       3.817119       3.659781       2.92829        1.054508       1.821529       1.045521       1.933549       3.295307       3.961634       1.70141E+38    1.70141E+38    1.70141E+38    

1.746735       .9378134       .9784701       1.451856       1.918108       2.177738       2.198111       2.467667       2.829431       3.140113       3.478914       3.799567       3.782234       3.23622        1.65009        2.369986       2.380594       3.901589       4.312362       4.394358       1.70141E+38    1.70141E+38    1.70141E+38    

2.348781       1.803712       1.029582       .8895431       .923465        .9460831       1.46116        1.435124       1.76972        2.367953       3.167069       3.778983       3.848235       3.444172       2.994598       3.351387       4.360709       4.793156       4.84151        4.603666       1.70141E+38    1.70141E+38    1.70141E+38    

2.7845         2.459695       1.871832       1.732375       1.149291       1.294863       1.633062       1.755553       2.098099       2.535148       3.276468       3.964415       4.047128       3.84315        3.944229       4.464746       4.845448       4.841324       4.642079       4.42069        1.70141E+38    1.70141E+38    1.70141E+38    

3.128778       3.090158       2.768661       2.719589       2.468948       2.196714       2.437109       2.779287       3.230886       3.629522       4.016196       4.269139       4.324347       4.279652       4.445703       4.606547       4.411107       4.149659       3.917143       3.713667       1.70141E+38    1.70141E+38    1.70141E+38    

3.565967       3.603214       3.404784       3.228832       3.220805       3.297738       3.456673       3.590961       3.877336       4.086929       4.220644       4.323118       4.306997       4.451744       4.411281       4.016143       3.353859       3.119766       3.134522       3.154314       1.70141E+38    1.70141E+38    1.70141E+38    

3.431357       3.393738       3.03928        2.645706       2.870728       3.010034       3.238228       3.45501        3.629124       3.614662       3.694381       4.044581       4.318429       4.471372       4.323872       3.856773       2.75954        1.989933       2.695327       2.379885       1.70141E+38    1.70141E+38    1.70141E+38    

2.951751       2.425689       1.775666       1.601898       1.753038       1.856298       1.896029       1.852402       1.93562        1.892357       2.680258       3.861733       4.405041       4.396774       4.010818       3.553967       2.089484       2.164885       2.270955       2.367498       1.70141E+38    1.70141E+38    1.70141E+38    

1.922563       1.289492       1.002766       .9737344       1.087429       1.178483       .8335811       .3722143       .3124895       1.095364       2.902557       4.11542        4.388114       4.195267       3.698165       3.308539       3.027606       1.581081       2.41081        2.213528       1.70141E+38    1.70141E+38    1.70141E+38    

1.502424       1.388826       1.845382       2.118464       2.106085       1.841063       1.540799       1.065003       .7035652       2.526729       4.021312       4.492533       4.379667       3.615557       3.155276       3.02286        3.006405       2.966274       2.948927       2.826987       1.70141E+38    1.70141E+38    1.70141E+38    

2.788104       3.065272       3.153368       3.244226       2.919516       2.694626       2.481928       2.742087       3.213847       4.073499       4.641819       4.681884       4.268283       3.525026       2.809315       2.531789       2.657583       2.868096       3.014093       3.008348       1.70141E+38    1.70141E+38    1.70141E+38    

3.414467       3.458295       3.023667       2.371228       1.8826         1.595982       1.908024       3.579937       4.317693       4.673286       4.761636       4.423011       4.015803       3.525573       3.086705       2.691593       2.179107       2.173428       2.528603       2.716876       1.70141E+38    1.70141E+38    1.70141E+38    

3.104481       2.698833       2.026131       1.425638       .9400426       1.158559       2.955608       4.161138       4.65976        4.690374       4.247222       3.732054       3.525196       3.330187       3.152269       3.012678       2.734938       2.096401       1.767651       1.98792        1.70141E+38    1.70141E+38    1.70141E+38    

2.238151       2.076051       2.062294       2.47832        3.014862       3.594285       4.197244       4.544499       4.518412       4.167589       3.680281       3.178171       3.060936       2.965455       2.806259       2.970801       2.981236       2.703208       2.301267       1.918292       1.70141E+38    1.70141E+38    1.70141E+38    

1.70141E+38    1.70141E+38    1.70141E+38    1.70141E+38    1.70141E+38    1.70141E+38    1.70141E+38    1.70141E+38    1.70141E+38    1.70141E+38    1.70141E+38    1.70141E+38    1.70141E+38    1.70141E+38    1.70141E+38    1.70141E+38    1.70141E+38    1.70141E+38    1.70141E+38    1.70141E+38    1.70141E+38    1.70141E+38    1.70141E+38    

1.70141E+38    1.70141E+38    1.70141E+38    1.70141E+38    1.70141E+38    1.70141E+38    1.70141E+38    1.70141E+38    1.70141E+38    1.70141E+38    1.70141E+38    1.70141E+38    1.70141E+38    1.70141E+38    1.70141E+38    1.70141E+38    1.70141E+38    1.70141E+38    1.70141E+38    1.70141E+38    1.70141E+38    1.70141E+38    1.70141E+38    

1.70141E+38    1.70141E+38    1.70141E+38    1.70141E+38    1.70141E+38    1.70141E+38    1.70141E+38    1.70141E+38    1.70141E+38    1.70141E+38    1.70141E+38    1.70141E+38    1.70141E+38    1.70141E+38    1.70141E+38    1.70141E+38    1.70141E+38    1.70141E+38    1.70141E+38    1.70141E+38    1.70141E+38    1.70141E+38    1.70141E+38    

1.70141E+38    1.70141E+38    1.70141E+38    1.70141E+38    1.70141E+38    1.70141E+38    1.70141E+38    1.70141E+38    1.70141E+38    1.70141E+38    1.70141E+38    1.70141E+38    1.70141E+38    1.70141E+38    1.70141E+38    1.70141E+38    1.70141E+38    1.70141E+38    1.70141E+38    1.70141E+38    1.70141E+38    1.70141E+38    1.70141E+38    

1.70141E+38    1.70141E+38    1.70141E+38    1.70141E+38    1.70141E+38    1.70141E+38    1.70141E+38    1.70141E+38    1.70141E+38    1.70141E+38    1.70141E+38    1.70141E+38    1.70141E+38    1.70141E+38    1.70141E+38    1.70141E+38    1.70141E+38    1.70141E+38    1.70141E+38    1.70141E+38    1.70141E+38    1.70141E+38    1.70141E+38    

1.70141E+38    1.70141E+38    1.70141E+38    1.70141E+38    1.70141E+38    1.70141E+38    1.70141E+38    1.70141E+38    1.70141E+38    1.70141E+38    1.70141E+38    1.70141E+38    1.70141E+38    1.70141E+38    1.70141E+38    1.70141E+38    1.70141E+38    1.70141E+38    1.70141E+38    1.70141E+38    1.70141E+38    1.70141E+38    1.70141E+38    

1.70141E+38    1.70141E+38    1.70141E+38    1.70141E+38    1.70141E+38    1.70141E+38    1.70141E+38    1.70141E+38    1.70141E+38    1.70141E+38    1.70141E+38    1.70141E+38    1.70141E+38    1.70141E+38    1.70141E+38    1.70141E+38    1.70141E+38    1.70141E+38    1.70141E+38    1.70141E+38    1.70141E+38    1.70141E+38    1.70141E+38    

1.70141E+38    1.70141E+38    1.70141E+38    1.70141E+38    1.70141E+38    1.70141E+38    1.70141E+38    1.70141E+38    1.70141E+38    1.70141E+38    1.70141E+38    1.70141E+38    1.70141E+38    1.70141E+38    1.70141E+38    1.70141E+38    1.70141E+38    1.70141E+38    1.70141E+38    1.70141E+38    1.70141E+38    1.70141E+38    1.70141E+38    

