py_wake/examples/data/ParqueFicticio/Ridge area   Sector 4   Height 30m   Weibull-k.grd
DSAA
23  33
 262878   265078
 6504214   6507414
 .7753906   2.744141
1.70141E+38    1.70141E+38    1.70141E+38    1.70141E+38    1.70141E+38    1.70141E+38    1.70141E+38    1.70141E+38    1.70141E+38    1.70141E+38    1.70141E+38    1.70141E+38    1.70141E+38    1.70141E+38    1.70141E+38    1.70141E+38    1.70141E+38    1.70141E+38    1.70141E+38    1.70141E+38    1.70141E+38    1.70141E+38    1.70141E+38    

1.70141E+38    1.70141E+38    1.70141E+38    1.70141E+38    1.70141E+38    1.70141E+38    1.70141E+38    1.70141E+38    1.70141E+38    1.70141E+38    1.70141E+38    1.70141E+38    1.70141E+38    1.70141E+38    1.70141E+38    1.70141E+38    1.70141E+38    1.70141E+38    1.70141E+38    1.70141E+38    1.70141E+38    1.70141E+38    1.70141E+38    

1.70141E+38    1.70141E+38    1.70141E+38    1.70141E+38    1.70141E+38    1.70141E+38    1.70141E+38    1.70141E+38    1.70141E+38    1.70141E+38    1.70141E+38    1.70141E+38    1.70141E+38    1.70141E+38    1.70141E+38    1.70141E+38    1.70141E+38    1.70141E+38    1.70141E+38    1.70141E+38    1.70141E+38    1.70141E+38    1.70141E+38    

1.70141E+38    1.70141E+38    1.70141E+38    1.70141E+38    1.70141E+38    1.70141E+38    1.70141E+38    1.70141E+38    1.70141E+38    1.70141E+38    1.70141E+38    1.70141E+38    1.70141E+38    1.70141E+38    1.70141E+38    1.70141E+38    1.70141E+38    1.70141E+38    1.70141E+38    1.70141E+38    1.70141E+38    1.70141E+38    1.70141E+38    

1.70141E+38    1.70141E+38    1.70141E+38    1.70141E+38    1.70141E+38    1.70141E+38    1.70141E+38    1.70141E+38    1.70141E+38    1.70141E+38    1.70141E+38    1.70141E+38    1.70141E+38    1.70141E+38    1.70141E+38    1.70141E+38    1.70141E+38    1.70141E+38    1.70141E+38    1.70141E+38    1.70141E+38    1.70141E+38    1.70141E+38    

2.380859       2.283203       2.162109       2.146484       2.224609       2.271484       2.294922       2.353516       2.423828       2.486328       2.552734       2.666016       2.712891       2.712891       2.556641       2.205078       2.638672       2.638672       2.638672       2.025391       1.70141E+38    1.70141E+38    1.70141E+38    

2.416016       2.396484       2.404297       2.423828       2.408203       2.427734       2.451172       2.455078       2.462891       2.494141       2.513672       2.611328       2.677734       2.650391       2.458984       1.755859       2.470703       2.193359       2.341797       2.623047       1.70141E+38    1.70141E+38    1.70141E+38    

2.470703       2.458984       2.466797       2.509766       2.494141       2.494141       2.560547       2.560547       2.490234       2.455078       2.427734       2.517578       2.560547       2.462891       2.216797       1.701172       2.107422       2.107422       1.912109       2.716797       1.70141E+38    1.70141E+38    1.70141E+38    

2.544922       2.560547       2.552734       2.541016       2.564453       2.576172       2.615234       2.666016       2.337891       2.447266       2.427734       2.447266       2.447266       2.404297       2.130859       1.736328       2.373047       2.123047       2.455078       2.708984       1.70141E+38    1.70141E+38    1.70141E+38    

2.623047       2.673828       2.685547       2.673828       2.662109       2.619141       2.517578       2.486328       2.458984       2.462891       2.458984       2.455078       2.474609       2.599609       2.521484       1.712891       2.232422       2.638672       2.501953       2.693359       1.70141E+38    1.70141E+38    1.70141E+38    

2.724609       2.724609       2.740234       2.736328       2.728516       2.712891       2.658203       2.572266       2.560547       2.544922       2.501953       2.509766       2.537109       2.650391       2.576172       2.107422       2.107422       2.708984       2.666016       2.712891       1.70141E+38    1.70141E+38    1.70141E+38    

2.560547       2.673828       2.744141       2.744141       2.744141       2.744141       2.744141       2.716797       2.630859       2.568359       2.544922       2.525391       2.556641       2.615234       2.369141       .7753906       2.162109       2.673828       2.728516       2.720703       1.70141E+38    1.70141E+38    1.70141E+38    

2.708984       2.744141       2.744141       1.505859       2.744141       2.744141       2.169922       2.298828       2.697266       2.583984       2.533203       2.521484       2.568359       2.630859       2.146484       1.583984       2.732422       2.736328       2.728516       2.728516       1.70141E+38    1.70141E+38    1.70141E+38    

2.720703       2.744141       2.744141       2.744141       2.373047       2.681641       1.509766       1.021484       1.955078       2.705078       2.568359       2.537109       2.611328       2.708984       2.708984       2.744141       2.732422       2.732422       2.728516       2.736328       1.70141E+38    1.70141E+38    1.70141E+38    

2.677734       2.744141       2.744141       2.744141       2.744141       2.744141       2.744141       2.513672       2.716797       2.712891       2.630859       2.615234       2.630859       2.732422       2.724609       2.697266       2.705078       2.724609       2.728516       2.744141       1.70141E+38    1.70141E+38    1.70141E+38    

2.689453       2.744141       2.744141       2.744141       2.744141       2.744141       2.744141       2.744141       2.740234       2.732422       2.701172       2.666016       2.658203       2.728516       2.705078       2.615234       2.490234       2.626953       2.724609       2.740234       1.70141E+38    1.70141E+38    1.70141E+38    

2.744141       2.744141       2.744141       2.744141       2.744141       2.744141       2.744141       2.744141       2.744141       2.740234       2.720703       2.666016       2.662109       2.712891       2.705078       2.580078       2.251953       2.154297       2.443359       2.681641       1.70141E+38    1.70141E+38    1.70141E+38    

2.744141       2.744141       2.744141       2.744141       2.744141       2.744141       2.744141       2.744141       2.740234       2.724609       2.697266       2.662109       2.662109       2.697266       2.724609       2.701172       2.572266       2.369141       2.396484       2.541016       1.70141E+38    1.70141E+38    1.70141E+38    

2.708984       2.521484       2.357422       2.529297       2.708984       2.708984       2.662109       2.603516       2.490234       2.541016       2.701172       2.689453       2.693359       2.689453       2.708984       2.732422       2.716797       2.642578       2.494141       1.966797       1.70141E+38    1.70141E+38    1.70141E+38    

2.431641       2.060547       1.951172       2.126953       2.396484       2.466797       2.255859       1.896484       2.744141       2.064453       2.708984       2.697266       2.693359       2.705078       2.669922       2.658203       2.673828       2.705078       2.623047       2.248047       1.70141E+38    1.70141E+38    1.70141E+38    

2.337891       2.275391       2.396484       2.556641       2.666016       2.666016       2.607422       2.365234       2.318359       2.541016       2.708984       2.693359       2.689453       2.685547       2.662109       2.619141       2.599609       2.623047       2.685547       2.693359       1.70141E+38    1.70141E+38    1.70141E+38    

2.740234       2.744141       2.744141       2.744141       2.712891       2.712891       2.705078       2.701172       2.705078       2.697266       2.689453       2.708984       2.658203       2.630859       2.646484       2.646484       2.634766       2.634766       2.630859       2.669922       1.70141E+38    1.70141E+38    1.70141E+38    

2.744141       2.744141       2.744141       2.720703       2.412109       2.400391       2.744141       2.724609       2.697266       2.669922       2.669922       2.712891       2.626953       2.517578       2.521484       2.583984       2.662109       2.681641       2.658203       2.623047       1.70141E+38    1.70141E+38    1.70141E+38    

2.744141       2.740234       2.689453       2.744141       2.744141       2.744141       2.552734       2.650391       2.638672       2.658203       2.689453       2.712891       2.638672       2.513672       2.427734       2.396484       2.521484       2.642578       2.662109       2.634766       1.70141E+38    1.70141E+38    1.70141E+38    

2.306641       1.837891       1.572266       1.626953       2.591797       2.677734       2.673828       2.607422       2.615234       2.677734       2.681641       2.701172       2.681641       2.560547       2.505859       2.408203       2.341797       2.443359       2.564453       2.623047       1.70141E+38    1.70141E+38    1.70141E+38    

1.70141E+38    1.70141E+38    1.70141E+38    1.70141E+38    1.70141E+38    1.70141E+38    1.70141E+38    1.70141E+38    1.70141E+38    1.70141E+38    1.70141E+38    1.70141E+38    1.70141E+38    1.70141E+38    1.70141E+38    1.70141E+38    1.70141E+38    1.70141E+38    1.70141E+38    1.70141E+38    1.70141E+38    1.70141E+38    1.70141E+38    

1.70141E+38    1.70141E+38    1.70141E+38    1.70141E+38    1.70141E+38    1.70141E+38    1.70141E+38    1.70141E+38    1.70141E+38    1.70141E+38    1.70141E+38    1.70141E+38    1.70141E+38    1.70141E+38    1.70141E+38    1.70141E+38    1.70141E+38    1.70141E+38    1.70141E+38    1.70141E+38    1.70141E+38    1.70141E+38    1.70141E+38    

1.70141E+38    1.70141E+38    1.70141E+38    1.70141E+38    1.70141E+38    1.70141E+38    1.70141E+38    1.70141E+38    1.70141E+38    1.70141E+38    1.70141E+38    1.70141E+38    1.70141E+38    1.70141E+38    1.70141E+38    1.70141E+38    1.70141E+38    1.70141E+38    1.70141E+38    1.70141E+38    1.70141E+38    1.70141E+38    1.70141E+38    

1.70141E+38    1.70141E+38    1.70141E+38    1.70141E+38    1.70141E+38    1.70141E+38    1.70141E+38    1.70141E+38    1.70141E+38    1.70141E+38    1.70141E+38    1.70141E+38    1.70141E+38    1.70141E+38    1.70141E+38    1.70141E+38    1.70141E+38    1.70141E+38    1.70141E+38    1.70141E+38    1.70141E+38    1.70141E+38    1.70141E+38    

1.70141E+38    1.70141E+38    1.70141E+38    1.70141E+38    1.70141E+38    1.70141E+38    1.70141E+38    1.70141E+38    1.70141E+38    1.70141E+38    1.70141E+38    1.70141E+38    1.70141E+38    1.70141E+38    1.70141E+38    1.70141E+38    1.70141E+38    1.70141E+38    1.70141E+38    1.70141E+38    1.70141E+38    1.70141E+38    1.70141E+38    

1.70141E+38    1.70141E+38    1.70141E+38    1.70141E+38    1.70141E+38    1.70141E+38    1.70141E+38    1.70141E+38    1.70141E+38    1.70141E+38    1.70141E+38    1.70141E+38    1.70141E+38    1.70141E+38    1.70141E+38    1.70141E+38    1.70141E+38    1.70141E+38    1.70141E+38    1.70141E+38    1.70141E+38    1.70141E+38    1.70141E+38    

1.70141E+38    1.70141E+38    1.70141E+38    1.70141E+38    1.70141E+38    1.70141E+38    1.70141E+38    1.70141E+38    1.70141E+38    1.70141E+38    1.70141E+38    1.70141E+38    1.70141E+38    1.70141E+38    1.70141E+38    1.70141E+38    1.70141E+38    1.70141E+38    1.70141E+38    1.70141E+38    1.70141E+38    1.70141E+38    1.70141E+38    

1.70141E+38    1.70141E+38    1.70141E+38    1.70141E+38    1.70141E+38    1.70141E+38    1.70141E+38    1.70141E+38    1.70141E+38    1.70141E+38    1.70141E+38    1.70141E+38    1.70141E+38    1.70141E+38    1.70141E+38    1.70141E+38    1.70141E+38    1.70141E+38    1.70141E+38    1.70141E+38    1.70141E+38    1.70141E+38    1.70141E+38    

