py_wake/examples/data/ParqueFicticio/Ridge area   Sector 5   Height 200m   Turbulence intensity.grd
DSAA
23  33
 262878   265078
 6504214   6507414
 11.09509   16.30841
1.70141E+38    1.70141E+38    1.70141E+38    1.70141E+38    1.70141E+38    1.70141E+38    1.70141E+38    1.70141E+38    1.70141E+38    1.70141E+38    1.70141E+38    1.70141E+38    1.70141E+38    1.70141E+38    1.70141E+38    1.70141E+38    1.70141E+38    1.70141E+38    1.70141E+38    1.70141E+38    1.70141E+38    1.70141E+38    1.70141E+38    

1.70141E+38    1.70141E+38    1.70141E+38    1.70141E+38    1.70141E+38    1.70141E+38    1.70141E+38    1.70141E+38    1.70141E+38    1.70141E+38    1.70141E+38    1.70141E+38    1.70141E+38    1.70141E+38    1.70141E+38    1.70141E+38    1.70141E+38    1.70141E+38    1.70141E+38    1.70141E+38    1.70141E+38    1.70141E+38    1.70141E+38    

1.70141E+38    1.70141E+38    1.70141E+38    1.70141E+38    1.70141E+38    1.70141E+38    1.70141E+38    1.70141E+38    1.70141E+38    1.70141E+38    1.70141E+38    1.70141E+38    1.70141E+38    1.70141E+38    1.70141E+38    1.70141E+38    1.70141E+38    1.70141E+38    1.70141E+38    1.70141E+38    1.70141E+38    1.70141E+38    1.70141E+38    

1.70141E+38    1.70141E+38    1.70141E+38    1.70141E+38    1.70141E+38    1.70141E+38    1.70141E+38    1.70141E+38    1.70141E+38    1.70141E+38    1.70141E+38    1.70141E+38    1.70141E+38    1.70141E+38    1.70141E+38    1.70141E+38    1.70141E+38    1.70141E+38    1.70141E+38    1.70141E+38    1.70141E+38    1.70141E+38    1.70141E+38    

1.70141E+38    1.70141E+38    1.70141E+38    1.70141E+38    1.70141E+38    1.70141E+38    1.70141E+38    1.70141E+38    1.70141E+38    1.70141E+38    1.70141E+38    1.70141E+38    1.70141E+38    1.70141E+38    1.70141E+38    1.70141E+38    1.70141E+38    1.70141E+38    1.70141E+38    1.70141E+38    1.70141E+38    1.70141E+38    1.70141E+38    

12.94124       12.87289       12.74735       12.52462       12.2643        12.00368       11.82017       11.6529        11.57904       11.49155       11.48221       11.63645       11.90532       12.48675       13.3203        14.06818       14.63727       14.86051       14.5357        13.88482       1.70141E+38    1.70141E+38    1.70141E+38    

13.23794       13.1808        13.13798       13.01568       12.79122       12.52431       12.21429       11.89834       11.63375       11.45319       11.37649       11.49787       11.89234       12.73259       13.76998       14.55321       15.01532       14.92665       14.20813       13.48364       1.70141E+38    1.70141E+38    1.70141E+38    

13.74745       13.53358       13.35707       13.35083       13.35602       13.23521       13.005         12.63392       12.172         11.75135       11.46817       11.5014        11.96752       12.92745       14.02216       14.82983       15.19263       14.78405       13.82193       13.1705        1.70141E+38    1.70141E+38    1.70141E+38    

14.30802       14.05799       13.77576       13.66386       13.65196       13.58608       13.45463       13.18176       12.76845       12.23852       11.70138       11.51644       11.99761       12.97021       14.00249       14.73297       15.1151        14.5657        13.47929       12.90795       1.70141E+38    1.70141E+38    1.70141E+38    

14.74725       14.57194       14.25103       14.02803       13.89931       13.66787       13.32916       12.88229       12.54104       12.19168       11.75652       11.52742       11.85882       12.62105       13.55464       14.29829       14.64193       14.19909       13.28726       12.75517       1.70141E+38    1.70141E+38    1.70141E+38    

14.94114       15.14091       14.77853       14.32787       13.98974       13.63559       13.13353       12.49485       11.99454       11.71046       11.48307       11.36095       11.62289       12.23365       13.13826       13.8742        13.97605       13.52296       12.97028       12.60267       1.70141E+38    1.70141E+38    1.70141E+38    

14.91969       15.77247       15.56133       14.84584       14.23748       13.68353       13.176         12.52311       11.94128       11.5385        11.28693       11.18747       11.42896       12.06101       12.95004       13.47492       13.17559       12.72616       12.45332       12.36813       1.70141E+38    1.70141E+38    1.70141E+38    

14.40207       15.65538       16.30841       15.72225       14.97946       14.34515       13.80816       13.13371       12.39565       11.79776       11.35182       11.13369       11.30634       11.95323       12.82658       13.10782       12.60192       12.16157       12.0222        12.12307       1.70141E+38    1.70141E+38    1.70141E+38    

13.77434       14.69842       15.82439       15.87857       15.66617       15.04047       14.37493       13.79269       13.05211       12.2624        11.55726       11.16253       11.259         11.8716        12.66601       12.78694       12.34881       11.99778       11.87384       11.99075       1.70141E+38    1.70141E+38    1.70141E+38    

13.37914       13.9125        14.72161       14.86181       15.1002        14.9303        14.26385       13.59133       12.91384       12.27509       11.61672       11.16551       11.18219       11.68107       12.35343       12.60255       12.51591       12.28681       12.14258       12.15303       1.70141E+38    1.70141E+38    1.70141E+38    

13.20217       13.3897        13.855         13.96617       14.07336       14.12346       13.69278       13.09618       12.46064       11.91672       11.43454       11.11734       11.09509       11.44994       12.05416       12.65218       13.0686        13.04159       12.86311       12.78759       1.70141E+38    1.70141E+38    1.70141E+38    

13.19628       13.16677       13.41688       13.53401       13.43609       13.3095        13.07703       12.74765       12.29867       11.85254       11.43621       11.13491       11.11392       11.32102       11.9013        12.80409       13.80259       14.1924        13.9939        13.73782       1.70141E+38    1.70141E+38    1.70141E+38    

13.68334       13.46494       13.64949       13.8339        13.55371       13.33431       13.08918       12.80476       12.45877       12.12189       11.72729       11.32643       11.16852       11.29852       11.79187       12.69217       13.77223       14.66998       14.90655       14.63828       1.70141E+38    1.70141E+38    1.70141E+38    

14.58459       14.38417       14.65657       14.76848       14.30706       13.89447       13.58947       13.36433       13.08682       12.77419       12.22726       11.57801       11.28118       11.35987       11.82946       12.63172       13.53712       14.46904       15.19181       15.26173       1.70141E+38    1.70141E+38    1.70141E+38    

15.78877       15.54967       15.35632       15.1981        14.82282       14.34098       14.16623       14.03315       13.68961       13.04458       12.33239       11.66002       11.42308       11.52775       11.91977       12.53906       13.26882       14.05648       14.71526       15.19461       1.70141E+38    1.70141E+38    1.70141E+38    

15.79718       15.15768       14.58438       14.21504       14.091         14.0262        13.90341       13.76402       13.44325       12.74124       12.01594       11.55719       11.45219       11.78069       12.19893       12.5536        12.92183       13.32246       13.75475       14.24502       1.70141E+38    1.70141E+38    1.70141E+38    

14.73135       14.16342       13.91767       13.75138       13.73499       13.65696       13.54638       13.25426       12.8833        12.31708       11.76903       11.44141       11.38867       11.72186       12.31149       12.73685       12.95418       13.08163       13.19369       13.47079       1.70141E+38    1.70141E+38    1.70141E+38    

14.45369       14.11522       14.08633       14.11907       14.07832       13.91474       13.61896       13.02501       12.4189        11.99325       11.68838       11.48818       11.35789       11.47348       11.86915       12.3854        12.90726       13.23619       13.30491       13.346         1.70141E+38    1.70141E+38    1.70141E+38    

14.88764       14.70945       14.68083       14.54598       14.27587       13.93814       13.41164       12.77182       12.23787       11.88669       11.74842       11.72127       11.55641       11.45957       11.57313       11.77721       12.21992       12.91613       13.44467       13.65404       1.70141E+38    1.70141E+38    1.70141E+38    

15.9066        15.4203        14.94769       14.39524       13.88796       13.37482       12.84896       12.47584       12.19315       11.97118       11.88134       12.0101        11.92746       11.75343       11.73951       11.62913       11.69954       12.12679       12.7943        13.38452       1.70141E+38    1.70141E+38    1.70141E+38    

1.70141E+38    1.70141E+38    1.70141E+38    1.70141E+38    1.70141E+38    1.70141E+38    1.70141E+38    1.70141E+38    1.70141E+38    1.70141E+38    1.70141E+38    1.70141E+38    1.70141E+38    1.70141E+38    1.70141E+38    1.70141E+38    1.70141E+38    1.70141E+38    1.70141E+38    1.70141E+38    1.70141E+38    1.70141E+38    1.70141E+38    

1.70141E+38    1.70141E+38    1.70141E+38    1.70141E+38    1.70141E+38    1.70141E+38    1.70141E+38    1.70141E+38    1.70141E+38    1.70141E+38    1.70141E+38    1.70141E+38    1.70141E+38    1.70141E+38    1.70141E+38    1.70141E+38    1.70141E+38    1.70141E+38    1.70141E+38    1.70141E+38    1.70141E+38    1.70141E+38    1.70141E+38    

1.70141E+38    1.70141E+38    1.70141E+38    1.70141E+38    1.70141E+38    1.70141E+38    1.70141E+38    1.70141E+38    1.70141E+38    1.70141E+38    1.70141E+38    1.70141E+38    1.70141E+38    1.70141E+38    1.70141E+38    1.70141E+38    1.70141E+38    1.70141E+38    1.70141E+38    1.70141E+38    1.70141E+38    1.70141E+38    1.70141E+38    

1.70141E+38    1.70141E+38    1.70141E+38    1.70141E+38    1.70141E+38    1.70141E+38    1.70141E+38    1.70141E+38    1.70141E+38    1.70141E+38    1.70141E+38    1.70141E+38    1.70141E+38    1.70141E+38    1.70141E+38    1.70141E+38    1.70141E+38    1.70141E+38    1.70141E+38    1.70141E+38    1.70141E+38    1.70141E+38    1.70141E+38    

1.70141E+38    1.70141E+38    1.70141E+38    1.70141E+38    1.70141E+38    1.70141E+38    1.70141E+38    1.70141E+38    1.70141E+38    1.70141E+38    1.70141E+38    1.70141E+38    1.70141E+38    1.70141E+38    1.70141E+38    1.70141E+38    1.70141E+38    1.70141E+38    1.70141E+38    1.70141E+38    1.70141E+38    1.70141E+38    1.70141E+38    

1.70141E+38    1.70141E+38    1.70141E+38    1.70141E+38    1.70141E+38    1.70141E+38    1.70141E+38    1.70141E+38    1.70141E+38    1.70141E+38    1.70141E+38    1.70141E+38    1.70141E+38    1.70141E+38    1.70141E+38    1.70141E+38    1.70141E+38    1.70141E+38    1.70141E+38    1.70141E+38    1.70141E+38    1.70141E+38    1.70141E+38    

1.70141E+38    1.70141E+38    1.70141E+38    1.70141E+38    1.70141E+38    1.70141E+38    1.70141E+38    1.70141E+38    1.70141E+38    1.70141E+38    1.70141E+38    1.70141E+38    1.70141E+38    1.70141E+38    1.70141E+38    1.70141E+38    1.70141E+38    1.70141E+38    1.70141E+38    1.70141E+38    1.70141E+38    1.70141E+38    1.70141E+38    

1.70141E+38    1.70141E+38    1.70141E+38    1.70141E+38    1.70141E+38    1.70141E+38    1.70141E+38    1.70141E+38    1.70141E+38    1.70141E+38    1.70141E+38    1.70141E+38    1.70141E+38    1.70141E+38    1.70141E+38    1.70141E+38    1.70141E+38    1.70141E+38    1.70141E+38    1.70141E+38    1.70141E+38    1.70141E+38    1.70141E+38    

