py_wake/examples/data/ParqueFicticio/Ridge area   Sector 4   Height 30m   Flow inclination.grd
DSAA
23  33
 262878   265078
 6504214   6507414
-21.40602   20.11002
1.70141E+38    1.70141E+38    1.70141E+38    1.70141E+38    1.70141E+38    1.70141E+38    1.70141E+38    1.70141E+38    1.70141E+38    1.70141E+38    1.70141E+38    1.70141E+38    1.70141E+38    1.70141E+38    1.70141E+38    1.70141E+38    1.70141E+38    1.70141E+38    1.70141E+38    1.70141E+38    1.70141E+38    1.70141E+38    1.70141E+38    

1.70141E+38    1.70141E+38    1.70141E+38    1.70141E+38    1.70141E+38    1.70141E+38    1.70141E+38    1.70141E+38    1.70141E+38    1.70141E+38    1.70141E+38    1.70141E+38    1.70141E+38    1.70141E+38    1.70141E+38    1.70141E+38    1.70141E+38    1.70141E+38    1.70141E+38    1.70141E+38    1.70141E+38    1.70141E+38    1.70141E+38    

1.70141E+38    1.70141E+38    1.70141E+38    1.70141E+38    1.70141E+38    1.70141E+38    1.70141E+38    1.70141E+38    1.70141E+38    1.70141E+38    1.70141E+38    1.70141E+38    1.70141E+38    1.70141E+38    1.70141E+38    1.70141E+38    1.70141E+38    1.70141E+38    1.70141E+38    1.70141E+38    1.70141E+38    1.70141E+38    1.70141E+38    

1.70141E+38    1.70141E+38    1.70141E+38    1.70141E+38    1.70141E+38    1.70141E+38    1.70141E+38    1.70141E+38    1.70141E+38    1.70141E+38    1.70141E+38    1.70141E+38    1.70141E+38    1.70141E+38    1.70141E+38    1.70141E+38    1.70141E+38    1.70141E+38    1.70141E+38    1.70141E+38    1.70141E+38    1.70141E+38    1.70141E+38    

1.70141E+38    1.70141E+38    1.70141E+38    1.70141E+38    1.70141E+38    1.70141E+38    1.70141E+38    1.70141E+38    1.70141E+38    1.70141E+38    1.70141E+38    1.70141E+38    1.70141E+38    1.70141E+38    1.70141E+38    1.70141E+38    1.70141E+38    1.70141E+38    1.70141E+38    1.70141E+38    1.70141E+38    1.70141E+38    1.70141E+38    

-7.946462      -9.540532      -11.05086      -12.24442      -12.7242       -12.03324      -11.28819      -10.64908      -9.860562      -9.245824      -3.801592      .6443207       8.356191       16.4595        17.62514       11.55206       -2.687899      1.675474       14.95367       -.1069214      1.70141E+38    1.70141E+38    1.70141E+38    

-8.844462      -9.693183      -11.06178      -13.22896      -14.24441      -14.56219      -14.10672      -13.24201      -11.34769      -9.397848      -4.130674      2.638756       12.1403        19.31664       16.84655       15.23839       -5.886972      -.8901166      19.15252       -5.273942      1.70141E+38    1.70141E+38    1.70141E+38    

-10.01452      -11.21161      -10.92897      -11.02359      -13.31543      -14.99323      -15.5952       -15.19907      -13.7365       -11.57867      -6.405482      3.907089       14.4078        18.98557       14.02298       2.050796       -15.25795      -15.62263      2.111563       -3.222744      1.70141E+38    1.70141E+38    1.70141E+38    

-9.998928      -11.75811      -11.95991      -11.21265      -12.09497      -13.44892      -14.19438      -14.60727      -14.35282      -13.13328      -9.755461      2.640219       15.12059       18.39976       14.1087        4.406677       -8.768898      -17.5964       -3.817472      -.8335546      1.70141E+38    1.70141E+38    1.70141E+38    

-9.30934       -12.18186      -12.37417      -12.1604       -12.45215      -13.18788      -13.38861      -12.39034      -11.25704      -10.72221      -9.076957      .5494498       12.0618        16.96602       14.26305       3.411688       -1.381699      5.258018       -2.414757      .2926423       1.70141E+38    1.70141E+38    1.70141E+38    

-5.609134      -11.25131      -13.61584      -13.59203      -13.19508      -13.22712      -13.64941      -12.75186      -9.852597      -7.61007       -6.575869      .3125338       9.943053       15.06695       11.78857       7.310791       12.81094       2.034568       -1.879393      1.678217       1.70141E+38    1.70141E+38    1.70141E+38    

-1.937892      -6.86184       -12.35991      -15.17003      -14.96285      -13.96012      -14.11373      -13.48712      -11.08534      -8.554031      -6.060839      .6182979       9.868181       14.72155       8.960823       16.2304        -1.156275      -.5735056      .1222927       5.257476       1.70141E+38    1.70141E+38    1.70141E+38    

-1.456542      -4.652802      -9.342833      -8.4588        -13.48514      -14.26921      -14.09121      -13.36625      -12.46535      -11.22996      -8.680508      -1.0659        9.314927       14.81833       7.93468        1.492033       -2.248218      -1.434792      2.771395       9.625248       1.70141E+38    1.70141E+38    1.70141E+38    

-2.990105      -.7496592      -8.127107      -10.89189      -7.322221      -11.19857      -5.48018       -5.72225       -9.277464      -13.47651      -11.27777      -4.280876      8.059092       14.54897       7.761701       -1.112741      -2.546978      -.02317966     4.590711       10.3979        1.70141E+38    1.70141E+38    1.70141E+38    

-6.193649      .5859194       -5.244756      -10.29495      -15.6914       -5.332089      -10.84597      -14.76211      -14.01099      -13.52903      -11.66744      -4.963438      5.931163       13.18435       8.381238       3.401244       2.262666       2.964571       5.906219       9.753151       1.70141E+38    1.70141E+38    1.70141E+38    

-9.002076      -2.332958      -4.452986      -8.406758      -9.557734      -12.97789      -13.60335      -13.38648      -12.60741      -11.54576      -9.885017      -5.002182      3.644425       10.09983       11.28362       10.55197       9.187701       7.335611       7.384358       8.69048        1.70141E+38    1.70141E+38    1.70141E+38    

-10.93719      -5.049097      -4.446816      -7.798604      -8.669579      -9.869171      -11.28601      -12.2753       -12.02975      -10.81097      -9.289682      -4.885271      .9560502       8.694964       15.07899       17.4248        15.56041       10.45548       7.644369       6.527775       1.70141E+38    1.70141E+38    1.70141E+38    

-11.62214      -7.545166      -4.682094      -9.739681      -11.30068      -11.32632      -11.27738      -11.29799      -10.57983      -10.41127      -11.16602      -7.9219        -.4691657      8.011654       16.48586       20.11002       18.89507       14.58725       9.604918       5.896183       1.70141E+38    1.70141E+38    1.70141E+38    

-9.998034      -5.896936      -6.917655      -11.64858      -14.06403      -13.92507      -13.03099      -13.19639      -13.6708       -14.81791      -14.70015      -10.58493      -1.967313      8.494219       17.06625       20.08558       19.84383       18.30041       12.7882        10.79171       1.70141E+38    1.70141E+38    1.70141E+38    

-8.675455      -7.85952       -10.22645      -10.25403      -12.5936       -13.59989      -15.71385      -21.40602      -5.760362      -11.1568       -12.7853       -8.638801      1.962859       10.3292        16.13908       18.84741       19.19191       18.92077       15.37995       8.77961        1.70141E+38    1.70141E+38    1.70141E+38    

-10.04854      -10.47271      -10.77409      -9.436317      -9.257083      -10.60473      -12.13054      -12.51823      -6.847402      -12.24746      -9.880535      -2.757999      7.820829       15.72969       15.08191       14.52686       14.29356       14.39243       14.34012       14.43772       1.70141E+38    1.70141E+38    1.70141E+38    

-12.83423      -10.99763      -10.46626      -10.2571       -10.44112      -11.5767       -13.10126      -12.37552      -11.38227      -10.71931      -6.72346       .5960799       10.92878       18.97615       18.11439       14.11211       11.38531       9.509033       10.50344       12.79298       1.70141E+38    1.70141E+38    1.70141E+38    

-12.42376      -10.47005      -10.52384      -12.67837      -15.67134      -15.96743      -16.25726      -14.02853      -10.64406      -7.001635      -.4345504      2.862524       7.902997       14.85463       17.62099       17.52676       14.65065       10.54891       8.371363       9.683984       1.70141E+38    1.70141E+38    1.70141E+38    

-10.9837       -10.87453      -12.55985      -10.77012      -7.38131       -5.633938      -12.05614      -11.29325      -7.529528      -2.088968      5.431269       6.223985       5.446279       9.701703       10.8975        13.02403       17.71601       17.20468       12.36595       9.762944       1.70141E+38    1.70141E+38    1.70141E+38    

-9.629523      -10.04672      -5.820236      -4.711664      -9.298757      -10.26353      -9.391828      -6.289293      -2.136817      1.423128       7.599137       9.107711       5.833452       8.132024       6.118014       4.905836       11.1189        16.3633        16.7573        13.68558       1.70141E+38    1.70141E+38    1.70141E+38    

1.70141E+38    1.70141E+38    1.70141E+38    1.70141E+38    1.70141E+38    1.70141E+38    1.70141E+38    1.70141E+38    1.70141E+38    1.70141E+38    1.70141E+38    1.70141E+38    1.70141E+38    1.70141E+38    1.70141E+38    1.70141E+38    1.70141E+38    1.70141E+38    1.70141E+38    1.70141E+38    1.70141E+38    1.70141E+38    1.70141E+38    

1.70141E+38    1.70141E+38    1.70141E+38    1.70141E+38    1.70141E+38    1.70141E+38    1.70141E+38    1.70141E+38    1.70141E+38    1.70141E+38    1.70141E+38    1.70141E+38    1.70141E+38    1.70141E+38    1.70141E+38    1.70141E+38    1.70141E+38    1.70141E+38    1.70141E+38    1.70141E+38    1.70141E+38    1.70141E+38    1.70141E+38    

1.70141E+38    1.70141E+38    1.70141E+38    1.70141E+38    1.70141E+38    1.70141E+38    1.70141E+38    1.70141E+38    1.70141E+38    1.70141E+38    1.70141E+38    1.70141E+38    1.70141E+38    1.70141E+38    1.70141E+38    1.70141E+38    1.70141E+38    1.70141E+38    1.70141E+38    1.70141E+38    1.70141E+38    1.70141E+38    1.70141E+38    

1.70141E+38    1.70141E+38    1.70141E+38    1.70141E+38    1.70141E+38    1.70141E+38    1.70141E+38    1.70141E+38    1.70141E+38    1.70141E+38    1.70141E+38    1.70141E+38    1.70141E+38    1.70141E+38    1.70141E+38    1.70141E+38    1.70141E+38    1.70141E+38    1.70141E+38    1.70141E+38    1.70141E+38    1.70141E+38    1.70141E+38    

1.70141E+38    1.70141E+38    1.70141E+38    1.70141E+38    1.70141E+38    1.70141E+38    1.70141E+38    1.70141E+38    1.70141E+38    1.70141E+38    1.70141E+38    1.70141E+38    1.70141E+38    1.70141E+38    1.70141E+38    1.70141E+38    1.70141E+38    1.70141E+38    1.70141E+38    1.70141E+38    1.70141E+38    1.70141E+38    1.70141E+38    

1.70141E+38    1.70141E+38    1.70141E+38    1.70141E+38    1.70141E+38    1.70141E+38    1.70141E+38    1.70141E+38    1.70141E+38    1.70141E+38    1.70141E+38    1.70141E+38    1.70141E+38    1.70141E+38    1.70141E+38    1.70141E+38    1.70141E+38    1.70141E+38    1.70141E+38    1.70141E+38    1.70141E+38    1.70141E+38    1.70141E+38    

1.70141E+38    1.70141E+38    1.70141E+38    1.70141E+38    1.70141E+38    1.70141E+38    1.70141E+38    1.70141E+38    1.70141E+38    1.70141E+38    1.70141E+38    1.70141E+38    1.70141E+38    1.70141E+38    1.70141E+38    1.70141E+38    1.70141E+38    1.70141E+38    1.70141E+38    1.70141E+38    1.70141E+38    1.70141E+38    1.70141E+38    

1.70141E+38    1.70141E+38    1.70141E+38    1.70141E+38    1.70141E+38    1.70141E+38    1.70141E+38    1.70141E+38    1.70141E+38    1.70141E+38    1.70141E+38    1.70141E+38    1.70141E+38    1.70141E+38    1.70141E+38    1.70141E+38    1.70141E+38    1.70141E+38    1.70141E+38    1.70141E+38    1.70141E+38    1.70141E+38    1.70141E+38    

