py_wake/examples/data/ParqueFicticio/Ridge area   Sector 9   Height 30m   Flow inclination.grd
DSAA
23  33
 262878   265078
 6504214   6507414
-17.84181   23.17846
1.70141E+38    1.70141E+38    1.70141E+38    1.70141E+38    1.70141E+38    1.70141E+38    1.70141E+38    1.70141E+38    1.70141E+38    1.70141E+38    1.70141E+38    1.70141E+38    1.70141E+38    1.70141E+38    1.70141E+38    1.70141E+38    1.70141E+38    1.70141E+38    1.70141E+38    1.70141E+38    1.70141E+38    1.70141E+38    1.70141E+38    

1.70141E+38    1.70141E+38    1.70141E+38    1.70141E+38    1.70141E+38    1.70141E+38    1.70141E+38    1.70141E+38    1.70141E+38    1.70141E+38    1.70141E+38    1.70141E+38    1.70141E+38    1.70141E+38    1.70141E+38    1.70141E+38    1.70141E+38    1.70141E+38    1.70141E+38    1.70141E+38    1.70141E+38    1.70141E+38    1.70141E+38    

1.70141E+38    1.70141E+38    1.70141E+38    1.70141E+38    1.70141E+38    1.70141E+38    1.70141E+38    1.70141E+38    1.70141E+38    1.70141E+38    1.70141E+38    1.70141E+38    1.70141E+38    1.70141E+38    1.70141E+38    1.70141E+38    1.70141E+38    1.70141E+38    1.70141E+38    1.70141E+38    1.70141E+38    1.70141E+38    1.70141E+38    

1.70141E+38    1.70141E+38    1.70141E+38    1.70141E+38    1.70141E+38    1.70141E+38    1.70141E+38    1.70141E+38    1.70141E+38    1.70141E+38    1.70141E+38    1.70141E+38    1.70141E+38    1.70141E+38    1.70141E+38    1.70141E+38    1.70141E+38    1.70141E+38    1.70141E+38    1.70141E+38    1.70141E+38    1.70141E+38    1.70141E+38    

1.70141E+38    1.70141E+38    1.70141E+38    1.70141E+38    1.70141E+38    1.70141E+38    1.70141E+38    1.70141E+38    1.70141E+38    1.70141E+38    1.70141E+38    1.70141E+38    1.70141E+38    1.70141E+38    1.70141E+38    1.70141E+38    1.70141E+38    1.70141E+38    1.70141E+38    1.70141E+38    1.70141E+38    1.70141E+38    1.70141E+38    

8.981359       10.29493       12.26286       14.6235        16.115         16.10312       16.58074       17.21857       16.79799       16.18929       11.40996       7.64281        .2823142       -3.047851      -6.207221      -10.91846      1.605366       -12.01801      -16.39091      5.904633       1.70141E+38    1.70141E+38    1.70141E+38    

9.681162       11.45838       12.81764       13.64019       13.81753       14.10613       14.44997       14.99526       14.09389       13.24571       9.32618        4.064463       -2.496101      -6.948647      -2.953969      5.099158       5.875717       -15.70016      -2.451141      10.36279       1.70141E+38    1.70141E+38    1.70141E+38    

10.04836       12.36339       13.18298       12.24358       12.70174       13.24908       13.31328       14.34142       13.74362       12.5196        9.114072       1.907078       -3.951897      5.928584       8.920321       13.3654        8.954371       -4.138132      5.007216       10.02943       1.70141E+38    1.70141E+38    1.70141E+38    

9.797624       12.33643       13.042         12.47836       13.68869       15.52948       16.48091       16.58056       15.67692       14.79213       12.64443       3.1661         -2.662018      6.712364       11.32913       22.38443       8.897191       .6607708       9.114548       7.04705        1.70141E+38    1.70141E+38    1.70141E+38    

9.68543        13.12992       14.83499       15.4457        16.687         18.15911       19.84961       20.15033       18.31679       16.83872       14.57918       6.348828       1.371444       -.4051597      10.43893       -7.231885      16.59529       4.735829       6.90208        5.631307       1.70141E+38    1.70141E+38    1.70141E+38    

8.812325       12.39873       15.52813       17.416         18.52404       19.18437       20.83368       20.05208       16.70017       14.34893       13.08459       6.923893       1.305396       4.228072       10.89039       23.17846       16.64628       14.26397       12.05951       5.228153       1.70141E+38    1.70141E+38    1.70141E+38    

8.380964       9.091971       13.51287       16.04473       15.83119       15.22736       15.45362       16.08565       13.14046       11.23254       9.929568       5.109054       -.8640695      -1.99474       -2.735974      -16.4309       -.3880834      14.87746       11.3657        2.780299       1.70141E+38    1.70141E+38    1.70141E+38    

8.525117       6.431132       7.901385       11.93626       11.92059       10.94049       10.41102       11.98695       11.93647       11.11401       9.897252       4.684844       -1.367576      -2.50276       6.122565       -10.18569      4.97527        7.492733       4.09769        -1.855176      1.70141E+38    1.70141E+38    1.70141E+38    

9.239378       6.460474       16.64453       15.18477       9.837625       12.63972       12.75956       13.03054       14.6405        14.55031       13.35315       8.094699       -.5953575      -2.208348      18.01568       -7.284154      2.577317       2.030405       -1.370709      -5.344405      1.70141E+38    1.70141E+38    1.70141E+38    

11.08781       7.120881       10.49097       13.86162       14.35287       17.81942       19.35007       19.2468        18.73017       18.11889       16.69233       9.175135       .9623619       -1.004247      3.066028       -1.663494      -2.986576      -4.722274      -7.235319      -9.724969      1.70141E+38    1.70141E+38    1.70141E+38    

12.93501       8.81879        10.58454       12.91238       13.70101       17.69432       20.13902       19.65391       18.55173       16.46295       14.05921       8.498744       1.529467       -1.308027      -2.237445      -5.042825      -8.98556       -10.00273      -10.94879      -12.4712       1.70141E+38    1.70141E+38    1.70141E+38    

10.43169       6.048967       5.689548       7.961945       10.04465       12.73364       14.24396       14.45169       13.18829       11.0375        9.14046        5.672956       1.150236       -3.050588      -5.999447      -8.190053      -10.58061      -7.512098      -7.891249      -9.169429      1.70141E+38    1.70141E+38    1.70141E+38    

6.388092       2.000156       -.7426171      2.145502       5.589846       6.989075       7.655379       7.683326       7.111256       6.581744       8.27919        6.742222       1.855148       -3.574262      -7.688964      -11.66401      -13.74945      -14.40201      -1.96128       -10.90869      1.70141E+38    1.70141E+38    1.70141E+38    

2.852356       -1.224257      -2.08897       5.543418       8.098564       7.131773       5.804937       5.53268        6.699646       7.618713       11.91979       10.13996       2.952523       -3.642067      -8.49549       -10.05197      -8.104894      -9.473258      -10.114        -13.94123      1.70141E+38    1.70141E+38    1.70141E+38    

2.257301       -.2961662      -1.039668      -3.106496      7.498796       14.21616       12.21154       10.24397       12.82157       11.66332       14.90784       10.45878       .9583171       -2.879803      -12.31156      -4.96539       -5.690846      -3.53539       4.556389       -.7739567      1.70141E+38    1.70141E+38    1.70141E+38    

8.546353       10.07001       12.47077       12.00949       9.761697       9.269845       9.451274       10.81988       15.48172       18.01238       14.34989       5.64744        .6944702       -9.010389      -.6212536      -8.306043      -10.57828      5.548223       4.472676       4.167227       1.70141E+38    1.70141E+38    1.70141E+38    

15.44452       13.32082       11.0953        8.409797       7.431046       8.078838       11.39898       14.58304       17.07428       15.31962       8.408148       1.359912       -.2784573      6.010447       6.549997       -.2154245      -2.678245      -4.114723      -1.767884      -2.882447      1.70141E+38    1.70141E+38    1.70141E+38    

10.04194       6.116695       3.593222       3.519372       5.997018       8.697598       14.00632       17.02082       13.71253       8.280272       -.2075853      -3.747306      -4.340025      -8.886428      -4.031085      -3.480139      -6.427412      -6.121269      -1.274134      .3625214       1.70141E+38    1.70141E+38    1.70141E+38    

4.388456       2.472226       4.084417       6.512116       10.74619       15.54775       18.3971        14.65213       7.194931       .004866421     -6.354521      -6.659026      -10.14813      -8.822555      -8.537416      -11.29406      -15.5793       -17.84181      -16.31965      -10.56803      1.70141E+38    1.70141E+38    1.70141E+38    

5.143131       6.518806       10.67474       14.89159       16.82281       17.56226       13.91941       6.848436       -.2554756      -4.674671      -8.129615      -4.812891      -13.63242      -14.76716      -10.0984       -.5205784      -3.904062      8.631881       -16.1694       -14.21399      1.70141E+38    1.70141E+38    1.70141E+38    

1.70141E+38    1.70141E+38    1.70141E+38    1.70141E+38    1.70141E+38    1.70141E+38    1.70141E+38    1.70141E+38    1.70141E+38    1.70141E+38    1.70141E+38    1.70141E+38    1.70141E+38    1.70141E+38    1.70141E+38    1.70141E+38    1.70141E+38    1.70141E+38    1.70141E+38    1.70141E+38    1.70141E+38    1.70141E+38    1.70141E+38    

1.70141E+38    1.70141E+38    1.70141E+38    1.70141E+38    1.70141E+38    1.70141E+38    1.70141E+38    1.70141E+38    1.70141E+38    1.70141E+38    1.70141E+38    1.70141E+38    1.70141E+38    1.70141E+38    1.70141E+38    1.70141E+38    1.70141E+38    1.70141E+38    1.70141E+38    1.70141E+38    1.70141E+38    1.70141E+38    1.70141E+38    

1.70141E+38    1.70141E+38    1.70141E+38    1.70141E+38    1.70141E+38    1.70141E+38    1.70141E+38    1.70141E+38    1.70141E+38    1.70141E+38    1.70141E+38    1.70141E+38    1.70141E+38    1.70141E+38    1.70141E+38    1.70141E+38    1.70141E+38    1.70141E+38    1.70141E+38    1.70141E+38    1.70141E+38    1.70141E+38    1.70141E+38    

1.70141E+38    1.70141E+38    1.70141E+38    1.70141E+38    1.70141E+38    1.70141E+38    1.70141E+38    1.70141E+38    1.70141E+38    1.70141E+38    1.70141E+38    1.70141E+38    1.70141E+38    1.70141E+38    1.70141E+38    1.70141E+38    1.70141E+38    1.70141E+38    1.70141E+38    1.70141E+38    1.70141E+38    1.70141E+38    1.70141E+38    

1.70141E+38    1.70141E+38    1.70141E+38    1.70141E+38    1.70141E+38    1.70141E+38    1.70141E+38    1.70141E+38    1.70141E+38    1.70141E+38    1.70141E+38    1.70141E+38    1.70141E+38    1.70141E+38    1.70141E+38    1.70141E+38    1.70141E+38    1.70141E+38    1.70141E+38    1.70141E+38    1.70141E+38    1.70141E+38    1.70141E+38    

1.70141E+38    1.70141E+38    1.70141E+38    1.70141E+38    1.70141E+38    1.70141E+38    1.70141E+38    1.70141E+38    1.70141E+38    1.70141E+38    1.70141E+38    1.70141E+38    1.70141E+38    1.70141E+38    1.70141E+38    1.70141E+38    1.70141E+38    1.70141E+38    1.70141E+38    1.70141E+38    1.70141E+38    1.70141E+38    1.70141E+38    

1.70141E+38    1.70141E+38    1.70141E+38    1.70141E+38    1.70141E+38    1.70141E+38    1.70141E+38    1.70141E+38    1.70141E+38    1.70141E+38    1.70141E+38    1.70141E+38    1.70141E+38    1.70141E+38    1.70141E+38    1.70141E+38    1.70141E+38    1.70141E+38    1.70141E+38    1.70141E+38    1.70141E+38    1.70141E+38    1.70141E+38    

1.70141E+38    1.70141E+38    1.70141E+38    1.70141E+38    1.70141E+38    1.70141E+38    1.70141E+38    1.70141E+38    1.70141E+38    1.70141E+38    1.70141E+38    1.70141E+38    1.70141E+38    1.70141E+38    1.70141E+38    1.70141E+38    1.70141E+38    1.70141E+38    1.70141E+38    1.70141E+38    1.70141E+38    1.70141E+38    1.70141E+38    

