py_wake/examples/data/ParqueFicticio/Ridge area   Sector 5   Height 30m   Turbulence intensity.grd
DSAA
23  33
 262878   265078
 6504214   6507414
 12.56831   100
1.70141E+38    1.70141E+38    1.70141E+38    1.70141E+38    1.70141E+38    1.70141E+38    1.70141E+38    1.70141E+38    1.70141E+38    1.70141E+38    1.70141E+38    1.70141E+38    1.70141E+38    1.70141E+38    1.70141E+38    1.70141E+38    1.70141E+38    1.70141E+38    1.70141E+38    1.70141E+38    1.70141E+38    1.70141E+38    1.70141E+38    

1.70141E+38    1.70141E+38    1.70141E+38    1.70141E+38    1.70141E+38    1.70141E+38    1.70141E+38    1.70141E+38    1.70141E+38    1.70141E+38    1.70141E+38    1.70141E+38    1.70141E+38    1.70141E+38    1.70141E+38    1.70141E+38    1.70141E+38    1.70141E+38    1.70141E+38    1.70141E+38    1.70141E+38    1.70141E+38    1.70141E+38    

1.70141E+38    1.70141E+38    1.70141E+38    1.70141E+38    1.70141E+38    1.70141E+38    1.70141E+38    1.70141E+38    1.70141E+38    1.70141E+38    1.70141E+38    1.70141E+38    1.70141E+38    1.70141E+38    1.70141E+38    1.70141E+38    1.70141E+38    1.70141E+38    1.70141E+38    1.70141E+38    1.70141E+38    1.70141E+38    1.70141E+38    

1.70141E+38    1.70141E+38    1.70141E+38    1.70141E+38    1.70141E+38    1.70141E+38    1.70141E+38    1.70141E+38    1.70141E+38    1.70141E+38    1.70141E+38    1.70141E+38    1.70141E+38    1.70141E+38    1.70141E+38    1.70141E+38    1.70141E+38    1.70141E+38    1.70141E+38    1.70141E+38    1.70141E+38    1.70141E+38    1.70141E+38    

1.70141E+38    1.70141E+38    1.70141E+38    1.70141E+38    1.70141E+38    1.70141E+38    1.70141E+38    1.70141E+38    1.70141E+38    1.70141E+38    1.70141E+38    1.70141E+38    1.70141E+38    1.70141E+38    1.70141E+38    1.70141E+38    1.70141E+38    1.70141E+38    1.70141E+38    1.70141E+38    1.70141E+38    1.70141E+38    1.70141E+38    

22.70694       23.24163       23.65026       22.61893       21.20097       19.28104       18.02414       15.72601       14.9076        13.63718       13.5955        14.33731       15.25616       16.9065        18.83574       22.47272       31.93445       68.87541       61.36643       20.68138       1.70141E+38    1.70141E+38    1.70141E+38    

24.9183        26.01634       27.7745        27.95675       25.79389       23.03227       19.62482       16.1328        13.97931       12.95927       12.78253       13.61809       15.24125       17.99339       21.12978       28.17763       66.4078        80.33376       47.60499       17.00304       1.70141E+38    1.70141E+38    1.70141E+38    

29.76695       29.21551       28.82521       32.53558       36.2011        35.03968       30.12631       22.17966       16.47806       13.84331       12.72332       13.34269       15.34662       18.43378       34.01144       36.5574        100            93.86217       21.45438       16.02615       1.70141E+38    1.70141E+38    1.70141E+38    

36.28655       34.98201       32.62729       34.2846        38.30522       38.58107       37.09595       31.51098       25.40333       18.23818       14.07844       13.39685       15.52543       19.58478       32.99609       47.43088       97.64684       100            18.07746       15.44459       1.70141E+38    1.70141E+38    1.70141E+38    

42.97481       40.62635       36.69107       35.79284       37.9674        35.64454       30.91794       24.1041        22.26704       19.54622       15.1679        13.78514       15.26623       19.3569        29.60013       64.5312        90.34007       99.41744       18.95921       15.32925       1.70141E+38    1.70141E+38    1.70141E+38    

45.34705       48.99554       40.40389       34.48143       32.99562       31.40275       26.54069       19.64041       16.33397       15.47662       14.29097       13.6327        14.92445       18.20288       29.56761       78.05429       91.94212       37.84123       18.08113       15.38373       1.70141E+38    1.70141E+38    1.70141E+38    

40.63482       63.26525       58.50471       41.7395        33.57878       28.45999       25.31396       19.53          15.78265       13.95324       13.13457       13.0202        14.54929       18.53639       30.26597       82.77137       32.56702       18.29011       15.96666       15.29165       1.70141E+38    1.70141E+38    1.70141E+38    

33.15521       59.95089       95.3315        96.65723       59.71724       45.42991       45.26271       34.91119       20.53079       15.34125       13.35695       12.74763       14.27786       19.4541        29.23372       34.11119       18.873         14.84787       14.59529       15.13935       1.70141E+38    1.70141E+38    1.70141E+38    

27.72546       45.44958       80.74182       100            100            100            100            100            54.75851       25.02242       14.76195       13.03133       14.28771       19.42355       25.67721       24.00357       16.73382       14.53597       14.10125       14.68796       1.70141E+38    1.70141E+38    1.70141E+38    

24.45531       34.65413       52.03649       61.52357       100            100            97.15609       62.26271       40.23938       26.61444       16.31227       13.33395       13.65792       17.60181       22.37992       21.95586       19.2478        16.30559       15.09871       14.97119       1.70141E+38    1.70141E+38    1.70141E+38    

23.49455       27.81447       36.9524        40.33264       50.97313       62.31963       51.03046       36.92275       25.19593       18.52574       14.47244       12.87808       12.95518       15.17595       19.63888       24.07154       29.27445       24.71299       19.12247       17.71438       1.70141E+38    1.70141E+38    1.70141E+38    

23.10428       24.4209        29.08308       31.75093       32.08501       32.26151       30.24873       27.34415       22.10807       17.32969       14.02106       12.56831       12.98564       14.37502       19.04457       27.60221       41.3397        56.37397       43.23322       32.70472       1.70141E+38    1.70141E+38    1.70141E+38    

25.94533       25.10966       28.82239       32.81697       29.75912       28.11219       26.88317       25.49923       22.52731       19.71671       15.99026       13.38047       13.15931       14.37173       18.04189       25.45442       36.16291       57.29498       98.16912       78.22829       1.70141E+38    1.70141E+38    1.70141E+38    

30.27267       30.23527       34.71988       41.38062       38.10734       34.25162       32.75834       33.73956       32.93013       33.37976       22.81672       14.68852       13.74606       14.49585       17.73768       22.91928       29.23609       41.70009       100            100            1.70141E+38    1.70141E+38    1.70141E+38    

45.69838       43.87967       45.20169       54.48387       54.03695       45.41571       48.92694       56.70952       52.16043       32.25357       21.15917       15.55626       14.90472       15.50021       17.19641       20.36932       24.91034       33.54642       52.40573       100            1.70141E+38    1.70141E+38    1.70141E+38    

42.2793        38.57979       35.51576       34.31186       36.44561       38.97379       40.72198       44.26176       38.70906       23.18709       17.23269       15.54047       15.79661       18.5685        19.23747       19.24413       19.87881       26.61134       27.76233       38.83053       1.70141E+38    1.70141E+38    1.70141E+38    

30.32534       28.05505       27.99314       27.53973       29.80257       30.59386       31.34647       26.73948       24.14059       19.36513       16.22692       15.10435       15.41455       18.86421       29.52892       31.88567       26.69625       23.21488       19.85834       22.09621       1.70141E+38    1.70141E+38    1.70141E+38    

27.86342       26.34584       28.18495       31.05056       33.33042       33.85608       31.38435       23.68653       18.60286       17.13654       16.47035       15.64613       14.70493       15.41688       18.16746       27.30973       34.68587       30.36787       24.32672       20.3028        1.70141E+38    1.70141E+38    1.70141E+38    

28.92607       30.60954       35.68803       41.49275       43.22791       38.05564       28.63888       22.11921       18.22408       16.90131       17.51738       18.59137       16.27603       14.83845       15.05927       15.87089       25.38948       33.81651       34.12051       28.0944        1.70141E+38    1.70141E+38    1.70141E+38    

35.9339        41.52127       51.15086       46.01643       35.01678       27.13755       21.81549       20.13275       19.09783       18.32037       19.31883       33.5325        21.72599       17.75272       17.37893       15.42509       15.15901       18.2038        31.91747       33.10151       1.70141E+38    1.70141E+38    1.70141E+38    

1.70141E+38    1.70141E+38    1.70141E+38    1.70141E+38    1.70141E+38    1.70141E+38    1.70141E+38    1.70141E+38    1.70141E+38    1.70141E+38    1.70141E+38    1.70141E+38    1.70141E+38    1.70141E+38    1.70141E+38    1.70141E+38    1.70141E+38    1.70141E+38    1.70141E+38    1.70141E+38    1.70141E+38    1.70141E+38    1.70141E+38    

1.70141E+38    1.70141E+38    1.70141E+38    1.70141E+38    1.70141E+38    1.70141E+38    1.70141E+38    1.70141E+38    1.70141E+38    1.70141E+38    1.70141E+38    1.70141E+38    1.70141E+38    1.70141E+38    1.70141E+38    1.70141E+38    1.70141E+38    1.70141E+38    1.70141E+38    1.70141E+38    1.70141E+38    1.70141E+38    1.70141E+38    

1.70141E+38    1.70141E+38    1.70141E+38    1.70141E+38    1.70141E+38    1.70141E+38    1.70141E+38    1.70141E+38    1.70141E+38    1.70141E+38    1.70141E+38    1.70141E+38    1.70141E+38    1.70141E+38    1.70141E+38    1.70141E+38    1.70141E+38    1.70141E+38    1.70141E+38    1.70141E+38    1.70141E+38    1.70141E+38    1.70141E+38    

1.70141E+38    1.70141E+38    1.70141E+38    1.70141E+38    1.70141E+38    1.70141E+38    1.70141E+38    1.70141E+38    1.70141E+38    1.70141E+38    1.70141E+38    1.70141E+38    1.70141E+38    1.70141E+38    1.70141E+38    1.70141E+38    1.70141E+38    1.70141E+38    1.70141E+38    1.70141E+38    1.70141E+38    1.70141E+38    1.70141E+38    

1.70141E+38    1.70141E+38    1.70141E+38    1.70141E+38    1.70141E+38    1.70141E+38    1.70141E+38    1.70141E+38    1.70141E+38    1.70141E+38    1.70141E+38    1.70141E+38    1.70141E+38    1.70141E+38    1.70141E+38    1.70141E+38    1.70141E+38    1.70141E+38    1.70141E+38    1.70141E+38    1.70141E+38    1.70141E+38    1.70141E+38    

1.70141E+38    1.70141E+38    1.70141E+38    1.70141E+38    1.70141E+38    1.70141E+38    1.70141E+38    1.70141E+38    1.70141E+38    1.70141E+38    1.70141E+38    1.70141E+38    1.70141E+38    1.70141E+38    1.70141E+38    1.70141E+38    1.70141E+38    1.70141E+38    1.70141E+38    1.70141E+38    1.70141E+38    1.70141E+38    1.70141E+38    

1.70141E+38    1.70141E+38    1.70141E+38    1.70141E+38    1.70141E+38    1.70141E+38    1.70141E+38    1.70141E+38    1.70141E+38    1.70141E+38    1.70141E+38    1.70141E+38    1.70141E+38    1.70141E+38    1.70141E+38    1.70141E+38    1.70141E+38    1.70141E+38    1.70141E+38    1.70141E+38    1.70141E+38    1.70141E+38    1.70141E+38    

1.70141E+38    1.70141E+38    1.70141E+38    1.70141E+38    1.70141E+38    1.70141E+38    1.70141E+38    1.70141E+38    1.70141E+38    1.70141E+38    1.70141E+38    1.70141E+38    1.70141E+38    1.70141E+38    1.70141E+38    1.70141E+38    1.70141E+38    1.70141E+38    1.70141E+38    1.70141E+38    1.70141E+38    1.70141E+38    1.70141E+38    

