py_wake/examples/data/ParqueFicticio/Ridge area   Sector 12   Height 30m   Weibull-k.grd
DSAA
23  33
 262878   265078
 6504214   6507414
 .7792969   2.380859
1.70141E+38    1.70141E+38    1.70141E+38    1.70141E+38    1.70141E+38    1.70141E+38    1.70141E+38    1.70141E+38    1.70141E+38    1.70141E+38    1.70141E+38    1.70141E+38    1.70141E+38    1.70141E+38    1.70141E+38    1.70141E+38    1.70141E+38    1.70141E+38    1.70141E+38    1.70141E+38    1.70141E+38    1.70141E+38    1.70141E+38    

1.70141E+38    1.70141E+38    1.70141E+38    1.70141E+38    1.70141E+38    1.70141E+38    1.70141E+38    1.70141E+38    1.70141E+38    1.70141E+38    1.70141E+38    1.70141E+38    1.70141E+38    1.70141E+38    1.70141E+38    1.70141E+38    1.70141E+38    1.70141E+38    1.70141E+38    1.70141E+38    1.70141E+38    1.70141E+38    1.70141E+38    

1.70141E+38    1.70141E+38    1.70141E+38    1.70141E+38    1.70141E+38    1.70141E+38    1.70141E+38    1.70141E+38    1.70141E+38    1.70141E+38    1.70141E+38    1.70141E+38    1.70141E+38    1.70141E+38    1.70141E+38    1.70141E+38    1.70141E+38    1.70141E+38    1.70141E+38    1.70141E+38    1.70141E+38    1.70141E+38    1.70141E+38    

1.70141E+38    1.70141E+38    1.70141E+38    1.70141E+38    1.70141E+38    1.70141E+38    1.70141E+38    1.70141E+38    1.70141E+38    1.70141E+38    1.70141E+38    1.70141E+38    1.70141E+38    1.70141E+38    1.70141E+38    1.70141E+38    1.70141E+38    1.70141E+38    1.70141E+38    1.70141E+38    1.70141E+38    1.70141E+38    1.70141E+38    

1.70141E+38    1.70141E+38    1.70141E+38    1.70141E+38    1.70141E+38    1.70141E+38    1.70141E+38    1.70141E+38    1.70141E+38    1.70141E+38    1.70141E+38    1.70141E+38    1.70141E+38    1.70141E+38    1.70141E+38    1.70141E+38    1.70141E+38    1.70141E+38    1.70141E+38    1.70141E+38    1.70141E+38    1.70141E+38    1.70141E+38    

1.533203       1.517578       1.498047       1.490234       1.494141       1.494141       1.486328       1.537109       1.537109       1.541016       1.552734       1.568359       1.580078       1.580078       2.181641       1.931641       1.763672       1.498047       1.435547       1.533203       1.70141E+38    1.70141E+38    1.70141E+38    

1.505859       1.505859       1.552734       1.525391       1.505859       1.505859       1.482422       1.501953       1.552734       1.552734       1.552734       1.564453       1.580078       1.576172       2.181641       1.763672       1.685547       1.189453       1.587891       1.482422       1.70141E+38    1.70141E+38    1.70141E+38    

1.501953       1.486328       1.556641       1.568359       1.564453       1.564453       1.541016       1.525391       1.533203       1.544922       1.537109       1.548828       1.576172       1.642578       1.576172       1.759766       1.572266       1.197266       1.541016       1.587891       1.70141E+38    1.70141E+38    1.70141E+38    

1.517578       1.537109       1.564453       1.564453       1.564453       1.541016       1.486328       1.427734       1.439453       1.505859       1.533203       1.537109       1.576172       1.998047       1.576172       1.759766       1.458984       1.173828       1.611328       1.576172       1.70141E+38    1.70141E+38    1.70141E+38    

1.513672       1.548828       1.576172       1.572266       1.560547       1.548828       1.537109       1.517578       1.501953       1.529297       1.541016       1.537109       1.580078       1.572266       1.576172       1.759766       1.501953       1.576172       1.572266       1.576172       1.70141E+38    1.70141E+38    1.70141E+38    

1.537109       1.583984       1.275391       1.478516       1.556641       1.572266       1.568359       1.568359       1.564453       1.564453       1.564453       1.560547       1.583984       1.583984       1.576172       1.380859       1.580078       1.345703       1.564453       1.576172       1.70141E+38    1.70141E+38    1.70141E+38    

1.580078       .7792969       1.138672       1.560547       1.580078       1.576172       1.560547       1.556641       1.576172       1.572266       1.568359       1.564453       1.580078       1.587891       1.416016       1.314453       1.564453       1.603516       1.576172       1.576172       1.70141E+38    1.70141E+38    1.70141E+38    

1.580078       1.224609       1.580078       1.580078       1.580078       1.576172       1.576172       1.580078       1.576172       1.568359       1.560547       1.556641       1.572266       1.587891       1.763672       1.517578       1.634766       1.611328       1.587891       1.583984       1.70141E+38    1.70141E+38    1.70141E+38    

1.576172       1.564453       1.580078       1.580078       1.576172       1.587891       1.599609       1.591797       1.560547       1.548828       1.548828       1.548828       1.568359       1.587891       1.396484       1.599609       1.642578       1.611328       1.599609       1.611328       1.70141E+38    1.70141E+38    1.70141E+38    

1.576172       1.580078       1.580078       1.580078       1.568359       1.611328       1.599609       1.595703       1.568359       1.556641       1.564453       1.564453       1.572266       1.580078       1.607422       1.638672       1.623047       1.619141       1.615234       1.626953       1.70141E+38    1.70141E+38    1.70141E+38    

1.564453       1.576172       1.591797       1.591797       1.576172       1.587891       1.583984       1.580078       1.580078       1.576172       1.576172       1.576172       1.576172       1.580078       1.583984       1.447266       1.158203       1.423828       1.576172       1.630859       1.70141E+38    1.70141E+38    1.70141E+38    

1.576172       1.576172       1.599609       1.611328       1.591797       1.580078       1.572266       1.564453       1.564453       1.576172       1.576172       1.576172       1.576172       1.580078       1.576172       1.041016       2.177734       1.759766       1.685547       1.630859       1.70141E+38    1.70141E+38    1.70141E+38    

1.564453       1.560547       1.576172       1.587891       1.572266       1.564453       1.560547       1.556641       1.572266       1.576172       1.576172       1.576172       1.576172       1.580078       1.576172       1.158203       1.419922       2.380859       1.669922       1.458984       1.70141E+38    1.70141E+38    1.70141E+38    

1.580078       1.576172       1.544922       1.533203       1.568359       1.580078       1.580078       1.576172       1.560547       1.521484       1.541016       1.576172       1.580078       1.580078       1.576172       1.576172       1.462891       1.419922       1.240234       1.466797       1.70141E+38    1.70141E+38    1.70141E+38    

1.568359       1.470703       1.333984       1.197266       1.388672       1.580078       1.560547       1.474609       1.408203       1.462891       1.560547       1.580078       1.580078       1.580078       1.576172       1.576172       1.568359       1.294922       1.529297       1.751953       1.70141E+38    1.70141E+38    1.70141E+38    

1.548828       1.517578       1.552734       1.564453       1.576172       1.580078       1.568359       1.544922       1.541016       1.576172       1.580078       1.576172       1.580078       1.130859       1.576172       1.572266       1.205078       1.537109       1.541016       1.611328       1.70141E+38    1.70141E+38    1.70141E+38    

1.560547       1.560547       1.560547       1.560547       1.560547       1.568359       1.576172       1.576172       1.580078       1.576172       1.576172       1.576172       1.576172       1.576172       1.576172       1.576172       1.576172       1.451172       1.458984       1.623047       1.70141E+38    1.70141E+38    1.70141E+38    

1.564453       1.556641       1.556641       1.576172       1.576172       1.572266       1.576172       1.576172       1.576172       1.576172       1.576172       1.576172       1.572266       1.568359       1.548828       1.521484       1.373047       1.392578       1.576172       1.576172       1.70141E+38    1.70141E+38    1.70141E+38    

1.564453       1.576172       1.576172       1.560547       1.564453       1.568359       1.576172       1.576172       1.576172       1.576172       1.576172       1.576172       1.572266       1.564453       1.564453       1.544922       1.541016       1.544922       1.576172       1.576172       1.70141E+38    1.70141E+38    1.70141E+38    

1.576172       1.576172       1.576172       1.580078       1.580078       1.576172       1.576172       1.576172       1.576172       1.576172       1.580078       1.576172       1.572266       1.564453       1.572266       1.576172       1.333984       1.423828       1.576172       1.466797       1.70141E+38    1.70141E+38    1.70141E+38    

1.70141E+38    1.70141E+38    1.70141E+38    1.70141E+38    1.70141E+38    1.70141E+38    1.70141E+38    1.70141E+38    1.70141E+38    1.70141E+38    1.70141E+38    1.70141E+38    1.70141E+38    1.70141E+38    1.70141E+38    1.70141E+38    1.70141E+38    1.70141E+38    1.70141E+38    1.70141E+38    1.70141E+38    1.70141E+38    1.70141E+38    

1.70141E+38    1.70141E+38    1.70141E+38    1.70141E+38    1.70141E+38    1.70141E+38    1.70141E+38    1.70141E+38    1.70141E+38    1.70141E+38    1.70141E+38    1.70141E+38    1.70141E+38    1.70141E+38    1.70141E+38    1.70141E+38    1.70141E+38    1.70141E+38    1.70141E+38    1.70141E+38    1.70141E+38    1.70141E+38    1.70141E+38    

1.70141E+38    1.70141E+38    1.70141E+38    1.70141E+38    1.70141E+38    1.70141E+38    1.70141E+38    1.70141E+38    1.70141E+38    1.70141E+38    1.70141E+38    1.70141E+38    1.70141E+38    1.70141E+38    1.70141E+38    1.70141E+38    1.70141E+38    1.70141E+38    1.70141E+38    1.70141E+38    1.70141E+38    1.70141E+38    1.70141E+38    

1.70141E+38    1.70141E+38    1.70141E+38    1.70141E+38    1.70141E+38    1.70141E+38    1.70141E+38    1.70141E+38    1.70141E+38    1.70141E+38    1.70141E+38    1.70141E+38    1.70141E+38    1.70141E+38    1.70141E+38    1.70141E+38    1.70141E+38    1.70141E+38    1.70141E+38    1.70141E+38    1.70141E+38    1.70141E+38    1.70141E+38    

1.70141E+38    1.70141E+38    1.70141E+38    1.70141E+38    1.70141E+38    1.70141E+38    1.70141E+38    1.70141E+38    1.70141E+38    1.70141E+38    1.70141E+38    1.70141E+38    1.70141E+38    1.70141E+38    1.70141E+38    1.70141E+38    1.70141E+38    1.70141E+38    1.70141E+38    1.70141E+38    1.70141E+38    1.70141E+38    1.70141E+38    

1.70141E+38    1.70141E+38    1.70141E+38    1.70141E+38    1.70141E+38    1.70141E+38    1.70141E+38    1.70141E+38    1.70141E+38    1.70141E+38    1.70141E+38    1.70141E+38    1.70141E+38    1.70141E+38    1.70141E+38    1.70141E+38    1.70141E+38    1.70141E+38    1.70141E+38    1.70141E+38    1.70141E+38    1.70141E+38    1.70141E+38    

1.70141E+38    1.70141E+38    1.70141E+38    1.70141E+38    1.70141E+38    1.70141E+38    1.70141E+38    1.70141E+38    1.70141E+38    1.70141E+38    1.70141E+38    1.70141E+38    1.70141E+38    1.70141E+38    1.70141E+38    1.70141E+38    1.70141E+38    1.70141E+38    1.70141E+38    1.70141E+38    1.70141E+38    1.70141E+38    1.70141E+38    

1.70141E+38    1.70141E+38    1.70141E+38    1.70141E+38    1.70141E+38    1.70141E+38    1.70141E+38    1.70141E+38    1.70141E+38    1.70141E+38    1.70141E+38    1.70141E+38    1.70141E+38    1.70141E+38    1.70141E+38    1.70141E+38    1.70141E+38    1.70141E+38    1.70141E+38    1.70141E+38    1.70141E+38    1.70141E+38    1.70141E+38    

