py_wake/examples/data/ParqueFicticio/Ridge area   Sector 4   Height 30m   Mean speed.grd
DSAA
23  33
 262878   265078
 6504214   6507414
 .4562366   9.431735
1.70141E+38    1.70141E+38    1.70141E+38    1.70141E+38    1.70141E+38    1.70141E+38    1.70141E+38    1.70141E+38    1.70141E+38    1.70141E+38    1.70141E+38    1.70141E+38    1.70141E+38    1.70141E+38    1.70141E+38    1.70141E+38    1.70141E+38    1.70141E+38    1.70141E+38    1.70141E+38    1.70141E+38    1.70141E+38    1.70141E+38    

1.70141E+38    1.70141E+38    1.70141E+38    1.70141E+38    1.70141E+38    1.70141E+38    1.70141E+38    1.70141E+38    1.70141E+38    1.70141E+38    1.70141E+38    1.70141E+38    1.70141E+38    1.70141E+38    1.70141E+38    1.70141E+38    1.70141E+38    1.70141E+38    1.70141E+38    1.70141E+38    1.70141E+38    1.70141E+38    1.70141E+38    

1.70141E+38    1.70141E+38    1.70141E+38    1.70141E+38    1.70141E+38    1.70141E+38    1.70141E+38    1.70141E+38    1.70141E+38    1.70141E+38    1.70141E+38    1.70141E+38    1.70141E+38    1.70141E+38    1.70141E+38    1.70141E+38    1.70141E+38    1.70141E+38    1.70141E+38    1.70141E+38    1.70141E+38    1.70141E+38    1.70141E+38    

1.70141E+38    1.70141E+38    1.70141E+38    1.70141E+38    1.70141E+38    1.70141E+38    1.70141E+38    1.70141E+38    1.70141E+38    1.70141E+38    1.70141E+38    1.70141E+38    1.70141E+38    1.70141E+38    1.70141E+38    1.70141E+38    1.70141E+38    1.70141E+38    1.70141E+38    1.70141E+38    1.70141E+38    1.70141E+38    1.70141E+38    

1.70141E+38    1.70141E+38    1.70141E+38    1.70141E+38    1.70141E+38    1.70141E+38    1.70141E+38    1.70141E+38    1.70141E+38    1.70141E+38    1.70141E+38    1.70141E+38    1.70141E+38    1.70141E+38    1.70141E+38    1.70141E+38    1.70141E+38    1.70141E+38    1.70141E+38    1.70141E+38    1.70141E+38    1.70141E+38    1.70141E+38    

2.645785       2.518963       2.465317       2.69666        3.158203       3.818311       4.311986       5.10968        5.669169       6.649206       7.836309       8.3836         8.464464       7.140321       5.24829        3.608512       1.178082       .9937283       .8554325       3.125088       1.70141E+38    1.70141E+38    1.70141E+38    

2.431087       2.350761       2.243483       2.310656       2.636572       3.149754       3.942729       5.034639       6.045763       6.933456       8.085876       8.72154        8.238285       6.277999       4.155692       2.584347       .9446043       .8292587       .5439581       5.331656       1.70141E+38    1.70141E+38    1.70141E+38    

2.058275       2.188501       2.327492       2.161498       1.960023       1.995356       2.365294       3.367612       4.961142       6.459605       7.883685       8.782655       7.68629        5.269409       3.406986       2.052441       .5353873       .5189126       2.685304       6.448968       1.70141E+38    1.70141E+38    1.70141E+38    

1.666233       1.759665       1.932494       1.899556       1.688557       1.602859       1.69729        2.244976       3.496502       5.260493       7.365112       8.657601       7.08532        4.601638       2.917601       1.634555       .5926478       .6756141       4.239521       7.056908       1.70141E+38    1.70141E+38    1.70141E+38    

1.377841       1.381965       1.498393       1.567464       1.528973       1.751782       2.285575       3.449001       4.490838       5.616453       7.094041       8.372842       7.053539       4.832735       2.995125       1.286556       .6084717       .8412686       4.544266       7.311954       1.70141E+38    1.70141E+38    1.70141E+38    

1.287223       1.035415       1.204796       1.580856       1.896313       2.298983       3.078407       4.558962       5.834539       6.485628       7.332026       8.390487       7.508433       5.410752       3.054087       .4562366       .5275543       1.979399       5.697076       7.5202         1.70141E+38    1.70141E+38    1.70141E+38    

1.410536       .7036318       .6886053       1.226589       1.921658       2.647992       3.24571        4.58508        5.877702       6.724274       7.449865       8.444171       7.727548       5.353539       2.793723       .4858051       2.390515       5.512172       6.953813       7.646321       1.70141E+38    1.70141E+38    1.70141E+38    

2.178638       1.050879       .5098836       .5043897       .7428533       1.119791       1.469172       2.644625       4.382492       5.937772       7.204212       8.410305       7.990931       5.450814       2.813188       1.752595       5.05197        6.94843        7.605968       7.607022       1.70141E+38    1.70141E+38    1.70141E+38    

3.231719       1.992008       .9605899       .5849847       .8196948       .8836918       .779905        .5205109       1.431043       3.710412       6.63039        8.532222       8.333798       5.916295       3.95402        4.264175       6.262065       7.350216       7.716768       7.344253       1.70141E+38    1.70141E+38    1.70141E+38    

3.973467       3.060987       1.910615       1.622744       .8872047       .5006122       .7450325       1.479462       2.535139       4.029222       6.762033       8.722917       8.711818       7.056733       5.782686       5.912479       6.347525       6.95575        7.187324       6.853125       1.70141E+38    1.70141E+38    1.70141E+38    

4.441219       4.194498       3.180257       3.021421       2.531625       1.951175       2.300393       3.238874       4.902952       6.399345       7.735097       8.803819       8.955112       8.077413       6.850166       6.007732       5.140721       5.535532       6.165471       6.031995       1.70141E+38    1.70141E+38    1.70141E+38    

4.905347       5.030534       4.291764       3.943326       4.118775       4.224624       4.550699       5.022006       6.011735       6.940889       7.887301       8.831682       8.915521       8.724824       7.402166       5.717823       3.907518       3.402944       4.256845       4.925654       1.70141E+38    1.70141E+38    1.70141E+38    

4.835576       5.118785       4.443779       3.840628       4.492679       4.862773       5.280008       5.711847       6.321752       6.660287       7.303362       8.507575       9.159746       9.075425       7.82629        6.127826       4.690969       3.459433       3.199914       3.780195       1.70141E+38    1.70141E+38    1.70141E+38    

4.446454       4.226094       3.462774       3.105931       3.592983       4.091268       4.468282       4.557917       4.646849       4.55918        6.0301         8.492084       9.431735       9.091506       7.704892       6.319975       5.34855        4.273763       3.223174       2.689637       1.70141E+38    1.70141E+38    1.70141E+38    

3.388885       2.916338       2.536966       2.239827       2.24309        2.522566       2.191025       1.614977       1.62722        3.027466       6.147138       8.807362       9.339602       8.668711       7.465038       6.362728       5.618386       4.883351       4.228113       3.225119       1.70141E+38    1.70141E+38    1.70141E+38    

2.65076        2.586957       2.695741       2.831782       2.584379       2.226075       1.863985       1.319738       1.344015       4.722513       7.780538       9.068333       9.246978       7.608965       6.769721       6.350452       5.983593       5.650675       5.395689       4.919577       1.70141E+38    1.70141E+38    1.70141E+38    

3.34563        3.762622       3.809805       3.943912       3.552002       3.336007       3.016028       3.638478       5.035017       6.872405       8.249512       9.010527       8.841163       7.303434       6.09813        5.81426        5.800218       5.829052       5.903115       5.684215       1.70141E+38    1.70141E+38    1.70141E+38    

3.42399        3.74472        3.4876         3.079784       2.564055       2.380556       2.742268       4.964058       6.985605       7.804476       8.239823       8.395473       8.376317       7.455747       6.339528       5.778811       5.393019       5.301159       5.593457       5.706925       1.70141E+38    1.70141E+38    1.70141E+38    

2.384596       2.321437       1.949211       1.611229       1.327877       1.376102       3.378677       5.787162       7.240719       7.975293       7.847078       7.295899       7.519431       7.365891       6.677498       6.441309       5.89116        5.216711       5.022629       5.141124       1.70141E+38    1.70141E+38    1.70141E+38    

1.174646       1.12637        .9523778       .9703023       1.605316       3.715188       5.795556       6.633529       7.112953       7.469779       7.285848       6.19862        6.384872       6.570574       6.073518       6.571494       6.588047       5.844162       5.24859        5.05612        1.70141E+38    1.70141E+38    1.70141E+38    

1.70141E+38    1.70141E+38    1.70141E+38    1.70141E+38    1.70141E+38    1.70141E+38    1.70141E+38    1.70141E+38    1.70141E+38    1.70141E+38    1.70141E+38    1.70141E+38    1.70141E+38    1.70141E+38    1.70141E+38    1.70141E+38    1.70141E+38    1.70141E+38    1.70141E+38    1.70141E+38    1.70141E+38    1.70141E+38    1.70141E+38    

1.70141E+38    1.70141E+38    1.70141E+38    1.70141E+38    1.70141E+38    1.70141E+38    1.70141E+38    1.70141E+38    1.70141E+38    1.70141E+38    1.70141E+38    1.70141E+38    1.70141E+38    1.70141E+38    1.70141E+38    1.70141E+38    1.70141E+38    1.70141E+38    1.70141E+38    1.70141E+38    1.70141E+38    1.70141E+38    1.70141E+38    

1.70141E+38    1.70141E+38    1.70141E+38    1.70141E+38    1.70141E+38    1.70141E+38    1.70141E+38    1.70141E+38    1.70141E+38    1.70141E+38    1.70141E+38    1.70141E+38    1.70141E+38    1.70141E+38    1.70141E+38    1.70141E+38    1.70141E+38    1.70141E+38    1.70141E+38    1.70141E+38    1.70141E+38    1.70141E+38    1.70141E+38    

1.70141E+38    1.70141E+38    1.70141E+38    1.70141E+38    1.70141E+38    1.70141E+38    1.70141E+38    1.70141E+38    1.70141E+38    1.70141E+38    1.70141E+38    1.70141E+38    1.70141E+38    1.70141E+38    1.70141E+38    1.70141E+38    1.70141E+38    1.70141E+38    1.70141E+38    1.70141E+38    1.70141E+38    1.70141E+38    1.70141E+38    

1.70141E+38    1.70141E+38    1.70141E+38    1.70141E+38    1.70141E+38    1.70141E+38    1.70141E+38    1.70141E+38    1.70141E+38    1.70141E+38    1.70141E+38    1.70141E+38    1.70141E+38    1.70141E+38    1.70141E+38    1.70141E+38    1.70141E+38    1.70141E+38    1.70141E+38    1.70141E+38    1.70141E+38    1.70141E+38    1.70141E+38    

1.70141E+38    1.70141E+38    1.70141E+38    1.70141E+38    1.70141E+38    1.70141E+38    1.70141E+38    1.70141E+38    1.70141E+38    1.70141E+38    1.70141E+38    1.70141E+38    1.70141E+38    1.70141E+38    1.70141E+38    1.70141E+38    1.70141E+38    1.70141E+38    1.70141E+38    1.70141E+38    1.70141E+38    1.70141E+38    1.70141E+38    

1.70141E+38    1.70141E+38    1.70141E+38    1.70141E+38    1.70141E+38    1.70141E+38    1.70141E+38    1.70141E+38    1.70141E+38    1.70141E+38    1.70141E+38    1.70141E+38    1.70141E+38    1.70141E+38    1.70141E+38    1.70141E+38    1.70141E+38    1.70141E+38    1.70141E+38    1.70141E+38    1.70141E+38    1.70141E+38    1.70141E+38    

1.70141E+38    1.70141E+38    1.70141E+38    1.70141E+38    1.70141E+38    1.70141E+38    1.70141E+38    1.70141E+38    1.70141E+38    1.70141E+38    1.70141E+38    1.70141E+38    1.70141E+38    1.70141E+38    1.70141E+38    1.70141E+38    1.70141E+38    1.70141E+38    1.70141E+38    1.70141E+38    1.70141E+38    1.70141E+38    1.70141E+38    

