py_wake/examples/data/ParqueFicticio/Ridge area   Sector 12   Height 30m   Weibull-A.grd
DSAA
23  33
 262878   265078
 6504214   6507414
 .6264281   6.523626
1.70141E+38    1.70141E+38    1.70141E+38    1.70141E+38    1.70141E+38    1.70141E+38    1.70141E+38    1.70141E+38    1.70141E+38    1.70141E+38    1.70141E+38    1.70141E+38    1.70141E+38    1.70141E+38    1.70141E+38    1.70141E+38    1.70141E+38    1.70141E+38    1.70141E+38    1.70141E+38    1.70141E+38    1.70141E+38    1.70141E+38    

1.70141E+38    1.70141E+38    1.70141E+38    1.70141E+38    1.70141E+38    1.70141E+38    1.70141E+38    1.70141E+38    1.70141E+38    1.70141E+38    1.70141E+38    1.70141E+38    1.70141E+38    1.70141E+38    1.70141E+38    1.70141E+38    1.70141E+38    1.70141E+38    1.70141E+38    1.70141E+38    1.70141E+38    1.70141E+38    1.70141E+38    

1.70141E+38    1.70141E+38    1.70141E+38    1.70141E+38    1.70141E+38    1.70141E+38    1.70141E+38    1.70141E+38    1.70141E+38    1.70141E+38    1.70141E+38    1.70141E+38    1.70141E+38    1.70141E+38    1.70141E+38    1.70141E+38    1.70141E+38    1.70141E+38    1.70141E+38    1.70141E+38    1.70141E+38    1.70141E+38    1.70141E+38    

1.70141E+38    1.70141E+38    1.70141E+38    1.70141E+38    1.70141E+38    1.70141E+38    1.70141E+38    1.70141E+38    1.70141E+38    1.70141E+38    1.70141E+38    1.70141E+38    1.70141E+38    1.70141E+38    1.70141E+38    1.70141E+38    1.70141E+38    1.70141E+38    1.70141E+38    1.70141E+38    1.70141E+38    1.70141E+38    1.70141E+38    

1.70141E+38    1.70141E+38    1.70141E+38    1.70141E+38    1.70141E+38    1.70141E+38    1.70141E+38    1.70141E+38    1.70141E+38    1.70141E+38    1.70141E+38    1.70141E+38    1.70141E+38    1.70141E+38    1.70141E+38    1.70141E+38    1.70141E+38    1.70141E+38    1.70141E+38    1.70141E+38    1.70141E+38    1.70141E+38    1.70141E+38    

3.598137       3.603148       3.925781       4.409218       4.882023       5.302606       5.249629       4.85038        4.672569       4.719117       4.657337       4.314281       3.850693       2.732826       2.661524       1.431953       1.35229        1.083103       1.313889       1.884163       1.70141E+38    1.70141E+38    1.70141E+38    

3.847809       3.653719       3.40058        3.535465       4.032691       4.516278       4.870089       5.190473       5.268174       5.216485       5.046189       4.666193       3.964454       2.225823       1.240048       1.208668       1.147362       .9941391       1.573546       2.43891        1.70141E+38    1.70141E+38    1.70141E+38    

3.671934       3.76333        3.617884       3.4143         3.319275       3.180142       3.310174       3.664216       4.17058        4.654366       4.989038       4.658766       3.745759       1.614156       .8384203       .8845353       1.163995       1.3489         2.436426       3.112172       1.70141E+38    1.70141E+38    1.70141E+38    

3.05936        3.049321       3.233112       3.481041       3.393018       3.368581       3.241168       2.972228       3.003584       3.442159       4.291832       4.716804       3.578722       1.555766       .8669172       .6264281       1.292356       1.492929       2.986209       3.338739       1.70141E+38    1.70141E+38    1.70141E+38    

2.382325       2.303485       2.746825       3.214393       3.590153       3.94734        4.049302       4.014519       3.64229        3.472566       3.974716       4.572778       3.844301       2.151612       1.248305       .6729323       1.837918       2.085904       3.016962       3.336733       1.70141E+38    1.70141E+38    1.70141E+38    

2.008387       1.407215       2.347059       3.70389        4.327845       4.469706       4.745288       5.0756         5.161832       4.891765       4.811189       4.917939       4.353671       3.026604       1.840108       1.70934        2.331624       2.453622       2.809002       3.415674       1.70141E+38    1.70141E+38    1.70141E+38    

1.908175       .9010575       1.709703       3.255553       4.306258       4.836122       5.005022       5.272495       5.491412       5.647015       5.52261        5.38037        4.789706       3.397462       2.081405       1.984206       3.305488       3.81541        3.705709       3.956594       1.70141E+38    1.70141E+38    1.70141E+38    

3.052054       1.526092       .8495223       1.761448       2.617362       3.051733       3.253659       3.578117       4.253411       4.872697       5.359504       5.609713       5.163915       3.768585       1.341017       2.738589       4.330302       5.106924       5.143047       4.936218       1.70141E+38    1.70141E+38    1.70141E+38    

4.637581       2.241435       .8822994       1.288111       .9802343       1.349499       1.985234       2.186503       2.659477       3.567509       4.756409       5.592936       5.29917        4.010858       2.56478        3.588158       4.96996        5.721662       5.965727       5.789598       1.70141E+38    1.70141E+38    1.70141E+38    

5.374532       4.445438       2.846719       2.935287       1.262387       1.01869        1.997986       2.905748       3.563593       3.956829       4.733563       5.603719       5.65267        4.667349       3.831399       4.13245        4.462078       4.949307       5.356813       5.648759       1.70141E+38    1.70141E+38    1.70141E+38    

5.863054       5.589345       5.120579       5.13312        4.336838       2.969308       3.743335       4.493612       5.047429       5.341914       5.620206       5.941146       6.01381        5.436143       4.694727       3.215382       1.874927       2.852116       3.720891       4.339385       1.70141E+38    1.70141E+38    1.70141E+38    

6.425503       6.523626       6.405488       6.361165       6.231032       5.917693       5.674662       5.567877       5.597823       5.648164       5.871955       6.078166       5.937216       5.777753       4.91241        1.82453        .9486129       1.952347       2.662341       3.354912       1.70141E+38    1.70141E+38    1.70141E+38    

5.486987       5.849584       5.947431       5.602226       5.744348       5.695301       5.591675       5.478809       5.253086       5.136294       5.159454       5.591233       5.885706       5.817849       5.341307       2.341051       2.217992       1.242721       2.015578       2.250827       1.70141E+38    1.70141E+38    1.70141E+38    

4.344625       4.329744       3.934119       3.424028       3.508573       3.674042       3.861591       3.838808       3.787229       3.530881       3.828959       4.974066       5.624442       5.792943       5.371019       4.572557       3.056687       2.071393       1.387714       1.724149       1.70141E+38    1.70141E+38    1.70141E+38    

3.492239       3.14371        2.608107       1.822683       1.914032       2.450196       2.412014       2.173915       2.243507       3.162266       3.918971       4.928675       5.300853       5.379495       5.306943       4.804899       3.827129       2.686405       2.21743        2.032277       1.70141E+38    1.70141E+38    1.70141E+38    

3.408527       3.353042       3.642642       3.952286       3.812786       3.722617       3.796523       3.568156       3.489962       4.277299       4.957168       5.346          5.358821       2.859487       4.283164       4.423499       2.713114       4.847209       3.840847       2.757623       1.70141E+38    1.70141E+38    1.70141E+38    

4.565292       4.854548       5.09727        5.28955        5.26411        5.093639       4.907521       4.881503       4.734941       4.945849       5.385032       5.756397       5.758103       4.943458       3.637934       2.951881       2.752215       3.164807       3.541585       3.388683       1.70141E+38    1.70141E+38    1.70141E+38    

4.908743       4.92227        4.749242       4.407985       4.224496       4.244412       4.356995       4.89292        5.325352       5.367865       5.322433       5.491667       5.894777       5.800667       5.191113       3.628049       1.576251       1.305315       1.97277        2.982389       1.70141E+38    1.70141E+38    1.70141E+38    

4.085043       4.031924       3.952647       3.848744       3.840835       3.980148       4.312271       4.750108       5.107606       5.248275       5.09632        4.765266       5.058523       5.585436       5.707718       5.459025       3.774082       1.18494        .9889945       1.065405       1.70141E+38    1.70141E+38    1.70141E+38    

3.285439       3.569953       3.788545       4.187043       4.554344       4.820422       4.995702       4.914302       4.845542       4.884374       4.787128       4.133914       4.125609       4.553303       4.63438        5.16621        5.008209       4.257315       2.094618       .799466        1.70141E+38    1.70141E+38    1.70141E+38    

1.70141E+38    1.70141E+38    1.70141E+38    1.70141E+38    1.70141E+38    1.70141E+38    1.70141E+38    1.70141E+38    1.70141E+38    1.70141E+38    1.70141E+38    1.70141E+38    1.70141E+38    1.70141E+38    1.70141E+38    1.70141E+38    1.70141E+38    1.70141E+38    1.70141E+38    1.70141E+38    1.70141E+38    1.70141E+38    1.70141E+38    

1.70141E+38    1.70141E+38    1.70141E+38    1.70141E+38    1.70141E+38    1.70141E+38    1.70141E+38    1.70141E+38    1.70141E+38    1.70141E+38    1.70141E+38    1.70141E+38    1.70141E+38    1.70141E+38    1.70141E+38    1.70141E+38    1.70141E+38    1.70141E+38    1.70141E+38    1.70141E+38    1.70141E+38    1.70141E+38    1.70141E+38    

1.70141E+38    1.70141E+38    1.70141E+38    1.70141E+38    1.70141E+38    1.70141E+38    1.70141E+38    1.70141E+38    1.70141E+38    1.70141E+38    1.70141E+38    1.70141E+38    1.70141E+38    1.70141E+38    1.70141E+38    1.70141E+38    1.70141E+38    1.70141E+38    1.70141E+38    1.70141E+38    1.70141E+38    1.70141E+38    1.70141E+38    

1.70141E+38    1.70141E+38    1.70141E+38    1.70141E+38    1.70141E+38    1.70141E+38    1.70141E+38    1.70141E+38    1.70141E+38    1.70141E+38    1.70141E+38    1.70141E+38    1.70141E+38    1.70141E+38    1.70141E+38    1.70141E+38    1.70141E+38    1.70141E+38    1.70141E+38    1.70141E+38    1.70141E+38    1.70141E+38    1.70141E+38    

1.70141E+38    1.70141E+38    1.70141E+38    1.70141E+38    1.70141E+38    1.70141E+38    1.70141E+38    1.70141E+38    1.70141E+38    1.70141E+38    1.70141E+38    1.70141E+38    1.70141E+38    1.70141E+38    1.70141E+38    1.70141E+38    1.70141E+38    1.70141E+38    1.70141E+38    1.70141E+38    1.70141E+38    1.70141E+38    1.70141E+38    

1.70141E+38    1.70141E+38    1.70141E+38    1.70141E+38    1.70141E+38    1.70141E+38    1.70141E+38    1.70141E+38    1.70141E+38    1.70141E+38    1.70141E+38    1.70141E+38    1.70141E+38    1.70141E+38    1.70141E+38    1.70141E+38    1.70141E+38    1.70141E+38    1.70141E+38    1.70141E+38    1.70141E+38    1.70141E+38    1.70141E+38    

1.70141E+38    1.70141E+38    1.70141E+38    1.70141E+38    1.70141E+38    1.70141E+38    1.70141E+38    1.70141E+38    1.70141E+38    1.70141E+38    1.70141E+38    1.70141E+38    1.70141E+38    1.70141E+38    1.70141E+38    1.70141E+38    1.70141E+38    1.70141E+38    1.70141E+38    1.70141E+38    1.70141E+38    1.70141E+38    1.70141E+38    

1.70141E+38    1.70141E+38    1.70141E+38    1.70141E+38    1.70141E+38    1.70141E+38    1.70141E+38    1.70141E+38    1.70141E+38    1.70141E+38    1.70141E+38    1.70141E+38    1.70141E+38    1.70141E+38    1.70141E+38    1.70141E+38    1.70141E+38    1.70141E+38    1.70141E+38    1.70141E+38    1.70141E+38    1.70141E+38    1.70141E+38    

