py_wake/examples/data/ParqueFicticio/Ridge area   Sector 5   Height 200m   Weibull-A.grd
DSAA
23  33
 262878   265078
 6504214   6507414
 9.516006   13.21504
1.70141E+38    1.70141E+38    1.70141E+38    1.70141E+38    1.70141E+38    1.70141E+38    1.70141E+38    1.70141E+38    1.70141E+38    1.70141E+38    1.70141E+38    1.70141E+38    1.70141E+38    1.70141E+38    1.70141E+38    1.70141E+38    1.70141E+38    1.70141E+38    1.70141E+38    1.70141E+38    1.70141E+38    1.70141E+38    1.70141E+38    

1.70141E+38    1.70141E+38    1.70141E+38    1.70141E+38    1.70141E+38    1.70141E+38    1.70141E+38    1.70141E+38    1.70141E+38    1.70141E+38    1.70141E+38    1.70141E+38    1.70141E+38    1.70141E+38    1.70141E+38    1.70141E+38    1.70141E+38    1.70141E+38    1.70141E+38    1.70141E+38    1.70141E+38    1.70141E+38    1.70141E+38    

1.70141E+38    1.70141E+38    1.70141E+38    1.70141E+38    1.70141E+38    1.70141E+38    1.70141E+38    1.70141E+38    1.70141E+38    1.70141E+38    1.70141E+38    1.70141E+38    1.70141E+38    1.70141E+38    1.70141E+38    1.70141E+38    1.70141E+38    1.70141E+38    1.70141E+38    1.70141E+38    1.70141E+38    1.70141E+38    1.70141E+38    

1.70141E+38    1.70141E+38    1.70141E+38    1.70141E+38    1.70141E+38    1.70141E+38    1.70141E+38    1.70141E+38    1.70141E+38    1.70141E+38    1.70141E+38    1.70141E+38    1.70141E+38    1.70141E+38    1.70141E+38    1.70141E+38    1.70141E+38    1.70141E+38    1.70141E+38    1.70141E+38    1.70141E+38    1.70141E+38    1.70141E+38    

1.70141E+38    1.70141E+38    1.70141E+38    1.70141E+38    1.70141E+38    1.70141E+38    1.70141E+38    1.70141E+38    1.70141E+38    1.70141E+38    1.70141E+38    1.70141E+38    1.70141E+38    1.70141E+38    1.70141E+38    1.70141E+38    1.70141E+38    1.70141E+38    1.70141E+38    1.70141E+38    1.70141E+38    1.70141E+38    1.70141E+38    

10.49252       10.65379       10.86844       11.15116       11.45903       11.76401       12.02397       12.2617        12.43816       12.56758       12.57015       12.41803       12.12794       11.63558       10.98865       10.43013       10.04421       9.890852       10.047         10.39061       1.70141E+38    1.70141E+38    1.70141E+38    

10.46258       10.60652       10.76008       10.9746        11.26308       11.58614       11.93133       12.25609       12.52754       12.71765       12.76674       12.62412       12.25852       11.6012        10.81139       10.23017       9.906224       9.914082       10.29433       10.6756        1.70141E+38    1.70141E+38    1.70141E+38    

10.34702       10.55695       10.76502       10.90036       11.05026       11.29097       11.60501       11.98814       12.38442       12.70548       12.85852       12.7587        12.35791       11.60573       10.75969       10.16358       9.886916       10.0646        10.5783        10.91512       1.70141E+38    1.70141E+38    1.70141E+38    

10.18339       10.39957       10.6598        10.85605       11.01876       11.22625       11.47733       11.79964       12.1784        12.5819        12.8673        12.84939       12.46683       11.70104       10.87624       10.31181       10.02205       10.2744        10.84237       11.13373       1.70141E+38    1.70141E+38    1.70141E+38    

10.04065       10.22025       10.51146       10.78142       11.0161        11.31123       11.65432       12.02657       12.3371        12.63843       12.90501       12.92841       12.61595       11.97614       11.21276       10.63498       10.36814       10.57094       11.04339       11.31433       1.70141E+38    1.70141E+38    1.70141E+38    

10.04661       10.04527       10.35145       10.73261       11.06561       11.40032       11.79954       12.24039       12.59932       12.86113       13.04584       13.04855       12.77712       12.22615       11.49563       10.94065       10.82492       11.04149       11.32994       11.51268       1.70141E+38    1.70141E+38    1.70141E+38    

10.22809       9.90258        10.08974       10.54981       10.98502       11.38767       11.76954       12.21781       12.62545       12.94457       13.14723       13.1604        12.91303       12.36136       11.64476       11.23284       11.35231       11.57847       11.72515       11.76394       1.70141E+38    1.70141E+38    1.70141E+38    

10.62012       10.07252       9.82732        10.15091       10.60491       11.03359       11.42167       11.89562       12.40536       12.83921       13.13952       13.21504       13.00909       12.46897       11.77065       11.50641       11.73602       11.95416       12.04076       12.00477       1.70141E+38    1.70141E+38    1.70141E+38    

11.02491       10.60436       10.09301       10.08393       10.22269       10.60795       11.0603        11.49635       12.03241       12.59098       13.04246       13.21301       13.0685        12.57821       11.93951       11.74895       11.91404       12.07894       12.16074       12.14178       1.70141E+38    1.70141E+38    1.70141E+38    

11.27778       11.05704       10.68833       10.62928       10.52942       10.66035       11.09294       11.55266       12.03045       12.5083        12.96595       13.19883       13.1284        12.74477       12.19908       11.91253       11.86682       11.95318       12.04633       12.08579       1.70141E+38    1.70141E+38    1.70141E+38    

11.39242       11.35126       11.16309       11.12578       11.09294       11.10186       11.3799        11.77325       12.20804       12.61514       12.98189       13.19738       13.18504       12.91352       12.43905       11.96514       11.63692       11.59016       11.68255       11.76326       1.70141E+38    1.70141E+38    1.70141E+38    

11.37832       11.44658       11.36811       11.33536       11.40297       11.49775       11.66601       11.91124       12.2435        12.59776       12.9374        13.16844       13.19811       13.01128       12.58659       11.96649       11.32199       11.03327       11.10316       11.24588       1.70141E+38    1.70141E+38    1.70141E+38    

11.10619       11.2495        11.197         11.12791       11.2772        11.42464       11.60732       11.8323        12.11266       12.41717       12.76981       13.06914       13.15884       13.03109       12.67194       12.06769       11.3656        10.79549       10.60505       10.70801       1.70141E+38    1.70141E+38    1.70141E+38    

10.62441       10.7284        10.62079       10.55555       10.75981       11.01273       11.25003       11.46193       11.72911       12.04358       12.49799       12.91627       13.06067       12.97439       12.65408       12.11205       11.49581       10.88721       10.41054       10.28232       1.70141E+38    1.70141E+38    1.70141E+38    

9.995329       10.07668       10.13581       10.18793       10.37148       10.68118       10.86516       11.05511       11.39639       11.90619       12.41286       12.8073        12.92972       12.83787       12.55463       12.11766       11.60616       11.0615        10.58514       10.20669       1.70141E+38    1.70141E+38    1.70141E+38    

9.832758       10.11612       10.41896       10.6582        10.78705       10.9053        11.07488       11.26437       11.56817       12.05815       12.50756       12.77826       12.8401        12.64735       12.32646       12.01924       11.69311       11.34354       10.98219       10.59844       1.70141E+38    1.70141E+38    1.70141E+38    

10.24824       10.57375       10.76572       10.92881       11.01216       11.13819       11.2933        11.55171       11.84411       12.2136        12.54623       12.75338       12.80029       12.60734       12.18453       11.81183       11.5548        11.35722       11.17316       10.90626       1.70141E+38    1.70141E+38    1.70141E+38    

10.3506        10.56642       10.63775       10.68128       10.77303       10.94806       11.21144       11.62677       12.00631       12.28029       12.48585       12.63952       12.73135       12.6588        12.37036       11.94158       11.49228       11.16204       11.00543       10.87672       1.70141E+38    1.70141E+38    1.70141E+38    

10.07371       10.18844       10.24318       10.36046       10.57735       10.86125       11.25131       11.67271       12.00306       12.22576       12.33473       12.39404       12.5198        12.5715        12.45036       12.23594       11.87516       11.33569       10.88144       10.63233       1.70141E+38    1.70141E+38    1.70141E+38    

9.516006       9.747037       10.00642       10.36307       10.73659       11.11479       11.47349       11.72557       11.91318       12.06181       12.13475       12.09249       12.16236       12.27188       12.25943       12.26346       12.15001       11.8265        11.31899       10.82467       1.70141E+38    1.70141E+38    1.70141E+38    

1.70141E+38    1.70141E+38    1.70141E+38    1.70141E+38    1.70141E+38    1.70141E+38    1.70141E+38    1.70141E+38    1.70141E+38    1.70141E+38    1.70141E+38    1.70141E+38    1.70141E+38    1.70141E+38    1.70141E+38    1.70141E+38    1.70141E+38    1.70141E+38    1.70141E+38    1.70141E+38    1.70141E+38    1.70141E+38    1.70141E+38    

1.70141E+38    1.70141E+38    1.70141E+38    1.70141E+38    1.70141E+38    1.70141E+38    1.70141E+38    1.70141E+38    1.70141E+38    1.70141E+38    1.70141E+38    1.70141E+38    1.70141E+38    1.70141E+38    1.70141E+38    1.70141E+38    1.70141E+38    1.70141E+38    1.70141E+38    1.70141E+38    1.70141E+38    1.70141E+38    1.70141E+38    

1.70141E+38    1.70141E+38    1.70141E+38    1.70141E+38    1.70141E+38    1.70141E+38    1.70141E+38    1.70141E+38    1.70141E+38    1.70141E+38    1.70141E+38    1.70141E+38    1.70141E+38    1.70141E+38    1.70141E+38    1.70141E+38    1.70141E+38    1.70141E+38    1.70141E+38    1.70141E+38    1.70141E+38    1.70141E+38    1.70141E+38    

1.70141E+38    1.70141E+38    1.70141E+38    1.70141E+38    1.70141E+38    1.70141E+38    1.70141E+38    1.70141E+38    1.70141E+38    1.70141E+38    1.70141E+38    1.70141E+38    1.70141E+38    1.70141E+38    1.70141E+38    1.70141E+38    1.70141E+38    1.70141E+38    1.70141E+38    1.70141E+38    1.70141E+38    1.70141E+38    1.70141E+38    

1.70141E+38    1.70141E+38    1.70141E+38    1.70141E+38    1.70141E+38    1.70141E+38    1.70141E+38    1.70141E+38    1.70141E+38    1.70141E+38    1.70141E+38    1.70141E+38    1.70141E+38    1.70141E+38    1.70141E+38    1.70141E+38    1.70141E+38    1.70141E+38    1.70141E+38    1.70141E+38    1.70141E+38    1.70141E+38    1.70141E+38    

1.70141E+38    1.70141E+38    1.70141E+38    1.70141E+38    1.70141E+38    1.70141E+38    1.70141E+38    1.70141E+38    1.70141E+38    1.70141E+38    1.70141E+38    1.70141E+38    1.70141E+38    1.70141E+38    1.70141E+38    1.70141E+38    1.70141E+38    1.70141E+38    1.70141E+38    1.70141E+38    1.70141E+38    1.70141E+38    1.70141E+38    

1.70141E+38    1.70141E+38    1.70141E+38    1.70141E+38    1.70141E+38    1.70141E+38    1.70141E+38    1.70141E+38    1.70141E+38    1.70141E+38    1.70141E+38    1.70141E+38    1.70141E+38    1.70141E+38    1.70141E+38    1.70141E+38    1.70141E+38    1.70141E+38    1.70141E+38    1.70141E+38    1.70141E+38    1.70141E+38    1.70141E+38    

1.70141E+38    1.70141E+38    1.70141E+38    1.70141E+38    1.70141E+38    1.70141E+38    1.70141E+38    1.70141E+38    1.70141E+38    1.70141E+38    1.70141E+38    1.70141E+38    1.70141E+38    1.70141E+38    1.70141E+38    1.70141E+38    1.70141E+38    1.70141E+38    1.70141E+38    1.70141E+38    1.70141E+38    1.70141E+38    1.70141E+38    

