py_wake/examples/data/ParqueFicticio/Ridge area   Sector 3   Height 30m   Weibull-A.grd
DSAA
23  33
 262878   265078
 6504214   6507414
 .2558208   7.71893
1.70141E+38    1.70141E+38    1.70141E+38    1.70141E+38    1.70141E+38    1.70141E+38    1.70141E+38    1.70141E+38    1.70141E+38    1.70141E+38    1.70141E+38    1.70141E+38    1.70141E+38    1.70141E+38    1.70141E+38    1.70141E+38    1.70141E+38    1.70141E+38    1.70141E+38    1.70141E+38    1.70141E+38    1.70141E+38    1.70141E+38    

1.70141E+38    1.70141E+38    1.70141E+38    1.70141E+38    1.70141E+38    1.70141E+38    1.70141E+38    1.70141E+38    1.70141E+38    1.70141E+38    1.70141E+38    1.70141E+38    1.70141E+38    1.70141E+38    1.70141E+38    1.70141E+38    1.70141E+38    1.70141E+38    1.70141E+38    1.70141E+38    1.70141E+38    1.70141E+38    1.70141E+38    

1.70141E+38    1.70141E+38    1.70141E+38    1.70141E+38    1.70141E+38    1.70141E+38    1.70141E+38    1.70141E+38    1.70141E+38    1.70141E+38    1.70141E+38    1.70141E+38    1.70141E+38    1.70141E+38    1.70141E+38    1.70141E+38    1.70141E+38    1.70141E+38    1.70141E+38    1.70141E+38    1.70141E+38    1.70141E+38    1.70141E+38    

1.70141E+38    1.70141E+38    1.70141E+38    1.70141E+38    1.70141E+38    1.70141E+38    1.70141E+38    1.70141E+38    1.70141E+38    1.70141E+38    1.70141E+38    1.70141E+38    1.70141E+38    1.70141E+38    1.70141E+38    1.70141E+38    1.70141E+38    1.70141E+38    1.70141E+38    1.70141E+38    1.70141E+38    1.70141E+38    1.70141E+38    

1.70141E+38    1.70141E+38    1.70141E+38    1.70141E+38    1.70141E+38    1.70141E+38    1.70141E+38    1.70141E+38    1.70141E+38    1.70141E+38    1.70141E+38    1.70141E+38    1.70141E+38    1.70141E+38    1.70141E+38    1.70141E+38    1.70141E+38    1.70141E+38    1.70141E+38    1.70141E+38    1.70141E+38    1.70141E+38    1.70141E+38    

1.326799       1.153195       1.055984       1.201335       1.586267       2.112225       2.492989       3.048261       3.479613       4.196293       4.953501       5.467426       5.834843       4.714174       2.987926       1.959375       1.277378       .8267358       .6975783       1.187113       1.70141E+38    1.70141E+38    1.70141E+38    

1.449943       1.352149       1.215775       1.153808       1.290497       1.683852       2.306402       3.115648       3.865592       4.500193       5.131637       5.620726       5.379143       3.878233       1.981244       1.315885       .805349        .6066359       .8337745       2.870388       1.70141E+38    1.70141E+38    1.70141E+38    

1.432407       1.490198       1.566203       1.451843       1.252564       1.277904       1.617242       2.277771       3.188832       4.103277       4.874297       5.357925       4.720631       3.16171        1.866477       1.172005       .6040072       .585421        1.007411       4.439723       1.70141E+38    1.70141E+38    1.70141E+38    

1.316921       1.377564       1.50245        1.49321        1.39116        1.364173       1.480638       1.957791       2.698354       3.571195       4.634874       5.306123       4.32726        2.763942       1.484925       .9947307       .5404593       .7638223       2.463443       5.085874       1.70141E+38    1.70141E+38    1.70141E+38    

1.209556       1.255878       1.391074       1.454536       1.408503       1.54305        1.844378       2.544989       3.17433        3.830107       4.649768       5.340495       4.735757       3.587805       2.072278       .800205        .6366224       .9021527       3.42922        5.387296       1.70141E+38    1.70141E+38    1.70141E+38    

1.439879       1.284637       1.390642       1.683378       1.904058       2.139977       2.530458       3.398007       4.194939       4.564192       5.010429       5.616724       5.234033       4.242833       2.462663       1.587902       .7080325       1.936824       4.391927       5.745905       1.70141E+38    1.70141E+38    1.70141E+38    

1.993132       1.608024       1.463362       1.794825       2.277557       2.777571       3.189467       3.881955       4.530225       4.938759       5.310299       5.792309       5.389261       3.974128       2.046842       2.045664       .696097        4.224529       5.523846       6.517406       1.70141E+38    1.70141E+38    1.70141E+38    

2.684475       1.906788       1.463227       1.71734        1.906924       2.133576       2.264007       2.915451       3.809712       4.509166       5.194468       5.848811       5.644356       3.989858       1.803453       .3669966       3.960566       5.937678       6.711457       6.829858       1.70141E+38    1.70141E+38    1.70141E+38    

3.238181       2.620126       1.726286       1.548165       .9407071       .9202473       1.011974       1.53745        2.348559       3.487406       4.917091       5.97908        6.007075       4.717443       3.099489       4.137134       6.057499       6.879999       6.986041       6.506192       1.70141E+38    1.70141E+38    1.70141E+38    

3.528726       3.081852       2.389935       2.439187       1.72043        1.314037       1.869379       2.343921       3.02127        3.802897       5.16958        6.314898       6.347304       5.700619       5.708896       6.27731        6.745656       6.894561       6.594678       5.978664       1.70141E+38    1.70141E+38    1.70141E+38    

3.645926       3.522503       3.124456       3.187999       2.953821       2.533748       2.922408       3.631207       4.587687       5.314759       6.020201       6.556723       6.615681       6.347438       6.776979       6.800522       6.335238       6.079366       5.747736       5.17144        1.70141E+38    1.70141E+38    1.70141E+38    

3.954247       4.044162       3.773249       3.59845        3.776412       4.025439       4.344429       4.759053       5.469778       5.968021       6.198364       6.558066       6.56997        6.679888       6.87415        6.323587       5.370141       5.006217       4.917076       4.677939       1.70141E+38    1.70141E+38    1.70141E+38    

3.807427       3.754139       3.200233       2.829969       3.255512       3.708399       4.206124       4.615715       5.096777       5.276689       5.643428       6.251886       6.673871       6.838213       6.548197       5.844272       5.176104       4.638713       4.350662       4.304862       1.70141E+38    1.70141E+38    1.70141E+38    

3.003789       2.65983        1.885089       1.466638       1.647088       1.900637       2.229482       2.289581       2.241115       2.164951       3.926373       6.245487       7.007474       6.797361       5.943909       5.127433       4.757097       4.399497       4.023091       3.953102       1.70141E+38    1.70141E+38    1.70141E+38    

1.974025       1.483305       1.171287       .9695623       .9096648       .9680986       .568059        .2558208       .6144792       1.394198       4.025135       6.73167        7.24597        6.57632        5.557324       4.838737       4.357838       3.923491       3.863409       3.976425       1.70141E+38    1.70141E+38    1.70141E+38    

1.625233       1.577258       1.746558       1.980124       1.973763       1.719243       1.326206       .7528604       .7986139       3.526491       6.261481       7.260283       7.026329       5.725158       4.91577        4.605491       4.405422       4.247094       4.178936       4.177448       1.70141E+38    1.70141E+38    1.70141E+38    

2.530813       2.83015        2.868245       2.864857       2.623086       2.767347       2.634284       3.08719        4.147347       6.313043       7.451538       7.287487       6.464412       5.272667       4.393765       4.133627       4.149671       4.252369       4.355784       4.292916       1.70141E+38    1.70141E+38    1.70141E+38    

3.369417       3.285703       2.578386       1.536291       .9170804       .8840895       1.763615       4.521085       6.462517       7.372546       7.71893        6.826734       6.024947       5.263966       4.529355       4.103113       3.85124        3.840558       3.987669       4.073828       1.70141E+38    1.70141E+38    1.70141E+38    

3.173484       2.528968       1.573233       .8658428       .8395392       .6238493       2.761164       6.063141       7.259856       7.495842       6.629828       5.631209       5.368659       5.112454       4.627682       4.436119       4.142928       3.687944       3.544416       3.551359       1.70141E+38    1.70141E+38    1.70141E+38    

2.534779       2.306385       2.032948       2.207189       2.647021       3.887604       5.866595       6.970365       7.236039       6.580173       5.626165       4.888741       4.752766       4.581032       4.222177       4.473648       4.45997        4.054244       3.670344       3.508752       1.70141E+38    1.70141E+38    1.70141E+38    

1.70141E+38    1.70141E+38    1.70141E+38    1.70141E+38    1.70141E+38    1.70141E+38    1.70141E+38    1.70141E+38    1.70141E+38    1.70141E+38    1.70141E+38    1.70141E+38    1.70141E+38    1.70141E+38    1.70141E+38    1.70141E+38    1.70141E+38    1.70141E+38    1.70141E+38    1.70141E+38    1.70141E+38    1.70141E+38    1.70141E+38    

1.70141E+38    1.70141E+38    1.70141E+38    1.70141E+38    1.70141E+38    1.70141E+38    1.70141E+38    1.70141E+38    1.70141E+38    1.70141E+38    1.70141E+38    1.70141E+38    1.70141E+38    1.70141E+38    1.70141E+38    1.70141E+38    1.70141E+38    1.70141E+38    1.70141E+38    1.70141E+38    1.70141E+38    1.70141E+38    1.70141E+38    

1.70141E+38    1.70141E+38    1.70141E+38    1.70141E+38    1.70141E+38    1.70141E+38    1.70141E+38    1.70141E+38    1.70141E+38    1.70141E+38    1.70141E+38    1.70141E+38    1.70141E+38    1.70141E+38    1.70141E+38    1.70141E+38    1.70141E+38    1.70141E+38    1.70141E+38    1.70141E+38    1.70141E+38    1.70141E+38    1.70141E+38    

1.70141E+38    1.70141E+38    1.70141E+38    1.70141E+38    1.70141E+38    1.70141E+38    1.70141E+38    1.70141E+38    1.70141E+38    1.70141E+38    1.70141E+38    1.70141E+38    1.70141E+38    1.70141E+38    1.70141E+38    1.70141E+38    1.70141E+38    1.70141E+38    1.70141E+38    1.70141E+38    1.70141E+38    1.70141E+38    1.70141E+38    

1.70141E+38    1.70141E+38    1.70141E+38    1.70141E+38    1.70141E+38    1.70141E+38    1.70141E+38    1.70141E+38    1.70141E+38    1.70141E+38    1.70141E+38    1.70141E+38    1.70141E+38    1.70141E+38    1.70141E+38    1.70141E+38    1.70141E+38    1.70141E+38    1.70141E+38    1.70141E+38    1.70141E+38    1.70141E+38    1.70141E+38    

1.70141E+38    1.70141E+38    1.70141E+38    1.70141E+38    1.70141E+38    1.70141E+38    1.70141E+38    1.70141E+38    1.70141E+38    1.70141E+38    1.70141E+38    1.70141E+38    1.70141E+38    1.70141E+38    1.70141E+38    1.70141E+38    1.70141E+38    1.70141E+38    1.70141E+38    1.70141E+38    1.70141E+38    1.70141E+38    1.70141E+38    

1.70141E+38    1.70141E+38    1.70141E+38    1.70141E+38    1.70141E+38    1.70141E+38    1.70141E+38    1.70141E+38    1.70141E+38    1.70141E+38    1.70141E+38    1.70141E+38    1.70141E+38    1.70141E+38    1.70141E+38    1.70141E+38    1.70141E+38    1.70141E+38    1.70141E+38    1.70141E+38    1.70141E+38    1.70141E+38    1.70141E+38    

1.70141E+38    1.70141E+38    1.70141E+38    1.70141E+38    1.70141E+38    1.70141E+38    1.70141E+38    1.70141E+38    1.70141E+38    1.70141E+38    1.70141E+38    1.70141E+38    1.70141E+38    1.70141E+38    1.70141E+38    1.70141E+38    1.70141E+38    1.70141E+38    1.70141E+38    1.70141E+38    1.70141E+38    1.70141E+38    1.70141E+38    

