py_wake/examples/data/ParqueFicticio/Ridge area   Sector 7   Height 30m   Weibull-k.grd
DSAA
23  33
 262878   265078
 6504214   6507414
 1.103516   2.392578
1.70141E+38    1.70141E+38    1.70141E+38    1.70141E+38    1.70141E+38    1.70141E+38    1.70141E+38    1.70141E+38    1.70141E+38    1.70141E+38    1.70141E+38    1.70141E+38    1.70141E+38    1.70141E+38    1.70141E+38    1.70141E+38    1.70141E+38    1.70141E+38    1.70141E+38    1.70141E+38    1.70141E+38    1.70141E+38    1.70141E+38    

1.70141E+38    1.70141E+38    1.70141E+38    1.70141E+38    1.70141E+38    1.70141E+38    1.70141E+38    1.70141E+38    1.70141E+38    1.70141E+38    1.70141E+38    1.70141E+38    1.70141E+38    1.70141E+38    1.70141E+38    1.70141E+38    1.70141E+38    1.70141E+38    1.70141E+38    1.70141E+38    1.70141E+38    1.70141E+38    1.70141E+38    

1.70141E+38    1.70141E+38    1.70141E+38    1.70141E+38    1.70141E+38    1.70141E+38    1.70141E+38    1.70141E+38    1.70141E+38    1.70141E+38    1.70141E+38    1.70141E+38    1.70141E+38    1.70141E+38    1.70141E+38    1.70141E+38    1.70141E+38    1.70141E+38    1.70141E+38    1.70141E+38    1.70141E+38    1.70141E+38    1.70141E+38    

1.70141E+38    1.70141E+38    1.70141E+38    1.70141E+38    1.70141E+38    1.70141E+38    1.70141E+38    1.70141E+38    1.70141E+38    1.70141E+38    1.70141E+38    1.70141E+38    1.70141E+38    1.70141E+38    1.70141E+38    1.70141E+38    1.70141E+38    1.70141E+38    1.70141E+38    1.70141E+38    1.70141E+38    1.70141E+38    1.70141E+38    

1.70141E+38    1.70141E+38    1.70141E+38    1.70141E+38    1.70141E+38    1.70141E+38    1.70141E+38    1.70141E+38    1.70141E+38    1.70141E+38    1.70141E+38    1.70141E+38    1.70141E+38    1.70141E+38    1.70141E+38    1.70141E+38    1.70141E+38    1.70141E+38    1.70141E+38    1.70141E+38    1.70141E+38    1.70141E+38    1.70141E+38    

2.228516       2.228516       2.232422       2.232422       2.228516       2.228516       2.228516       2.208984       2.185547       2.216797       2.216797       2.216797       2.216797       2.216797       2.216797       1.568359       1.912109       1.650391       2.146484       2.205078       1.70141E+38    1.70141E+38    1.70141E+38    

2.236328       2.232422       2.212891       2.197266       2.193359       2.193359       2.193359       2.193359       2.193359       2.208984       2.216797       2.216797       2.216797       2.216797       1.564453       1.822266       1.705078       1.708984       2.193359       2.216797       1.70141E+38    1.70141E+38    1.70141E+38    

2.224609       2.232422       2.220703       2.193359       2.193359       2.216797       2.216797       2.216797       2.216797       2.216797       2.216797       2.216797       2.216797       2.173828       1.373047       2.044922       2.013672       1.970703       2.224609       2.216797       1.70141E+38    1.70141E+38    1.70141E+38    

2.205078       2.208984       2.208984       2.208984       2.193359       2.169922       2.216797       2.216797       2.216797       2.216797       2.216797       2.216797       2.216797       2.001953       1.263672       1.779297       1.978516       2.021484       2.216797       2.216797       1.70141E+38    1.70141E+38    1.70141E+38    

2.193359       2.193359       2.201172       2.208984       2.197266       2.181641       2.162109       2.162109       2.216797       2.216797       2.216797       2.216797       2.216797       1.396484       1.462891       1.521484       2.076172       2.130859       2.212891       2.216797       1.70141E+38    1.70141E+38    1.70141E+38    

2.216797       2.220703       2.185547       2.197266       2.197266       2.181641       2.173828       2.173828       2.173828       2.216797       2.216797       2.216797       2.216797       2.220703       1.369141       1.896484       1.912109       2.244141       2.216797       2.216797       1.70141E+38    1.70141E+38    1.70141E+38    

2.216797       2.208984       2.216797       2.201172       2.189453       2.181641       2.189453       2.189453       2.193359       2.193359       2.216797       2.216797       2.216797       2.228516       1.623047       1.712891       1.900391       2.208984       2.224609       2.232422       1.70141E+38    1.70141E+38    1.70141E+38    

2.181641       2.212891       2.068359       2.080078       2.189453       2.240234       2.240234       2.228516       2.216797       2.216797       2.216797       2.216797       2.216797       2.228516       1.802734       1.802734       2.263672       2.208984       2.228516       2.232422       1.70141E+38    1.70141E+38    1.70141E+38    

2.189453       2.205078       2.158203       1.998047       1.744141       2.064453       2.205078       2.169922       2.224609       2.216797       2.216797       2.216797       2.216797       2.220703       2.267578       2.275391       2.240234       2.224609       2.212891       2.197266       1.70141E+38    1.70141E+38    1.70141E+38    

2.208984       2.173828       2.177734       2.224609       2.091797       2.162109       2.232422       2.228516       2.216797       2.216797       2.216797       2.216797       2.216797       2.216797       2.240234       2.248047       2.248047       2.240234       2.201172       2.205078       1.70141E+38    1.70141E+38    1.70141E+38    

2.205078       2.193359       2.189453       2.185547       2.173828       2.244141       2.244141       2.236328       2.216797       2.216797       2.216797       2.216797       2.216797       2.216797       2.240234       2.244141       2.224609       2.228516       2.201172       2.236328       1.70141E+38    1.70141E+38    1.70141E+38    

2.181641       2.181641       2.201172       2.216797       2.205078       2.189453       2.201172       2.244141       2.232422       2.220703       2.216797       2.216797       2.216797       2.216797       2.224609       2.236328       2.162109       2.021484       2.142578       2.236328       1.70141E+38    1.70141E+38    1.70141E+38    

2.181641       2.146484       2.185547       2.212891       2.205078       2.216797       2.244141       2.244141       2.236328       2.220703       2.216797       2.216797       2.216797       2.216797       2.216797       2.232422       2.220703       2.240234       1.814453       2.232422       1.70141E+38    1.70141E+38    1.70141E+38    

2.216797       2.029297       1.736328       2.216797       2.041016       2.154297       2.212891       2.205078       2.193359       2.216797       2.216797       2.216797       2.216797       2.216797       2.216797       1.103516       2.166016       2.166016       2.275391       2.126953       1.70141E+38    1.70141E+38    1.70141E+38    

2.216797       1.392578       1.486328       2.216797       2.216797       2.216797       2.216797       2.216797       2.216797       2.216797       2.216797       2.216797       2.216797       2.216797       2.216797       2.189453       2.056641       2.037109       1.912109       2.013672       1.70141E+38    1.70141E+38    1.70141E+38    

2.216797       2.216797       2.216797       2.216797       2.216797       2.216797       2.216797       2.216797       2.216797       2.216797       2.216797       2.216797       2.216797       2.216797       2.158203       2.033203       2.056641       1.337891       1.623047       1.873047       1.70141E+38    1.70141E+38    1.70141E+38    

2.220703       2.212891       2.220703       2.224609       2.154297       2.212891       2.216797       2.216797       2.216797       2.224609       2.224609       2.216797       2.216797       1.427734       1.935547       2.009766       1.935547       1.873047       1.642578       1.810547       1.70141E+38    1.70141E+38    1.70141E+38    

2.240234       2.236328       2.232422       2.216797       2.216797       2.216797       2.216797       2.216797       2.220703       2.232422       2.232422       2.216797       2.216797       1.443359       1.548828       1.939453       1.935547       1.998047       1.998047       1.857422       1.70141E+38    1.70141E+38    1.70141E+38    

2.240234       2.220703       2.216797       2.216797       2.216797       2.216797       2.216797       2.236328       2.236328       2.232422       2.220703       2.216797       2.216797       1.931641       1.189453       1.248047       1.427734       1.697266       1.771484       1.767578       1.70141E+38    1.70141E+38    1.70141E+38    

2.216797       2.216797       2.185547       2.162109       2.162109       2.212891       2.224609       2.240234       2.236328       2.220703       2.216797       2.392578       1.341797       1.673828       1.400391       1.701172       1.861328       1.806641       1.541016       1.552734       1.70141E+38    1.70141E+38    1.70141E+38    

1.70141E+38    1.70141E+38    1.70141E+38    1.70141E+38    1.70141E+38    1.70141E+38    1.70141E+38    1.70141E+38    1.70141E+38    1.70141E+38    1.70141E+38    1.70141E+38    1.70141E+38    1.70141E+38    1.70141E+38    1.70141E+38    1.70141E+38    1.70141E+38    1.70141E+38    1.70141E+38    1.70141E+38    1.70141E+38    1.70141E+38    

1.70141E+38    1.70141E+38    1.70141E+38    1.70141E+38    1.70141E+38    1.70141E+38    1.70141E+38    1.70141E+38    1.70141E+38    1.70141E+38    1.70141E+38    1.70141E+38    1.70141E+38    1.70141E+38    1.70141E+38    1.70141E+38    1.70141E+38    1.70141E+38    1.70141E+38    1.70141E+38    1.70141E+38    1.70141E+38    1.70141E+38    

1.70141E+38    1.70141E+38    1.70141E+38    1.70141E+38    1.70141E+38    1.70141E+38    1.70141E+38    1.70141E+38    1.70141E+38    1.70141E+38    1.70141E+38    1.70141E+38    1.70141E+38    1.70141E+38    1.70141E+38    1.70141E+38    1.70141E+38    1.70141E+38    1.70141E+38    1.70141E+38    1.70141E+38    1.70141E+38    1.70141E+38    

1.70141E+38    1.70141E+38    1.70141E+38    1.70141E+38    1.70141E+38    1.70141E+38    1.70141E+38    1.70141E+38    1.70141E+38    1.70141E+38    1.70141E+38    1.70141E+38    1.70141E+38    1.70141E+38    1.70141E+38    1.70141E+38    1.70141E+38    1.70141E+38    1.70141E+38    1.70141E+38    1.70141E+38    1.70141E+38    1.70141E+38    

1.70141E+38    1.70141E+38    1.70141E+38    1.70141E+38    1.70141E+38    1.70141E+38    1.70141E+38    1.70141E+38    1.70141E+38    1.70141E+38    1.70141E+38    1.70141E+38    1.70141E+38    1.70141E+38    1.70141E+38    1.70141E+38    1.70141E+38    1.70141E+38    1.70141E+38    1.70141E+38    1.70141E+38    1.70141E+38    1.70141E+38    

1.70141E+38    1.70141E+38    1.70141E+38    1.70141E+38    1.70141E+38    1.70141E+38    1.70141E+38    1.70141E+38    1.70141E+38    1.70141E+38    1.70141E+38    1.70141E+38    1.70141E+38    1.70141E+38    1.70141E+38    1.70141E+38    1.70141E+38    1.70141E+38    1.70141E+38    1.70141E+38    1.70141E+38    1.70141E+38    1.70141E+38    

1.70141E+38    1.70141E+38    1.70141E+38    1.70141E+38    1.70141E+38    1.70141E+38    1.70141E+38    1.70141E+38    1.70141E+38    1.70141E+38    1.70141E+38    1.70141E+38    1.70141E+38    1.70141E+38    1.70141E+38    1.70141E+38    1.70141E+38    1.70141E+38    1.70141E+38    1.70141E+38    1.70141E+38    1.70141E+38    1.70141E+38    

1.70141E+38    1.70141E+38    1.70141E+38    1.70141E+38    1.70141E+38    1.70141E+38    1.70141E+38    1.70141E+38    1.70141E+38    1.70141E+38    1.70141E+38    1.70141E+38    1.70141E+38    1.70141E+38    1.70141E+38    1.70141E+38    1.70141E+38    1.70141E+38    1.70141E+38    1.70141E+38    1.70141E+38    1.70141E+38    1.70141E+38    

