py_wake/examples/data/ParqueFicticio/Ridge area   Sector 4   Height 30m   Weibull-A.grd
DSAA
23  33
 262878   265078
 6504214   6507414
 .4189642   10.60584
1.70141E+38    1.70141E+38    1.70141E+38    1.70141E+38    1.70141E+38    1.70141E+38    1.70141E+38    1.70141E+38    1.70141E+38    1.70141E+38    1.70141E+38    1.70141E+38    1.70141E+38    1.70141E+38    1.70141E+38    1.70141E+38    1.70141E+38    1.70141E+38    1.70141E+38    1.70141E+38    1.70141E+38    1.70141E+38    1.70141E+38    

1.70141E+38    1.70141E+38    1.70141E+38    1.70141E+38    1.70141E+38    1.70141E+38    1.70141E+38    1.70141E+38    1.70141E+38    1.70141E+38    1.70141E+38    1.70141E+38    1.70141E+38    1.70141E+38    1.70141E+38    1.70141E+38    1.70141E+38    1.70141E+38    1.70141E+38    1.70141E+38    1.70141E+38    1.70141E+38    1.70141E+38    

1.70141E+38    1.70141E+38    1.70141E+38    1.70141E+38    1.70141E+38    1.70141E+38    1.70141E+38    1.70141E+38    1.70141E+38    1.70141E+38    1.70141E+38    1.70141E+38    1.70141E+38    1.70141E+38    1.70141E+38    1.70141E+38    1.70141E+38    1.70141E+38    1.70141E+38    1.70141E+38    1.70141E+38    1.70141E+38    1.70141E+38    

1.70141E+38    1.70141E+38    1.70141E+38    1.70141E+38    1.70141E+38    1.70141E+38    1.70141E+38    1.70141E+38    1.70141E+38    1.70141E+38    1.70141E+38    1.70141E+38    1.70141E+38    1.70141E+38    1.70141E+38    1.70141E+38    1.70141E+38    1.70141E+38    1.70141E+38    1.70141E+38    1.70141E+38    1.70141E+38    1.70141E+38    

1.70141E+38    1.70141E+38    1.70141E+38    1.70141E+38    1.70141E+38    1.70141E+38    1.70141E+38    1.70141E+38    1.70141E+38    1.70141E+38    1.70141E+38    1.70141E+38    1.70141E+38    1.70141E+38    1.70141E+38    1.70141E+38    1.70141E+38    1.70141E+38    1.70141E+38    1.70141E+38    1.70141E+38    1.70141E+38    1.70141E+38    

2.984845       2.843523       2.783771       3.044985       3.565871       4.310509       4.867206       5.765761       6.393703       7.494781       8.826834       9.430915       9.515792       8.027184       5.911177       4.074481       1.325693       1.11824        .9626163       3.527129       1.70141E+38    1.70141E+38    1.70141E+38    

2.741966       2.651781       2.530608       2.605964       2.973821       3.552187       4.445567       5.676342       6.81609        7.814572       9.11168        9.817063       9.265648       7.063613       4.685366       2.902302       1.064886       .9363571       .6138489       6.000817       1.70141E+38    1.70141E+38    1.70141E+38    

2.320367       2.467442       2.623959       2.43581        2.209105       2.248842       2.663932       3.7928         5.591612       7.28293        8.890663       9.896458       8.657109       5.940607       3.84684        2.300777       .604503        .5859015       3.026945       7.249592       1.70141E+38    1.70141E+38    1.70141E+38    

1.877007       1.98192        2.176674       2.13993        1.901669       1.804922       1.9104         2.525305       3.945846       5.931609       8.306127       9.762108       7.989241       5.190565       3.294407       1.834455       .6686354       .7628586       4.77988        7.933806       1.70141E+38    1.70141E+38    1.70141E+38    

1.550697       1.554455       1.685087       1.763023       1.719979       1.971643       2.575428       3.887456       5.063229       6.332079       7.99823        9.440344       7.951109       5.440518       3.374687       1.442875       .6869999       .9466777       5.121169       8.222589       1.70141E+38    1.70141E+38    1.70141E+38    

1.446882       1.163841       1.353956       1.776665       2.131414       2.584657       3.463308       5.133906       6.571473       7.30604        8.262839       9.455308       8.45857        6.08756        3.439098       .5151343       .5956588       2.225473       6.408778       8.454246       1.70141E+38    1.70141E+38    1.70141E+38    

1.588627       .7914552       .7738582       1.378447       2.15957        2.975827       3.647546       5.154569       6.614782       7.572943       8.39225        9.513896       8.703579       6.026002       3.152009       .4189642       2.699307       6.200171       7.815931       8.59516        1.70141E+38    1.70141E+38    1.70141E+38    

2.449357       1.180983       .5730098       .5591624       .8348224       1.258427       1.658947       2.985152       4.928047       6.685717       8.116529       9.476495       8.999084       6.134072       3.176565       1.952919       5.678301       7.809083       8.548939       8.55055        1.70141E+38    1.70141E+38    1.70141E+38    

3.632746       2.238629       1.079516       .6574088       .924818        .9938447       .8648579       .5258848       1.614061       4.171681       7.467211       9.611911       9.380616       6.651459       4.445575       4.792102       7.038064       8.261479       8.673475       8.253933       1.70141E+38    1.70141E+38    1.70141E+38    

4.468981       3.439953       2.147159       1.823648       .9970452       .5625905       .8372713       1.667152       2.84987        4.529672       7.61001        9.818159       9.803842       7.931207       6.499934       6.648494       7.136634       7.818498       8.078392       7.701577       1.70141E+38    1.70141E+38    1.70141E+38    

4.994331       4.713799       3.573989       3.395489       2.845053       2.192741       2.585193       3.639863       5.509962       7.192721       8.697132       9.903628       10.07479       9.079285       7.701763       6.762371       5.794236       6.229702       6.930197       6.778787       1.70141E+38    1.70141E+38    1.70141E+38    

5.512654       5.65334        4.823107       4.43153        4.628701       4.747654       5.114099       5.643756       6.756019       7.800607       8.866045       9.93449        10.02928       9.808979       8.322386       6.438352       4.411543       3.842511       4.800081       5.539912       1.70141E+38    1.70141E+38    1.70141E+38    

5.434245       5.752517       4.993942       4.316118       5.048896       5.464809       5.933701       6.419003       7.104782       7.486769       8.212115       9.570377       10.30452       10.20467       8.797462       6.88996        5.28256        3.903206       3.609554       4.258378       1.70141E+38    1.70141E+38    1.70141E+38    

4.998974       4.761653       3.907288       3.499255       4.039655       4.599884       5.026479       5.131138       5.23758        5.13611        6.78008        9.55016        10.60584       10.22377       8.662745       7.103149       6.01256        4.8088         3.63264        3.034029       1.70141E+38    1.70141E+38    1.70141E+38    

3.821745       3.292233       2.861283       2.529082       2.530322       2.843881       2.473608       1.819866       1.828678       3.417753       6.910987       9.903256       10.50276       9.746385       8.397194       7.157933       6.319341       5.490438       4.758547       3.641123       1.70141E+38    1.70141E+38    1.70141E+38    

2.991416       2.920327       3.040839       3.189593       2.90723        2.504045       2.098217       1.489072       1.516913       5.319897       8.747355       10.1972        10.3986        8.55701        7.615422       7.14781        6.736112       6.359876       6.067969       5.531991       1.70141E+38    1.70141E+38    1.70141E+38    

3.760029       4.228454       4.281478       4.432189       3.993377       3.750542       3.390974       4.091005       5.661235       7.727533       9.276911       10.13069       9.94612        8.218918       6.861236       6.541843       6.526973       6.559722       6.643069       6.393687       1.70141E+38    1.70141E+38    1.70141E+38    

3.847897       4.208335       3.919383       3.462132       2.892029       2.685224       3.081774       5.579769       7.854819       8.778587       9.268726       9.438231       9.427161       8.400925       7.142915       6.507027       6.067032       5.961952       6.292521       6.423186       1.70141E+38    1.70141E+38    1.70141E+38    

2.679821       2.608976       2.191967       1.810708       1.492275       1.54647        3.805591       6.511054       8.147965       8.972034       8.824358       8.202085       8.4612         8.300022       7.530411       7.266132       6.637727       5.870076       5.650077       5.785296       1.70141E+38    1.70141E+38    1.70141E+38    

1.325842       1.267904       1.060463       1.083836       1.807368       4.178698       6.518615       7.467443       8.006049       8.401304       8.194035       6.969559       7.180751       7.400163       6.844561       7.412303       7.434516       6.58974        5.911013       5.690432       1.70141E+38    1.70141E+38    1.70141E+38    

1.70141E+38    1.70141E+38    1.70141E+38    1.70141E+38    1.70141E+38    1.70141E+38    1.70141E+38    1.70141E+38    1.70141E+38    1.70141E+38    1.70141E+38    1.70141E+38    1.70141E+38    1.70141E+38    1.70141E+38    1.70141E+38    1.70141E+38    1.70141E+38    1.70141E+38    1.70141E+38    1.70141E+38    1.70141E+38    1.70141E+38    

1.70141E+38    1.70141E+38    1.70141E+38    1.70141E+38    1.70141E+38    1.70141E+38    1.70141E+38    1.70141E+38    1.70141E+38    1.70141E+38    1.70141E+38    1.70141E+38    1.70141E+38    1.70141E+38    1.70141E+38    1.70141E+38    1.70141E+38    1.70141E+38    1.70141E+38    1.70141E+38    1.70141E+38    1.70141E+38    1.70141E+38    

1.70141E+38    1.70141E+38    1.70141E+38    1.70141E+38    1.70141E+38    1.70141E+38    1.70141E+38    1.70141E+38    1.70141E+38    1.70141E+38    1.70141E+38    1.70141E+38    1.70141E+38    1.70141E+38    1.70141E+38    1.70141E+38    1.70141E+38    1.70141E+38    1.70141E+38    1.70141E+38    1.70141E+38    1.70141E+38    1.70141E+38    

1.70141E+38    1.70141E+38    1.70141E+38    1.70141E+38    1.70141E+38    1.70141E+38    1.70141E+38    1.70141E+38    1.70141E+38    1.70141E+38    1.70141E+38    1.70141E+38    1.70141E+38    1.70141E+38    1.70141E+38    1.70141E+38    1.70141E+38    1.70141E+38    1.70141E+38    1.70141E+38    1.70141E+38    1.70141E+38    1.70141E+38    

1.70141E+38    1.70141E+38    1.70141E+38    1.70141E+38    1.70141E+38    1.70141E+38    1.70141E+38    1.70141E+38    1.70141E+38    1.70141E+38    1.70141E+38    1.70141E+38    1.70141E+38    1.70141E+38    1.70141E+38    1.70141E+38    1.70141E+38    1.70141E+38    1.70141E+38    1.70141E+38    1.70141E+38    1.70141E+38    1.70141E+38    

1.70141E+38    1.70141E+38    1.70141E+38    1.70141E+38    1.70141E+38    1.70141E+38    1.70141E+38    1.70141E+38    1.70141E+38    1.70141E+38    1.70141E+38    1.70141E+38    1.70141E+38    1.70141E+38    1.70141E+38    1.70141E+38    1.70141E+38    1.70141E+38    1.70141E+38    1.70141E+38    1.70141E+38    1.70141E+38    1.70141E+38    

1.70141E+38    1.70141E+38    1.70141E+38    1.70141E+38    1.70141E+38    1.70141E+38    1.70141E+38    1.70141E+38    1.70141E+38    1.70141E+38    1.70141E+38    1.70141E+38    1.70141E+38    1.70141E+38    1.70141E+38    1.70141E+38    1.70141E+38    1.70141E+38    1.70141E+38    1.70141E+38    1.70141E+38    1.70141E+38    1.70141E+38    

1.70141E+38    1.70141E+38    1.70141E+38    1.70141E+38    1.70141E+38    1.70141E+38    1.70141E+38    1.70141E+38    1.70141E+38    1.70141E+38    1.70141E+38    1.70141E+38    1.70141E+38    1.70141E+38    1.70141E+38    1.70141E+38    1.70141E+38    1.70141E+38    1.70141E+38    1.70141E+38    1.70141E+38    1.70141E+38    1.70141E+38    

