py_wake/examples/data/ParqueFicticio/Ridge area   Sector 9   Height 200m   Mean speed.grd
DSAA
23  33
 262878   265078
 6504214   6507414
 1.694611   11.80278
1.70141E+38    1.70141E+38    1.70141E+38    1.70141E+38    1.70141E+38    1.70141E+38    1.70141E+38    1.70141E+38    1.70141E+38    1.70141E+38    1.70141E+38    1.70141E+38    1.70141E+38    1.70141E+38    1.70141E+38    1.70141E+38    1.70141E+38    1.70141E+38    1.70141E+38    1.70141E+38    1.70141E+38    1.70141E+38    1.70141E+38    

1.70141E+38    1.70141E+38    1.70141E+38    1.70141E+38    1.70141E+38    1.70141E+38    1.70141E+38    1.70141E+38    1.70141E+38    1.70141E+38    1.70141E+38    1.70141E+38    1.70141E+38    1.70141E+38    1.70141E+38    1.70141E+38    1.70141E+38    1.70141E+38    1.70141E+38    1.70141E+38    1.70141E+38    1.70141E+38    1.70141E+38    

1.70141E+38    1.70141E+38    1.70141E+38    1.70141E+38    1.70141E+38    1.70141E+38    1.70141E+38    1.70141E+38    1.70141E+38    1.70141E+38    1.70141E+38    1.70141E+38    1.70141E+38    1.70141E+38    1.70141E+38    1.70141E+38    1.70141E+38    1.70141E+38    1.70141E+38    1.70141E+38    1.70141E+38    1.70141E+38    1.70141E+38    

1.70141E+38    1.70141E+38    1.70141E+38    1.70141E+38    1.70141E+38    1.70141E+38    1.70141E+38    1.70141E+38    1.70141E+38    1.70141E+38    1.70141E+38    1.70141E+38    1.70141E+38    1.70141E+38    1.70141E+38    1.70141E+38    1.70141E+38    1.70141E+38    1.70141E+38    1.70141E+38    1.70141E+38    1.70141E+38    1.70141E+38    

1.70141E+38    1.70141E+38    1.70141E+38    1.70141E+38    1.70141E+38    1.70141E+38    1.70141E+38    1.70141E+38    1.70141E+38    1.70141E+38    1.70141E+38    1.70141E+38    1.70141E+38    1.70141E+38    1.70141E+38    1.70141E+38    1.70141E+38    1.70141E+38    1.70141E+38    1.70141E+38    1.70141E+38    1.70141E+38    1.70141E+38    

8.474204       8.516651       8.62332        8.814342       9.053754       9.321122       9.592323       9.915145       10.24833       10.61399       10.92889       11.12984       11.1804        11.04968       10.74773       10.39955       10.05215       9.738367       9.730838       10.09972       1.70141E+38    1.70141E+38    1.70141E+38    

8.509379       8.571087       8.664478       8.823072       9.046744       9.315063       9.635719       10.0009        10.36944       10.71943       11.00865       11.16907       11.15853       10.9312        10.54477       10.18373       9.886128       9.72789        9.995854       10.45091       1.70141E+38    1.70141E+38    1.70141E+38    

8.514789       8.63627        8.780618       8.88378        9.002153       9.206879       9.505151       9.898635       10.32798       10.72395       11.02738       11.168         11.11112       10.8158        10.40253       10.07255       9.858373       9.922482       10.29511       10.69757       1.70141E+38    1.70141E+38    1.70141E+38    

8.506737       8.637159       8.802481       8.934559       9.055806       9.236576       9.494469       9.854364       10.26619       10.68503       11.02986       11.17434       11.08934       10.76827       10.38707       10.10758       9.934544       10.11109       10.54084       10.86676       1.70141E+38    1.70141E+38    1.70141E+38    

8.523855       8.647065       8.824619       8.997859       9.161154       9.399147       9.712157       10.08967       10.43874       10.77419       11.07469       11.21468       11.14744       10.88465       10.53184       10.22567       10.06276       10.28969       10.69882       10.98613       1.70141E+38    1.70141E+38    1.70141E+38    

8.673011       8.719178       8.910008       9.157967       9.390937       9.642245       9.955747       10.32403       10.6519        10.92452       11.16016       11.28607       11.24199       11.02825       10.67136       10.33147       10.27723       10.56178       10.88356       11.09687       1.70141E+38    1.70141E+38    1.70141E+38    

8.941595       8.863838       8.991775       9.271059       9.55032        9.817426       10.08333       10.39931       10.70672       10.97987       11.20939       11.34135       11.31799       11.1123        10.76789       10.53201       10.68192       10.92824       11.11793       11.19727       1.70141E+38    1.70141E+38    1.70141E+38    

9.25794        9.115391       9.053482       9.242758       9.494192       9.735948       9.970299       10.27145       10.60849       10.92974       11.21302       11.37992       11.38245       11.19823       10.90487       10.81648       11.02207       11.1988        11.27325       11.2474        1.70141E+38    1.70141E+38    1.70141E+38    

9.531398       9.430405       9.241291       9.27957        9.33902        9.523117       9.782518       10.06531       10.42887       10.83077       11.20438       11.41735       11.44754       11.29617       11.08239       11.08047       11.20855       11.29475       11.30354       11.22164       1.70141E+38    1.70141E+38    1.70141E+38    

9.731677       9.700963       9.560768       9.568268       9.515898       9.575976       9.859119       10.1885        10.54219       10.90353       11.25774       11.46172       11.49634       11.39307       11.24682       11.20906       11.22265       11.23861       11.20193       11.09361       1.70141E+38    1.70141E+38    1.70141E+38    

9.89387        9.926538       9.875527       9.882794       9.89079        9.942218       10.17103       10.46218       10.77861       11.06998       11.32617       11.4821        11.51195       11.43354       11.2964        11.16754       11.05344       10.99068       10.92896       10.81186       1.70141E+38    1.70141E+38    1.70141E+38    

10.02784       10.08249       10.06066       10.06083       10.14058       10.2727        10.46139       10.66315       10.88502       11.10758       11.30991       11.44577       11.47408       11.40558       11.24335       10.99769       10.69082       10.48286       10.41946       10.36094       1.70141E+38    1.70141E+38    1.70141E+38    

10.05199       10.09082       10.04994       10.02405       10.15202       10.314         10.50132       10.6769        10.84229       11.01371       11.20544       11.36528       11.40303       11.32541       11.13527       10.82776       10.4446        10.01393       9.660156       9.60532        1.70141E+38    1.70141E+38    1.70141E+38    

9.941887       9.920455       9.814913       9.786183       9.947603       10.15114       10.33249       10.4616        10.59571       10.77652       11.06147       11.29765       11.32578       11.20936       10.96107       10.60529       10.20812       9.506547       8.22274        7.743673       1.70141E+38    1.70141E+38    1.70141E+38    

9.664317       9.617936       9.591809       9.622992       9.766045       9.972827       10.08888       10.18306       10.38662       10.76318       11.11874       11.29609       11.24683       11.04622       10.73993       10.34496       9.695271       7.858579       6.378287       5.52553        1.70141E+38    1.70141E+38    1.70141E+38    

9.525704       9.61927        9.768122       9.916964       10.01738       10.1141        10.23932       10.41052       10.71788       11.14002       11.39003       11.39474       11.21076       10.81114       10.35169       9.831781       8.263314       6.274957       5.233234       4.700753       1.70141E+38    1.70141E+38    1.70141E+38    

9.791765       9.946723       10.04726       10.14927       10.21814       10.33138       10.51173       10.8362        11.20627       11.50166       11.58904       11.49183       11.24811       10.81408       10.05305       7.293258       4.410537       3.561107       3.411946       3.444176       1.70141E+38    1.70141E+38    1.70141E+38    

9.934362       10.03833       10.06798       10.08194       10.15442       10.36595       10.73257       11.21098       11.55412       11.71306       11.69816       11.52035       11.24336       10.89861       10.3497        7.104293       2.108322       2.173568       7.958288       1.694611       1.70141E+38    1.70141E+38    1.70141E+38    

9.882329       9.918225       9.914671       9.98032        10.20307       10.59253       11.10807       11.53407       11.7498        11.79532       11.69293       11.43178       11.13281       10.86751       10.52212       9.159858       4.658869       10.79642       9.384989       8.713863       1.70141E+38    1.70141E+38    1.70141E+38    

9.691762       9.775743       9.918313       10.20855       10.59686       11.0354        11.4305        11.69758       11.80278       11.74803       11.54586       11.21411       10.9146        10.68943       10.39065       9.647099       7.376841       3.832682       8.187001       10.82924       1.70141E+38    1.70141E+38    1.70141E+38    

1.70141E+38    1.70141E+38    1.70141E+38    1.70141E+38    1.70141E+38    1.70141E+38    1.70141E+38    1.70141E+38    1.70141E+38    1.70141E+38    1.70141E+38    1.70141E+38    1.70141E+38    1.70141E+38    1.70141E+38    1.70141E+38    1.70141E+38    1.70141E+38    1.70141E+38    1.70141E+38    1.70141E+38    1.70141E+38    1.70141E+38    

1.70141E+38    1.70141E+38    1.70141E+38    1.70141E+38    1.70141E+38    1.70141E+38    1.70141E+38    1.70141E+38    1.70141E+38    1.70141E+38    1.70141E+38    1.70141E+38    1.70141E+38    1.70141E+38    1.70141E+38    1.70141E+38    1.70141E+38    1.70141E+38    1.70141E+38    1.70141E+38    1.70141E+38    1.70141E+38    1.70141E+38    

1.70141E+38    1.70141E+38    1.70141E+38    1.70141E+38    1.70141E+38    1.70141E+38    1.70141E+38    1.70141E+38    1.70141E+38    1.70141E+38    1.70141E+38    1.70141E+38    1.70141E+38    1.70141E+38    1.70141E+38    1.70141E+38    1.70141E+38    1.70141E+38    1.70141E+38    1.70141E+38    1.70141E+38    1.70141E+38    1.70141E+38    

1.70141E+38    1.70141E+38    1.70141E+38    1.70141E+38    1.70141E+38    1.70141E+38    1.70141E+38    1.70141E+38    1.70141E+38    1.70141E+38    1.70141E+38    1.70141E+38    1.70141E+38    1.70141E+38    1.70141E+38    1.70141E+38    1.70141E+38    1.70141E+38    1.70141E+38    1.70141E+38    1.70141E+38    1.70141E+38    1.70141E+38    

1.70141E+38    1.70141E+38    1.70141E+38    1.70141E+38    1.70141E+38    1.70141E+38    1.70141E+38    1.70141E+38    1.70141E+38    1.70141E+38    1.70141E+38    1.70141E+38    1.70141E+38    1.70141E+38    1.70141E+38    1.70141E+38    1.70141E+38    1.70141E+38    1.70141E+38    1.70141E+38    1.70141E+38    1.70141E+38    1.70141E+38    

1.70141E+38    1.70141E+38    1.70141E+38    1.70141E+38    1.70141E+38    1.70141E+38    1.70141E+38    1.70141E+38    1.70141E+38    1.70141E+38    1.70141E+38    1.70141E+38    1.70141E+38    1.70141E+38    1.70141E+38    1.70141E+38    1.70141E+38    1.70141E+38    1.70141E+38    1.70141E+38    1.70141E+38    1.70141E+38    1.70141E+38    

1.70141E+38    1.70141E+38    1.70141E+38    1.70141E+38    1.70141E+38    1.70141E+38    1.70141E+38    1.70141E+38    1.70141E+38    1.70141E+38    1.70141E+38    1.70141E+38    1.70141E+38    1.70141E+38    1.70141E+38    1.70141E+38    1.70141E+38    1.70141E+38    1.70141E+38    1.70141E+38    1.70141E+38    1.70141E+38    1.70141E+38    

1.70141E+38    1.70141E+38    1.70141E+38    1.70141E+38    1.70141E+38    1.70141E+38    1.70141E+38    1.70141E+38    1.70141E+38    1.70141E+38    1.70141E+38    1.70141E+38    1.70141E+38    1.70141E+38    1.70141E+38    1.70141E+38    1.70141E+38    1.70141E+38    1.70141E+38    1.70141E+38    1.70141E+38    1.70141E+38    1.70141E+38    

