py_wake/examples/data/ParqueFicticio/Ridge area   Sector 9   Height 30m   Weibull-k.grd
DSAA
23  33
 262878   265078
 6504214   6507414
 .8144531   2.396484
1.70141E+38    1.70141E+38    1.70141E+38    1.70141E+38    1.70141E+38    1.70141E+38    1.70141E+38    1.70141E+38    1.70141E+38    1.70141E+38    1.70141E+38    1.70141E+38    1.70141E+38    1.70141E+38    1.70141E+38    1.70141E+38    1.70141E+38    1.70141E+38    1.70141E+38    1.70141E+38    1.70141E+38    1.70141E+38    1.70141E+38    

1.70141E+38    1.70141E+38    1.70141E+38    1.70141E+38    1.70141E+38    1.70141E+38    1.70141E+38    1.70141E+38    1.70141E+38    1.70141E+38    1.70141E+38    1.70141E+38    1.70141E+38    1.70141E+38    1.70141E+38    1.70141E+38    1.70141E+38    1.70141E+38    1.70141E+38    1.70141E+38    1.70141E+38    1.70141E+38    1.70141E+38    

1.70141E+38    1.70141E+38    1.70141E+38    1.70141E+38    1.70141E+38    1.70141E+38    1.70141E+38    1.70141E+38    1.70141E+38    1.70141E+38    1.70141E+38    1.70141E+38    1.70141E+38    1.70141E+38    1.70141E+38    1.70141E+38    1.70141E+38    1.70141E+38    1.70141E+38    1.70141E+38    1.70141E+38    1.70141E+38    1.70141E+38    

1.70141E+38    1.70141E+38    1.70141E+38    1.70141E+38    1.70141E+38    1.70141E+38    1.70141E+38    1.70141E+38    1.70141E+38    1.70141E+38    1.70141E+38    1.70141E+38    1.70141E+38    1.70141E+38    1.70141E+38    1.70141E+38    1.70141E+38    1.70141E+38    1.70141E+38    1.70141E+38    1.70141E+38    1.70141E+38    1.70141E+38    

1.70141E+38    1.70141E+38    1.70141E+38    1.70141E+38    1.70141E+38    1.70141E+38    1.70141E+38    1.70141E+38    1.70141E+38    1.70141E+38    1.70141E+38    1.70141E+38    1.70141E+38    1.70141E+38    1.70141E+38    1.70141E+38    1.70141E+38    1.70141E+38    1.70141E+38    1.70141E+38    1.70141E+38    1.70141E+38    1.70141E+38    

2.392578       2.388672       2.392578       2.392578       2.392578       2.388672       2.384766       2.373047       2.357422       2.330078       2.318359       2.322266       2.333984       2.373047       2.330078       2.177734       2.177734       2.177734       2.146484       2.341797       1.70141E+38    1.70141E+38    1.70141E+38    

2.396484       2.392578       2.392578       2.392578       2.388672       2.388672       2.384766       2.380859       2.369141       2.341797       2.310547       2.310547       2.333984       2.064453       2.181641       2.177734       2.177734       2.177734       2.177734       2.310547       1.70141E+38    1.70141E+38    1.70141E+38    

2.392578       2.392578       2.392578       2.388672       2.380859       2.373047       2.361328       2.349609       2.337891       2.318359       2.279297       2.279297       2.322266       1.681641       1.638672       2.177734       2.177734       2.177734       2.177734       2.240234       1.70141E+38    1.70141E+38    1.70141E+38    

2.392578       2.392578       2.392578       2.388672       2.380859       2.365234       2.337891       2.294922       2.267578       2.259766       2.248047       2.255859       2.337891       1.912109       1.517578       2.177734       2.064453       2.111328       2.177734       2.119141       1.70141E+38    1.70141E+38    1.70141E+38    

2.392578       2.392578       2.392578       2.388672       2.388672       2.384766       2.373047       2.337891       2.302734       2.287109       2.255859       2.248047       2.333984       1.763672       1.763672       1.759766       2.380859       2.380859       2.380859       2.373047       1.70141E+38    1.70141E+38    1.70141E+38    

2.373047       2.349609       2.376953       2.392578       2.388672       2.388672       2.388672       2.384766       2.369141       2.349609       2.318359       2.298828       2.341797       2.275391       1.763672       2.384766       2.349609       2.185547       2.361328       2.365234       1.70141E+38    1.70141E+38    1.70141E+38    

2.373047       2.322266       2.326172       2.349609       2.361328       2.373047       2.376953       2.388672       2.376953       2.365234       2.341797       2.318359       2.345703       2.052734       2.181641       2.193359       1.716797       1.626953       2.111328       2.287109       1.70141E+38    1.70141E+38    1.70141E+38    

2.376953       2.330078       2.146484       2.287109       2.330078       2.353516       2.373047       2.373047       2.357422       2.345703       2.326172       2.298828       2.330078       2.330078       2.181641       2.177734       1.892578       2.033203       2.095703       2.111328       1.70141E+38    1.70141E+38    1.70141E+38    

2.388672       2.373047       1.654297       1.869141       1.998047       2.275391       2.318359       2.271484       2.232422       2.267578       2.287109       2.275391       2.322266       2.365234       2.181641       1.771484       2.306641       2.310547       2.287109       2.244141       1.70141E+38    1.70141E+38    1.70141E+38    

2.392578       2.392578       2.185547       2.205078       2.154297       2.271484       2.326172       2.333984       2.326172       2.306641       2.302734       2.298828       2.326172       2.369141       1.330078       1.638672       2.017578       2.279297       2.349609       2.349609       1.70141E+38    1.70141E+38    1.70141E+38    

2.392578       2.392578       2.353516       2.353516       2.318359       2.248047       2.310547       2.345703       2.361328       2.361328       2.361328       2.337891       2.341797       2.369141       2.345703       2.205078       2.107422       2.248047       2.361328       2.380859       1.70141E+38    1.70141E+38    1.70141E+38    

2.373047       2.369141       2.349609       2.345703       2.345703       2.341797       2.337891       2.341797       2.349609       2.357422       2.373047       2.345703       2.341797       2.361328       2.376953       2.380859       2.380859       2.310547       2.306641       2.279297       1.70141E+38    1.70141E+38    1.70141E+38    

2.361328       2.369141       2.361328       2.345703       2.349609       2.345703       2.341797       2.341797       2.353516       2.369141       2.357422       2.337891       2.337891       2.357422       2.369141       1.759766       1.615234       2.255859       1.486328       2.357422       1.70141E+38    1.70141E+38    1.70141E+38    

2.361328       2.376953       2.263672       1.951172       2.107422       2.259766       2.306641       2.283203       2.166016       2.013672       2.173828       2.318359       2.353516       2.373047       1.951172       1.416016       1.962891       1.931641       2.330078       2.380859       1.70141E+38    1.70141E+38    1.70141E+38    

2.287109       1.830078       1.662109       2.259766       2.287109       2.341797       2.341797       2.337891       2.337891       1.916016       2.208984       2.314453       2.357422       2.275391       2.333984       .9863281       .9667969       2.330078       2.380859       2.380859       1.70141E+38    1.70141E+38    1.70141E+38    

2.224609       2.166016       2.271484       2.314453       2.291016       2.173828       2.052734       2.017578       2.103516       2.267578       2.244141       2.228516       2.232422       2.333984       1.318359       1.126953       2.330078       2.177734       2.177734       1.654297       1.70141E+38    1.70141E+38    1.70141E+38    

2.369141       2.361328       2.353516       2.353516       2.361328       2.369141       2.353516       2.330078       2.287109       2.271484       2.255859       2.208984       1.951172       2.181641       2.181641       2.177734       2.177734       2.177734       2.177734       2.177734       1.70141E+38    1.70141E+38    1.70141E+38    

2.345703       2.349609       2.357422       2.376953       2.380859       2.369141       2.353516       2.326172       2.314453       2.294922       2.251953       2.185547       1.814453       2.181641       2.181641       2.177734       2.177734       2.177734       2.177734       2.177734       1.70141E+38    1.70141E+38    1.70141E+38    

2.349609       2.369141       2.373047       2.357422       2.357422       2.365234       2.302734       2.302734       2.294922       2.279297       2.216797       1.943359       1.705078       1.326172       2.181641       2.177734       2.177734       2.177734       2.177734       2.177734       1.70141E+38    1.70141E+38    1.70141E+38    

2.349609       2.333984       2.353516       2.384766       2.341797       2.326172       2.318359       2.298828       2.279297       2.255859       2.271484       2.384766       1.482422       1.330078       1.068359       .8144531       2.330078       2.330078       2.177734       2.177734       1.70141E+38    1.70141E+38    1.70141E+38    

1.70141E+38    1.70141E+38    1.70141E+38    1.70141E+38    1.70141E+38    1.70141E+38    1.70141E+38    1.70141E+38    1.70141E+38    1.70141E+38    1.70141E+38    1.70141E+38    1.70141E+38    1.70141E+38    1.70141E+38    1.70141E+38    1.70141E+38    1.70141E+38    1.70141E+38    1.70141E+38    1.70141E+38    1.70141E+38    1.70141E+38    

1.70141E+38    1.70141E+38    1.70141E+38    1.70141E+38    1.70141E+38    1.70141E+38    1.70141E+38    1.70141E+38    1.70141E+38    1.70141E+38    1.70141E+38    1.70141E+38    1.70141E+38    1.70141E+38    1.70141E+38    1.70141E+38    1.70141E+38    1.70141E+38    1.70141E+38    1.70141E+38    1.70141E+38    1.70141E+38    1.70141E+38    

1.70141E+38    1.70141E+38    1.70141E+38    1.70141E+38    1.70141E+38    1.70141E+38    1.70141E+38    1.70141E+38    1.70141E+38    1.70141E+38    1.70141E+38    1.70141E+38    1.70141E+38    1.70141E+38    1.70141E+38    1.70141E+38    1.70141E+38    1.70141E+38    1.70141E+38    1.70141E+38    1.70141E+38    1.70141E+38    1.70141E+38    

1.70141E+38    1.70141E+38    1.70141E+38    1.70141E+38    1.70141E+38    1.70141E+38    1.70141E+38    1.70141E+38    1.70141E+38    1.70141E+38    1.70141E+38    1.70141E+38    1.70141E+38    1.70141E+38    1.70141E+38    1.70141E+38    1.70141E+38    1.70141E+38    1.70141E+38    1.70141E+38    1.70141E+38    1.70141E+38    1.70141E+38    

1.70141E+38    1.70141E+38    1.70141E+38    1.70141E+38    1.70141E+38    1.70141E+38    1.70141E+38    1.70141E+38    1.70141E+38    1.70141E+38    1.70141E+38    1.70141E+38    1.70141E+38    1.70141E+38    1.70141E+38    1.70141E+38    1.70141E+38    1.70141E+38    1.70141E+38    1.70141E+38    1.70141E+38    1.70141E+38    1.70141E+38    

1.70141E+38    1.70141E+38    1.70141E+38    1.70141E+38    1.70141E+38    1.70141E+38    1.70141E+38    1.70141E+38    1.70141E+38    1.70141E+38    1.70141E+38    1.70141E+38    1.70141E+38    1.70141E+38    1.70141E+38    1.70141E+38    1.70141E+38    1.70141E+38    1.70141E+38    1.70141E+38    1.70141E+38    1.70141E+38    1.70141E+38    

1.70141E+38    1.70141E+38    1.70141E+38    1.70141E+38    1.70141E+38    1.70141E+38    1.70141E+38    1.70141E+38    1.70141E+38    1.70141E+38    1.70141E+38    1.70141E+38    1.70141E+38    1.70141E+38    1.70141E+38    1.70141E+38    1.70141E+38    1.70141E+38    1.70141E+38    1.70141E+38    1.70141E+38    1.70141E+38    1.70141E+38    

1.70141E+38    1.70141E+38    1.70141E+38    1.70141E+38    1.70141E+38    1.70141E+38    1.70141E+38    1.70141E+38    1.70141E+38    1.70141E+38    1.70141E+38    1.70141E+38    1.70141E+38    1.70141E+38    1.70141E+38    1.70141E+38    1.70141E+38    1.70141E+38    1.70141E+38    1.70141E+38    1.70141E+38    1.70141E+38    1.70141E+38    

