py_wake/tests/test_files/wasp_grid_site/one_layer/Ridge area   Sector All   Height 30m   Mean speed2.grd
DSAA
23  33
 262878   265078
 6504214   6507414
 .4070356   5.140968
1.70141E+38    1.70141E+38    1.70141E+38    1.70141E+38    1.70141E+38    1.70141E+38    1.70141E+38    1.70141E+38    1.70141E+38    1.70141E+38    1.70141E+38    1.70141E+38    1.70141E+38    1.70141E+38    1.70141E+38    1.70141E+38    1.70141E+38    1.70141E+38    1.70141E+38    1.70141E+38    1.70141E+38    1.70141E+38    1.70141E+38    

1.70141E+38    1.70141E+38    1.70141E+38    1.70141E+38    1.70141E+38    1.70141E+38    1.70141E+38    1.70141E+38    1.70141E+38    1.70141E+38    1.70141E+38    1.70141E+38    1.70141E+38    1.70141E+38    1.70141E+38    1.70141E+38    1.70141E+38    1.70141E+38    1.70141E+38    1.70141E+38    1.70141E+38    1.70141E+38    1.70141E+38    

1.70141E+38    1.70141E+38    1.70141E+38    1.70141E+38    1.70141E+38    1.70141E+38    1.70141E+38    1.70141E+38    1.70141E+38    1.70141E+38    1.70141E+38    1.70141E+38    1.70141E+38    1.70141E+38    1.70141E+38    1.70141E+38    1.70141E+38    1.70141E+38    1.70141E+38    1.70141E+38    1.70141E+38    1.70141E+38    1.70141E+38    

1.70141E+38    1.70141E+38    1.70141E+38    1.70141E+38    1.70141E+38    1.70141E+38    1.70141E+38    1.70141E+38    1.70141E+38    1.70141E+38    1.70141E+38    1.70141E+38    1.70141E+38    1.70141E+38    1.70141E+38    1.70141E+38    1.70141E+38    1.70141E+38    1.70141E+38    1.70141E+38    1.70141E+38    1.70141E+38    1.70141E+38    

1.70141E+38    1.70141E+38    1.70141E+38    1.70141E+38    1.70141E+38    1.70141E+38    1.70141E+38    1.70141E+38    1.70141E+38    1.70141E+38    1.70141E+38    1.70141E+38    1.70141E+38    1.70141E+38    1.70141E+38    1.70141E+38    1.70141E+38    1.70141E+38    1.70141E+38    1.70141E+38    1.70141E+38    1.70141E+38    1.70141E+38    

2.028012       1.954614       2.204291       2.547838       2.776937       3.020468       2.944517       2.898618       2.875341       2.992712       3.035552       3.007864       3.047802       2.70436        1.853303       1.321235       1.085953       1.240447       1.412208       1.771765       1.70141E+38    1.70141E+38    1.70141E+38    

2.061727       1.954025       2.08249        2.29082        2.503392       2.722946       2.833751       3.038844       3.315187       3.397242       3.322117       3.231359       3.056491       2.505507       1.354389       1.074858       .9829247       1.343041       1.527093       1.941299       1.70141E+38    1.70141E+38    1.70141E+38    

1.893813       1.973289       2.280338       2.295202       2.162681       2.095124       1.973654       2.069559       2.509666       2.974349       3.225155       3.143649       2.822642       2.277147       1.608495       .877279        1.037219       1.363195       1.355528       2.233987       1.70141E+38    1.70141E+38    1.70141E+38    

1.558834       1.6944         2.134872       2.300203       2.240335       2.082719       1.805725       1.543568       1.611376       2.101608       2.79161        3.134822       2.683255       2.153777       1.659488       .8030239       1.073803       1.581438       1.582246       2.50638        1.70141E+38    1.70141E+38    1.70141E+38    

1.148961       1.384977       1.943757       2.220785       2.32748        2.434431       2.482628       2.459785       2.225438       2.283482       2.683969       3.074363       2.945577       2.692841       2.213867       1.337047       1.323941       .768038        1.332042       2.678741       1.70141E+38    1.70141E+38    1.70141E+38    

.9548106       1.103575       1.843067       2.417236       2.752656       3.013265       3.279252       3.544785       3.622012       3.484358       3.392975       3.483273       3.417158       3.275658       2.717254       1.25955        .7026045       .5662797       1.391051       3.040715       1.70141E+38    1.70141E+38    1.70141E+38    

1.205435       .5871369       1.353734       2.357493       3.040574       3.559455       3.781502       3.910105       4.023743       4.072784       3.953753       3.855729       3.682955       3.348398       2.739953       2.398284       1.381572       1.747326       2.949785       3.722504       1.70141E+38    1.70141E+38    1.70141E+38    

2.103726       .4070356       .763589        1.39586        1.985884       2.513915       2.695991       2.849577       3.13955        3.475296       3.745867       3.886008       3.806354       3.390282       2.557709       3.045465       3.521171       4.180218       4.431082       4.451881       1.70141E+38    1.70141E+38    1.70141E+38    

3.273122       2.043749       .8171067       .8752668       .8194227       1.234438       1.743528       1.747501       1.921252       2.429619       3.222616       3.806252       3.820956       3.451421       3.139089       3.700653       4.495595       4.977627       5.140968       5.040547       1.70141E+38    1.70141E+38    1.70141E+38    

3.841237       3.268239       2.081935       1.72965        .6403939       1.071325       2.063219       2.480446       2.593409       2.715936       3.313509       3.942456       4.086886       3.863491       3.765732       4.101303       4.469455       4.718997       4.881094       4.990095       1.70141E+38    1.70141E+38    1.70141E+38    

4.204693       4.098083       3.730776       3.613465       3.065164       2.601338       3.209308       3.58865        3.841446       3.998606       4.202762       4.371214       4.476422       4.382102       4.323522       4.007488       3.578564       3.665393       3.891548       4.075817       1.70141E+38    1.70141E+38    1.70141E+38    

4.710469       4.73923        4.702493       4.584166       4.452184       4.410235       4.445183       4.445788       4.467407       4.46802        4.464509       4.50417        4.455646       4.553697       4.389963       3.592619       1.858517       2.072353       2.665624       3.145068       1.70141E+38    1.70141E+38    1.70141E+38    

4.279107       4.395334       4.215281       3.835032       4.090349       4.261959       4.36503        4.358221       4.183003       3.843212       3.759412       4.110768       4.393641       4.497963       4.42993        2.820735       1.8937         1.701367       1.848325       2.111853       1.70141E+38    1.70141E+38    1.70141E+38    

3.462922       3.102968       2.504391       2.036896       2.340793       2.808547       2.945536       2.823035       2.552847       2.209566       2.477288       3.701202       4.291741       4.402414       4.157584       3.724482       2.400816       1.95567        1.568113       1.699481       1.70141E+38    1.70141E+38    1.70141E+38    

2.423006       1.859112       1.358338       .9425851       1.030217       1.843587       1.673186       1.161739       1.003959       1.791188       2.660474       3.874278       4.161738       4.134552       3.962977       3.624171       3.177252       2.686035       2.128243       1.364924       1.70141E+38    1.70141E+38    1.70141E+38    

2.26183        1.98279        2.343081       2.633784       2.821434       2.811913       2.633667       2.269036       2.177866       3.084085       3.935962       4.283593       4.181753       3.538986       3.215683       3.283643       3.360072       3.287972       2.911104       2.428558       1.70141E+38    1.70141E+38    1.70141E+38    

3.556007       3.82365        3.996978       4.127792       3.991016       3.862772       3.616822       3.668351       3.703851       4.191569       4.607281       4.635311       4.316506       3.689613       2.811728       2.392221       2.592434       3.046174       3.395178       3.370585       1.70141E+38    1.70141E+38    1.70141E+38    

4.025765       4.03717        3.786646       3.340603       3.018694       2.918826       3.136593       3.966734       4.488442       4.703536       4.68649        4.446728       4.333978       4.181471       3.679128       2.820257       1.68512        1.503598       2.273636       2.906299       1.70141E+38    1.70141E+38    1.70141E+38    

3.469577       3.18748        2.849462       2.56859        2.472436       2.717633       3.462465       4.211082       4.575973       4.609348       4.236836       3.735073       3.728146       3.969392       4.035773       3.861663       3.190743       1.620495       1.229676       1.510021       1.70141E+38    1.70141E+38    1.70141E+38    

2.629103       2.666041       2.736264       3.159272       3.628332       4.014574       4.369326       4.462279       4.359419       4.091155       3.657486       3.142112       3.032654       3.214548       3.423601       3.862007       4.013672       3.494197       2.212892       1.260197       1.70141E+38    1.70141E+38    1.70141E+38    

1.70141E+38    1.70141E+38    1.70141E+38    1.70141E+38    1.70141E+38    1.70141E+38    1.70141E+38    1.70141E+38    1.70141E+38    1.70141E+38    1.70141E+38    1.70141E+38    1.70141E+38    1.70141E+38    1.70141E+38    1.70141E+38    1.70141E+38    1.70141E+38    1.70141E+38    1.70141E+38    1.70141E+38    1.70141E+38    1.70141E+38    

1.70141E+38    1.70141E+38    1.70141E+38    1.70141E+38    1.70141E+38    1.70141E+38    1.70141E+38    1.70141E+38    1.70141E+38    1.70141E+38    1.70141E+38    1.70141E+38    1.70141E+38    1.70141E+38    1.70141E+38    1.70141E+38    1.70141E+38    1.70141E+38    1.70141E+38    1.70141E+38    1.70141E+38    1.70141E+38    1.70141E+38    

1.70141E+38    1.70141E+38    1.70141E+38    1.70141E+38    1.70141E+38    1.70141E+38    1.70141E+38    1.70141E+38    1.70141E+38    1.70141E+38    1.70141E+38    1.70141E+38    1.70141E+38    1.70141E+38    1.70141E+38    1.70141E+38    1.70141E+38    1.70141E+38    1.70141E+38    1.70141E+38    1.70141E+38    1.70141E+38    1.70141E+38    

1.70141E+38    1.70141E+38    1.70141E+38    1.70141E+38    1.70141E+38    1.70141E+38    1.70141E+38    1.70141E+38    1.70141E+38    1.70141E+38    1.70141E+38    1.70141E+38    1.70141E+38    1.70141E+38    1.70141E+38    1.70141E+38    1.70141E+38    1.70141E+38    1.70141E+38    1.70141E+38    1.70141E+38    1.70141E+38    1.70141E+38    

1.70141E+38    1.70141E+38    1.70141E+38    1.70141E+38    1.70141E+38    1.70141E+38    1.70141E+38    1.70141E+38    1.70141E+38    1.70141E+38    1.70141E+38    1.70141E+38    1.70141E+38    1.70141E+38    1.70141E+38    1.70141E+38    1.70141E+38    1.70141E+38    1.70141E+38    1.70141E+38    1.70141E+38    1.70141E+38    1.70141E+38    

1.70141E+38    1.70141E+38    1.70141E+38    1.70141E+38    1.70141E+38    1.70141E+38    1.70141E+38    1.70141E+38    1.70141E+38    1.70141E+38    1.70141E+38    1.70141E+38    1.70141E+38    1.70141E+38    1.70141E+38    1.70141E+38    1.70141E+38    1.70141E+38    1.70141E+38    1.70141E+38    1.70141E+38    1.70141E+38    1.70141E+38    

1.70141E+38    1.70141E+38    1.70141E+38    1.70141E+38    1.70141E+38    1.70141E+38    1.70141E+38    1.70141E+38    1.70141E+38    1.70141E+38    1.70141E+38    1.70141E+38    1.70141E+38    1.70141E+38    1.70141E+38    1.70141E+38    1.70141E+38    1.70141E+38    1.70141E+38    1.70141E+38    1.70141E+38    1.70141E+38    1.70141E+38    

1.70141E+38    1.70141E+38    1.70141E+38    1.70141E+38    1.70141E+38    1.70141E+38    1.70141E+38    1.70141E+38    1.70141E+38    1.70141E+38    1.70141E+38    1.70141E+38    1.70141E+38    1.70141E+38    1.70141E+38    1.70141E+38    1.70141E+38    1.70141E+38    1.70141E+38    1.70141E+38    1.70141E+38    1.70141E+38    1.70141E+38    

