py_wake/tests/test_files/wasp_grid_site/one_layer/Ridge area   Sector 1   Height 30m   Turbulence intensity.grd
DSAA
23  33
 262878   265078
 6504214   6507414
 13.10065   100
1.70141E+38    1.70141E+38    1.70141E+38    1.70141E+38    1.70141E+38    1.70141E+38    1.70141E+38    1.70141E+38    1.70141E+38    1.70141E+38    1.70141E+38    1.70141E+38    1.70141E+38    1.70141E+38    1.70141E+38    1.70141E+38    1.70141E+38    1.70141E+38    1.70141E+38    1.70141E+38    1.70141E+38    1.70141E+38    1.70141E+38    

1.70141E+38    1.70141E+38    1.70141E+38    1.70141E+38    1.70141E+38    1.70141E+38    1.70141E+38    1.70141E+38    1.70141E+38    1.70141E+38    1.70141E+38    1.70141E+38    1.70141E+38    1.70141E+38    1.70141E+38    1.70141E+38    1.70141E+38    1.70141E+38    1.70141E+38    1.70141E+38    1.70141E+38    1.70141E+38    1.70141E+38    

1.70141E+38    1.70141E+38    1.70141E+38    1.70141E+38    1.70141E+38    1.70141E+38    1.70141E+38    1.70141E+38    1.70141E+38    1.70141E+38    1.70141E+38    1.70141E+38    1.70141E+38    1.70141E+38    1.70141E+38    1.70141E+38    1.70141E+38    1.70141E+38    1.70141E+38    1.70141E+38    1.70141E+38    1.70141E+38    1.70141E+38    

1.70141E+38    1.70141E+38    1.70141E+38    1.70141E+38    1.70141E+38    1.70141E+38    1.70141E+38    1.70141E+38    1.70141E+38    1.70141E+38    1.70141E+38    1.70141E+38    1.70141E+38    1.70141E+38    1.70141E+38    1.70141E+38    1.70141E+38    1.70141E+38    1.70141E+38    1.70141E+38    1.70141E+38    1.70141E+38    1.70141E+38    

1.70141E+38    1.70141E+38    1.70141E+38    1.70141E+38    1.70141E+38    1.70141E+38    1.70141E+38    1.70141E+38    1.70141E+38    1.70141E+38    1.70141E+38    1.70141E+38    1.70141E+38    1.70141E+38    1.70141E+38    1.70141E+38    1.70141E+38    1.70141E+38    1.70141E+38    1.70141E+38    1.70141E+38    1.70141E+38    1.70141E+38    

30.18111       32.09929       29.39854       25.64184       23.95751       22.62522       23.09717       22.96373       22.58371       20.97478       20.10092       20.07299       20.4279        24.05747       46.03293       56.97607       66.55231       67.87997       63.47132       45.42354       1.70141E+38    1.70141E+38    1.70141E+38    

31.03426       32.71442       30.78954       28.20116       26.75137       25.6614        25.40325       23.81451       21.29136       19.84643       19.44485       19.47547       20.64735       25.61112       54.1261        64.17607       75.54082       72.01434       66.51787       35.07427       1.70141E+38    1.70141E+38    1.70141E+38    

34.94177       34.17152       29.59726       28.55168       30.46278       32.46449       36.3065        36.36007       30.38172       24.51127       21.17969       20.72893       22.68233       27.95929       41.66412       73.50274       74.51677       75.50053       57.35474       31.36906       1.70141E+38    1.70141E+38    1.70141E+38    

43.13578       41.09488       33.26593       29.97171       30.28371       32.09818       37.54609       46.02527       46.55646       35.47974       24.91808       20.96561       23.51403       28.4902        38.5411        74.52374       71.76221       76.2505        49.72383       29.00121       1.70141E+38    1.70141E+38    1.70141E+38    

57.76001       50.84042       36.78549       31.53475       29.86076       28.28755       27.40721       27.46166       31.40573       30.47389       24.74071       20.74459       20.68855       21.81838       27.96086       44.3892        80.21497       85.51754       58.58703       27.49454       1.70141E+38    1.70141E+38    1.70141E+38    

69.25198       65.07997       40.83262       30.31821       26.32963       23.43635       21.13601       19.26733       18.58508       18.94793       18.77081       17.90875       17.67621       18.16033       23.1217        54.81118       93.38495       100            56.99399       23.70373       1.70141E+38    1.70141E+38    1.70141E+38    

56.74762       100            62.37701       35.29329       26.66319       21.50122       19.84597       18.84884       18.01345       17.13977       16.79648       16.52815       16.67282       18.14565       24.62507       36.4546        60.40575       47.40313       25.78094       18.44354       1.70141E+38    1.70141E+38    1.70141E+38    

30.70268       100            100            63.73164       45.44045       34.03708       30.55781       28.43483       25.25998       21.75475       18.67012       16.85246       16.23992       17.92413       24.81997       26.32907       21.22305       17.15114       15.74325       15.1651        1.70141E+38    1.70141E+38    1.70141E+38    

18.4524        35.01837       93.70728       91.31486       100            67.31544       46.78958       45.9126        41.67528       32.2284        22.00793       16.9722        16.09716       17.33469       19.29425       18.6469        16.46706       14.95556       14.13255       13.83538       1.70141E+38    1.70141E+38    1.70141E+38    

15.8521        20.14539       36.63363       45.93956       100            74.44092       36.79907       28.78697       27.26244       26.08932       20.06877       15.97725       14.82589       14.99676       16.27993       17.53037       17.47001       16.5545        15.42763       14.38781       1.70141E+38    1.70141E+38    1.70141E+38    

14.76861       15.98097       18.11042       18.69371       23.14105       28.12581       21.05373       18.50486       17.44751       16.82914       15.51711       14.41825       13.62814       13.40113       14.09772       17.50309       21.94073       21.81256       19.76764       17.66591       1.70141E+38    1.70141E+38    1.70141E+38    

13.68355       14.35349       15.01795       15.66005       16.10829       15.92665       15.41207       15.56568       15.94671       16.1634        15.5568        14.56711       14.08503       13.40254       13.93556       18.12443       44.52561       38.74292       28.01714       22.90944       1.70141E+38    1.70141E+38    1.70141E+38    

15.60455       16.17417       17.97549       20.31581       18.59659       17.3917        16.67471       16.9747        18.49958       20.66638       20.07699       16.45955       14.6051        14.11529       14.2361        20.03607       38.71822       51.2571        39.46848       42.78071       1.70141E+38    1.70141E+38    1.70141E+38    

20.16187       24.12442       32.59969       39.64205       34.30834       27.73904       26.3405        28.19845       32.80676       37.81248       31.8653        18.12494       15.3287        15.02957       15.70091       17.47653       31.73905       41.38843       56.71776       54.94617       1.70141E+38    1.70141E+38    1.70141E+38    

28.97302       41.46605       58.56282       74.03087       71.17145       40.94549       46.79316       90.47723       98.23562       45.13807       27.08349       16.58325       15.81317       16.53351       17.23452       18.53743       21.01973       36.19729       41.81709       58.45694       1.70141E+38    1.70141E+38    1.70141E+38    

27.92044       34.07356       28.69911       25.20274       23.51799       23.90653       25.95766       31.21597       33.45828       22.00529       15.9169        14.79024       15.40781       19.13209       22.2414        21.87927       20.7893        20.82816       22.9961        26.42822       1.70141E+38    1.70141E+38    1.70141E+38    

15.75434       15.25442       15.06131       14.94079       16.14038       17.12194       18.54869       16.55236       16.20357       14.75159       13.89685       13.98081       14.8404        17.0746        24.34668       31.55822       29.80901       24.83151       20.80693       19.93202       1.70141E+38    1.70141E+38    1.70141E+38    

14.70568       15.2137        16.71848       19.73146       23.57978       25.9636        21.88639       14.92712       13.59147       13.48858       13.80565       14.86436       15.24196       15.27615       16.64129       23.4344        45.23367       55.97219       35.92195       25.23816       1.70141E+38    1.70141E+38    1.70141E+38    

17.85396       19.85919       22.78673       25.62594       25.97057       23.94456       16.94763       14.07714       13.72312       13.96402       15.12657       17.41558       17.87744       16.66026       15.8225        16.12418       19.86953       45.70498       71.8611        53.68848       1.70141E+38    1.70141E+38    1.70141E+38    

22.13363       22.02306       21.5037        17.53882       14.7444        13.65493       13.10065       13.41239       14.4342        15.45257       16.74433       19.91341       21.83301       20.65841       18.80442       16.62901       16.70272       19.78505       30.97056       57.02015       1.70141E+38    1.70141E+38    1.70141E+38    

1.70141E+38    1.70141E+38    1.70141E+38    1.70141E+38    1.70141E+38    1.70141E+38    1.70141E+38    1.70141E+38    1.70141E+38    1.70141E+38    1.70141E+38    1.70141E+38    1.70141E+38    1.70141E+38    1.70141E+38    1.70141E+38    1.70141E+38    1.70141E+38    1.70141E+38    1.70141E+38    1.70141E+38    1.70141E+38    1.70141E+38    

1.70141E+38    1.70141E+38    1.70141E+38    1.70141E+38    1.70141E+38    1.70141E+38    1.70141E+38    1.70141E+38    1.70141E+38    1.70141E+38    1.70141E+38    1.70141E+38    1.70141E+38    1.70141E+38    1.70141E+38    1.70141E+38    1.70141E+38    1.70141E+38    1.70141E+38    1.70141E+38    1.70141E+38    1.70141E+38    1.70141E+38    

1.70141E+38    1.70141E+38    1.70141E+38    1.70141E+38    1.70141E+38    1.70141E+38    1.70141E+38    1.70141E+38    1.70141E+38    1.70141E+38    1.70141E+38    1.70141E+38    1.70141E+38    1.70141E+38    1.70141E+38    1.70141E+38    1.70141E+38    1.70141E+38    1.70141E+38    1.70141E+38    1.70141E+38    1.70141E+38    1.70141E+38    

1.70141E+38    1.70141E+38    1.70141E+38    1.70141E+38    1.70141E+38    1.70141E+38    1.70141E+38    1.70141E+38    1.70141E+38    1.70141E+38    1.70141E+38    1.70141E+38    1.70141E+38    1.70141E+38    1.70141E+38    1.70141E+38    1.70141E+38    1.70141E+38    1.70141E+38    1.70141E+38    1.70141E+38    1.70141E+38    1.70141E+38    

1.70141E+38    1.70141E+38    1.70141E+38    1.70141E+38    1.70141E+38    1.70141E+38    1.70141E+38    1.70141E+38    1.70141E+38    1.70141E+38    1.70141E+38    1.70141E+38    1.70141E+38    1.70141E+38    1.70141E+38    1.70141E+38    1.70141E+38    1.70141E+38    1.70141E+38    1.70141E+38    1.70141E+38    1.70141E+38    1.70141E+38    

1.70141E+38    1.70141E+38    1.70141E+38    1.70141E+38    1.70141E+38    1.70141E+38    1.70141E+38    1.70141E+38    1.70141E+38    1.70141E+38    1.70141E+38    1.70141E+38    1.70141E+38    1.70141E+38    1.70141E+38    1.70141E+38    1.70141E+38    1.70141E+38    1.70141E+38    1.70141E+38    1.70141E+38    1.70141E+38    1.70141E+38    

1.70141E+38    1.70141E+38    1.70141E+38    1.70141E+38    1.70141E+38    1.70141E+38    1.70141E+38    1.70141E+38    1.70141E+38    1.70141E+38    1.70141E+38    1.70141E+38    1.70141E+38    1.70141E+38    1.70141E+38    1.70141E+38    1.70141E+38    1.70141E+38    1.70141E+38    1.70141E+38    1.70141E+38    1.70141E+38    1.70141E+38    

1.70141E+38    1.70141E+38    1.70141E+38    1.70141E+38    1.70141E+38    1.70141E+38    1.70141E+38    1.70141E+38    1.70141E+38    1.70141E+38    1.70141E+38    1.70141E+38    1.70141E+38    1.70141E+38    1.70141E+38    1.70141E+38    1.70141E+38    1.70141E+38    1.70141E+38    1.70141E+38    1.70141E+38    1.70141E+38    1.70141E+38    

